 1.2522411 0.36289212 0.09482754 0.26131055 0.28979412 3.0021527 18.421053
 13.623359 14.157013 13.550605 0.95716554 1.039172 8.32514 6.818182
 11.0107975 6.0886645 4.2035003 0.69038135 0.5529722 8.267904 13.636364
 4.236504 1.5013514 1.1084015 0.73826927 0.35438448 4.3389955 11.538462
 92.31776 65.39879 56.588924 0.86529016 0.7084096 4.523997 9.615385
 42.383762 37.3176 34.579475 0.9266264 0.8804693 8.104347 12.5
 12.7047615 11.037544 10.402278 0.942445 0.8687722 8.431912 7.9545455
 16.122128 15.645831 14.83482 0.9481644 0.97045696 8.250517 12.5
 10.056223 5.6087556 5.0995708 0.9092161 0.5577398 10.001981 13.636364
 10.68429 10.777394 10.278627 0.9537209 1.0087141 8.634957 4.7619047
 21.008596 19.904718 18.632868 0.93610305 0.9474559 8.990067 6.818182
 22.820902 22.221704 21.152536 0.9518863 0.9737435 8.789605 7.9545455
 91.255196 92.87357 88.35105 0.9513045 1.0177346 8.756286 5.681818
 7.2158484 7.4516516 7.170921 0.96232635 1.0326785 8.833318 7.9545455
 16.277409 16.809456 15.673378 0.9324144 1.0326862 9.059507 12.5
 97.368866 84.60256 79.77807 0.9429746 0.86888725 8.526015 14.772727
 50.67888 36.687286 33.268578 0.9068149 0.7239167 8.240613 15.909091
 9.134513 9.091702 8.579796 0.9436952 0.9953134 8.908615 7.9545455
 11.837779 5.7897177 3.7474768 0.6472642 0.48908815 6.993309 13.636364
 13.321414 13.256595 12.437874 0.93824047 0.99513423 8.580596 11.363636
 106.91646 80.41785 75.081406 0.933641 0.75215596 8.573106 13.636364
 37.174736 32.423283 30.22025 0.9320539 0.872186 9.258213 6.818182
 10.109354 10.051262 9.631778 0.9582655 0.9942537 8.764693 17.045454
 13.445293 9.190518 7.9374037 0.86365134 0.6835491 7.0073414 14.772727
 7.774371 6.011423 5.4952574 0.9141359 0.7732359 8.996098 12.5
 9.584904 8.797281 8.280788 0.94128954 0.9178267 9.007644 9.090909
 12.40546 11.315237 10.573148 0.9344168 0.9121175 9.102703 14.772727
 96.07208 69.8543 65.504135 0.9377251 0.72710305 8.651932 15.909091
 15.080721 13.786452 13.029179 0.94507116 0.9141773 8.483185 12.5
 68.80342 56.542126 53.07813 0.938736 0.8217924 8.758999 14.772727
 13.23052 8.886547 7.7703505 0.87439483 0.67167026 7.9737873 12.5
 55.019012 49.87753 46.822834 0.9387561 0.90655077 8.668877 12.5
 27.60918 25.083275 23.70597 0.9450907 0.9085121 9.14233 15.909091
 16.491468 17.436821 16.550379 0.9491626 1.0573237 9.159013 10.227273
 11.926532 6.347332 5.4603286 0.86025566 0.5322027 7.7625804 14.772727
 27.207958 26.35887 24.880753 0.94392335 0.9687926 8.8186865 7.9545455
 23.38716 22.60408 21.480188 0.95027924 0.9665167 8.818052 6.818182
 1.7131655 0.4796568 0.08770816 0.18285608 0.27998275 1.7042539 18.421053
 15.735634 15.7822485 14.97098 0.9485961 1.0029624 8.789967 10.227273
 19.619085 18.614067 17.589201 0.9449413 0.9487734 9.972204 6.818182
 99.72169 72.44499 64.5584 0.8911369 0.7264718 5.1424327 14.285714
 34.17912 14.968092 8.581986 0.5733521 0.43793085 3.7068455 15.909091
 22.780205 10.572386 9.401465 0.88924736 0.4641041 8.069824 15.909091
 14.379237 13.724305 12.970346 0.94506395 0.954453 8.497892 11.363636
 1.293256 0.41197762 0.062656544 0.15208726 0.31855842 1.6570452 21.875
 113.04949 97.15323 69.64655 0.7168732 0.85938674 9.018485 4.5454545
 7.958141 8.238778 7.5624127 0.9179046 1.0352643 5.07851 8.928572
 113.54002 85.08073 79.511635 0.9345434 0.7493457 8.620891 15.909091
 14.367882 14.435102 13.724968 0.950805 1.0046785 8.5842 7.9545455
 53.843357 31.2963 26.96042 0.8614571 0.5812472 4.9966273 16.071428
 4.9864826 1.2485708 0.51692426 0.41401276 0.25039107 3.4641626 19.318182
 12.662163 12.883244 12.209696 0.9477191 1.01746 8.541845 5.681818
 14.550649 14.42316 13.623236 0.94453895 0.9912382 8.73426 7.9545455
 15.059302 14.2753 13.478077 0.9441537 0.947939 8.763092 13.636364
 78.65552 65.200264 61.325382 0.9405695 0.82893443 8.352417 11.363636
 96.08748 95.97596 88.64254 0.9235911 0.99883944 6.288056 3.125
 14.817597 14.566705 13.89624 0.95397276 0.9830679 8.760735 11.363636
 10.201041 10.070635 9.634787 0.9567208 0.98721635 8.54842 11.363636
 77.52335 59.870186 55.734337 0.9309197 0.77228576 8.507832 13.636364
 7.782674 5.8025374 2.5559282 0.44048455 0.74557126 4.3177342 13.636364
 55.02702 27.707588 23.34925 0.8427024 0.5035269 6.662695 17.045454
 34.98513 35.371548 33.637833 0.95098555 1.0110452 9.207388 5.681818
 1.970114 0.63294417 0.31403348 0.49614716 0.32127288 2.3448277 19.318182
 15.274933 14.099848 12.602582 0.8938098 0.923071 8.144016 9.090909
 14.33777 14.2564125 13.620029 0.9553616 0.99432564 8.610215 10.714286
 10.282939 10.003851 9.586062 0.9582372 0.97285914 8.31295 12.5
 10.530934 9.711517 8.876758 0.9140443 0.9221896 8.504184 14.772727
 8.572783 7.998073 7.180555 0.8977856 0.93296105 8.444536 13.636364
 17.1882 15.852938 14.335126 0.90425676 0.9223152 8.498076 9.090909
 19.426805 14.28319 13.400927 0.9382307 0.73523104 9.544098 15.909091
 7.75301 5.6581726 4.71135 0.8326629 0.7298033 7.6546435 14.772727
 14.478906 14.616946 13.990708 0.9571568 1.0095339 8.963756 12.5
 14.155966 6.8258257 6.5132227 0.9542029 0.4821872 7.8550687 14.772727
 103.727646 56.045914 49.055412 0.87527186 0.540318 6.7839684 16.17647
 12.958117 11.0140505 9.195998 0.83493334 0.8499731 7.616852 12.5
 20.632202 8.367261 7.379614 0.88196295 0.40554374 8.274226 17.045454
 103.19063 86.30744 81.25019 0.9414042 0.83638835 8.33302 13.636364
 2.607348 0.57661486 0.17800365 0.30870458 0.22114994 2.829554 16.666666
 21.31026 17.336252 16.187754 0.9337515 0.81351674 8.409741 11.363636
 102.32567 105.59626 98.42426 0.932081 1.0319625 8.607234 6.818182
 23.865307 18.352058 17.588844 0.9584126 0.76898485 9.101436 14.772727
 127.57944 101.77939 95.84613 0.94170475 0.79777265 8.637801 10.227273
 8.279102 8.340386 8.076089 0.9683111 1.0074023 8.460304 15.909091
 21.330736 17.445976 16.628128 0.9531212 0.8178797 8.754812 9.090909
 1.3122791 0.25431007 0.059222896 0.2328767 0.19379269 1.7929101 23.333334
 94.3462 57.72729 53.042633 0.91884845 0.61186665 8.448906 18.181818
 21.73126 16.551216 11.2024 0.6768324 0.7616317 6.4605103 10.227273
 12.138074 12.815293 11.794837 0.92037195 1.055793 9.031123 12.5
 103.338936 87.717545 82.655754 0.9422944 0.84883344 8.642682 19.318182
 103.71397 102.03019 96.05267 0.94141424 0.9837652 9.055907 6.818182
 85.28354 86.30137 82.012 0.9502979 1.0119346 8.784847 2.2727273
 87.25621 82.35207 77.807884 0.94482 0.9437961 9.039948 10.227273
 9.177212 4.1549764 2.2107675 0.5320771 0.4527493 7.225371 14.285714
 29.883589 31.562614 30.043621 0.95187366 1.0561856 8.345523 13.636364
 82.4385 51.76001 46.029724 0.8892913 0.6278621 4.6526103 11.538462
 11.22599 6.5551567 4.568041 0.6968622 0.5839268 5.9236865 11.363636
 10.583819 4.806944 4.095773 0.85205346 0.45417857 7.8075776 14.772727
 74.479065 41.69493 36.905647 0.88513505 0.55982083 4.100358 12.5
 17.248194 9.636186 8.039431 0.8342959 0.558678 6.0173397 15.909091
 102.908714 105.75326 99.63095 0.9421076 1.0276415 8.661225 7.9545455
 1.1868358 0.5336069 0.44764894 0.8389114 0.4496047 6.488117 26.785715
 97.584 100.68334 94.81865 0.94175106 1.0317608 8.723999 1.1363636
 11.3810425 9.673679 6.9238176 0.71573776 0.84998184 4.2790785 15.909091
 59.97981 37.43789 34.373455 0.9181462 0.62417483 8.717481 17.045454
 9.7049265 9.294753 8.69877 0.9358795 0.9577355 8.381089 11.363636
 13.886213 13.227141 12.02896 0.90941495 0.9525377 6.4505796 10.9375
 1.9998356 0.5197301 0.082082234 0.15793243 0.25988638 1.195218 16.666666
 3.4137123 1.0319628 0.34290126 0.33228067 0.3022993 2.4378872 15.625
 80.95728 53.225677 47.44733 0.89143693 0.6574538 5.533213 11.666667
 102.0856 91.11561 85.42223 0.93751484 0.8925412 8.641834 12.5
 22.05158 21.073408 19.178675 0.9100889 0.9556417 6.4111395 10.9375
 14.980475 13.546307 12.723914 0.93929034 0.90426415 8.683975 10.227273
 11.197232 9.794939 9.300671 0.9495384 0.87476426 8.635271 10.227273
 10.240361 9.903487 9.446957 0.953902 0.9671033 8.0493145 14.772727
 87.72359 64.11722 59.58518 0.92931634 0.7309006 8.58416 14.772727
 3.639277 0.99466 0.57490396 0.5779905 0.27331254 4.3649516 17.045454
 80.49896 46.52994 39.800297 0.85536957 0.57801914 5.5722575 15.0
 15.906576 13.960786 13.143802 0.94148004 0.87767386 9.004151 14.772727
 13.709907 9.672251 5.4818816 0.5667638 0.7054935 5.2727494 9.090909
 21.43723 16.646357 15.653653 0.94036514 0.77651626 8.268249 12.5
 80.881775 63.249184 59.550434 0.941521 0.7819955 8.667566 14.772727
 90.53371 92.5138 87.82724 0.949342 1.0218713 8.716121 2.2727273
 71.923416 65.74756 60.565193 0.9211778 0.9141329 8.820757 13.636364
 7.3899817 7.2845974 6.8694916 0.94301593 0.9857395 8.449725 9.523809
 103.05743 66.45748 59.841515 0.90044814 0.6448587 8.27574 17.045454
 18.458946 15.526717 14.305421 0.9213422 0.8411487 8.685373 11.363636
 20.30496 17.391726 16.204863 0.9317571 0.85652596 7.639594 8.75
 20.8928 17.453497 14.914451 0.85452515 0.8353833 8.957484 13.636364
 96.99368 97.128555 91.44873 0.9415226 1.0013905 8.69408 9.090909
 93.14973 79.29965 75.17695 0.9480111 0.8513139 8.543516 11.363636
 17.745272 17.175411 15.992179 0.93110895 0.96788657 8.908429 11.363636
 85.402374 84.85445 77.98408 0.91903347 0.99358416 6.3390937 9.375
 7.0101323 5.9092307 5.222669 0.8838154 0.84295565 7.418774 19.318182
 15.158363 15.136976 14.424493 0.9529309 0.99858904 8.428743 10.227273
 24.867386 23.694357 22.410524 0.94581693 0.9528287 9.340916 12.5
 36.517967 37.74174 36.030617 0.95466226 1.0335116 8.555996 11.363636
 14.401635 14.53143 13.0286665 0.8965853 1.0090125 7.9974437 10.227273
 114.51052 94.195206 87.81713 0.9322887 0.82258993 8.62876 12.5
 90.131775 55.592567 50.265358 0.90417403 0.6167921 8.006086 15.909091
 10.837154 9.31273 8.68461 0.9325526 0.8593335 9.505625 14.772727
 17.431454 11.866991 11.058942 0.93190783 0.6807804 8.306019 14.772727
 115.38489 82.626625 76.13941 0.9214876 0.71609575 8.39615 13.636364
 12.850659 11.659992 10.724938 0.9198066 0.90734583 7.286207 10.227273
 12.858716 12.029955 11.152943 0.9270977 0.93554866 9.040245 9.090909
 41.613907 42.991196 41.069035 0.95528936 1.0330969 8.809751 10.227273
 96.97334 82.47295 77.1984 0.9360451 0.85047036 8.632291 10.227273
 68.45725 31.082363 27.486261 0.8843041 0.45404047 8.756055 15.909091
 13.51618 13.884743 13.193901 0.9502445 1.0272683 8.433641 14.772727
 96.63188 61.548584 54.70817 0.88886154 0.6369387 6.6710806 11.111111
 20.209871 15.847803 14.615459 0.9222389 0.78416145 9.523194 15.909091
 2.0185144 0.52608645 0.09509568 0.18076055 0.26063052 2.2271378 18.75
 2.219101 0.6060899 0.22933725 0.37838817 0.2731241 3.7856266 17.5
 116.358604 85.90911 77.55439 0.9027493 0.7383133 6.2246532 10.9375
 13.953134 13.517598 12.734355 0.94205755 0.9687858 6.212093 10.9375
 6.0504675 3.1330347 1.9185059 0.6123475 0.51781696 5.4746537 12.5
 12.753342 12.862312 11.928272 0.9273816 1.0085444 8.783555 9.090909
 26.387543 24.724957 23.267073 0.9410359 0.93699354 9.19909 7.9545455
 17.583376 16.688755 15.743032 0.9433318 0.9491212 8.426898 10.227273
 19.955685 18.511932 16.860615 0.9107971 0.927652 9.426234 11.363636
 21.462664 13.5478 12.016342 0.8869589 0.6312264 7.3087263 18.181818
 11.971988 11.708837 11.031406 0.9421437 0.9780194 8.499537 7.9545455
 106.79714 79.65516 73.2286 0.9193203 0.74585474 8.678673 15.909091
 14.726033 12.943734 12.316385 0.95153254 0.87896955 8.050332 12.5
 103.03845 65.16642 59.671 0.91567105 0.63244754 8.46305 15.909091
 17.376081 7.5162215 4.3927765 0.58443946 0.43256137 7.2003527 18.181818
 98.403206 81.97745 76.177864 0.92925394 0.83307695 8.859967 11.363636
 103.59424 86.42959 81.0654 0.93793577 0.83430886 8.534628 12.5
 30.794535 18.70684 13.334534 0.71281594 0.6074727 4.6417527 11.666667
 34.963703 35.6408 33.422283 0.93775344 1.0193658 8.365172 4.5454545
 108.71405 60.435593 54.41755 0.9004222 0.5559133 7.7925816 13.095238
 21.853205 23.060017 21.453362 0.93032724 1.0552236 7.6682673 9.090909
 11.723325 10.293249 9.76536 0.94871503 0.8780145 8.027286 14.772727
 13.580847 13.466854 12.644024 0.93889964 0.99160635 7.851032 5.681818
 2.7435517 0.7753679 0.15837723 0.20426075 0.28261465 1.5434979 17.045454
 10.597482 10.155877 9.303256 0.91604656 0.95832926 8.583477 11.363636
 11.385174 11.463605 10.796945 0.94184554 1.0068889 8.718698 6.818182
 16.641455 15.159354 14.047403 0.92664915 0.9109393 6.532173 10.294118
 17.68217 17.482294 15.603727 0.8925446 0.9886961 4.0977335 6.25
 3.6776485 0.894026 0.2566604 0.28708383 0.24309719 1.5483375 17.307692
 84.86768 72.609795 67.20755 0.92559886 0.8555648 8.003262 13.095238
 21.474783 20.179361 18.640608 0.92374617 0.9396771 8.272309 7.142857
 104.04694 66.84909 60.26869 0.9015632 0.6424898 7.3050704 17.857143
 4.851586 1.2531586 0.3651399 0.29137564 0.25829875 3.79789 17.857143
 83.97533 86.96231 80.89152 0.93019056 1.0355698 8.072402 1.1904762
 58.360516 27.13454 23.958698 0.8829594 0.4649469 7.4049544 17.857143
 19.297901 18.249777 16.092468 0.88178986 0.9456872 6.31068 10.9375
 83.2883 53.839752 47.929127 0.8902182 0.6464264 7.1555514 13.75
 16.383177 11.291639 10.200991 0.903411 0.6892216 7.7193847 13.75
 61.887886 19.74675 13.043465 0.66053724 0.31907296 3.9428806 12.5
 21.211588 16.377428 12.814002 0.7824185 0.7720981 6.7717595 9.210526
 95.08103 77.69899 71.2099 0.91648424 0.81718713 7.005525 15.789474
 13.607811 6.320268 5.482296 0.8674151 0.46445882 7.56091 15.789474
 110.06554 95.55886 87.928085 0.9201458 0.86819965 6.597522 8.333333
 14.162964 8.51674 7.037576 0.8263228 0.6013388 6.298201 10.294118
 103.33177 81.77918 74.91673 0.91608566 0.7914234 6.169723 13.235294
 92.45063 93.76569 86.39592 0.9214023 1.0142245 5.5606937 4.6875
 24.991756 25.260998 23.777536 0.94127464 1.0107732 5.43997 5.0
 72.637825 41.188335 36.714172 0.89137304 0.567037 5.100059 18.333334
 110.39376 90.39185 81.833206 0.9053161 0.818813 5.09811 16.666666
 105.13385 107.53367 97.63012 0.90790284 1.0228263 4.6083503 10.714286
 86.48076 75.68785 68.6336 0.9067981 0.8751987 4.5908456 8.928572
 82.27557 86.02044 79.36844 0.92266953 1.0455161 4.626498 7.142857
 113.29941 73.761024 64.94597 0.8804916 0.65102744 4.509589 10.714286
 24.28043 19.435608 16.943874 0.8717955 0.8004639 4.768254 14.285714
 15.676579 13.083595 11.340362 0.86676186 0.834595 4.7333694 12.5
 13.491391 6.9216704 2.6821709 0.38750342 0.51304346 1.8094465 13.461538
 17.831264 19.555134 18.068579 0.92398137 1.0966768 4.2671814 3.8461537
 12.904682 11.612443 10.787865 0.9289918 0.89986277 4.085801 9.090909
 8.961918 7.4805274 6.694688 0.8949486 0.8347016 4.1901417 10.416667
 1.0 40.221462 32.42659 29.621948 0.91350794 0.80620116 248.53746 12.222618 209.0
