 136.64432 103.55505 95.02761 0.9176531 0.7578438 8.960147 12.5
 125.68507 88.601814 81.34173 0.9180594 0.70495105 8.88026 13.636364
 107.20909 56.239483 46.408745 0.8251986 0.52457756 6.9461703 12.5
 131.2476 108.02779 100.281 0.92828894 0.8230839 8.995823 15.909091
 108.69654 78.528694 71.34552 0.9085281 0.72245806 8.853532 14.772727
 100.86854 68.25621 62.63704 0.91767526 0.67668486 9.121468 15.909091
 2.8121994 1.1627997 0.5375016 0.4622478 0.4134841 4.0750933 18.421053
 15.195226 12.289064 8.769994 0.7136421 0.8087451 6.5306373 11.363636
 8.9209585 2.8812108 0.3688822 0.12803029 0.322971 1.3039447 14.772727
 96.37047 87.01553 80.60886 0.9263732 0.90292734 8.945337 4.5454545
 96.42963 63.57363 57.99704 0.9122814 0.6592749 8.926706 14.772727
 13.071247 12.180039 11.305009 0.92815864 0.9318192 8.562741 12.5
 14.808301 7.1041336 5.0802555 0.7151126 0.47973993 7.2024293 15.909091
 128.91219 86.21986 78.890335 0.91499037 0.6688263 8.875611 12.5
 114.499916 90.358734 81.10132 0.89754814 0.78915983 6.948751 13.888889
 115.05181 89.58687 82.79351 0.92417014 0.7786654 9.08826 14.772727
 104.95553 97.93347 91.90214 0.938414 0.9330949 9.049784 0.0
 105.05038 87.23786 80.669716 0.92471 0.8304383 8.960759 13.636364
 132.29199 103.349045 96.12493 0.93009984 0.7812192 9.075499 18.181818
 36.894375 16.171373 12.085683 0.7473504 0.43831545 7.734214 15.909091
 117.42609 109.9972 103.58099 0.9416694 0.9367356 9.018223 1.1363636
 125.47763 111.4764 99.20833 0.88994914 0.8884165 5.14983 8.928572
 111.36826 102.803246 94.38721 0.9181345 0.92309284 8.8905735 6.818182
 22.17364 5.64536 1.2906728 0.22862542 0.2545978 2.310493 17.045454
 105.04126 63.619118 56.106625 0.88191456 0.60565835 8.466145 15.909091
 26.872213 19.777056 16.531143 0.83587486 0.73596674 9.250431 9.090909
 126.90932 104.67413 96.676704 0.9235969 0.8247947 8.913069 15.909091
 15.273608 12.5169525 11.429128 0.91309184 0.8195151 9.783286 9.090909
 111.993256 99.54987 91.38944 0.9180267 0.88889164 7.5796685 6.5789475
 52.43436 48.847977 45.60811 0.93367445 0.9316025 8.842608 0.0
 12.825771 11.731762 11.037114 0.9407891 0.9147023 9.099244 6.818182
 119.58906 73.62364 67.08713 0.91121715 0.6156386 8.792189 14.772727
 121.32463 106.24306 94.5265 0.8897193 0.8756924 5.1165943 5.357143
 20.041533 16.158718 14.893825 0.9217206 0.80626166 8.864173 10.227273
 110.55551 94.96593 88.133194 0.92805064 0.8589887 8.972544 15.909091
 5.708938 1.5838645 0.62361395 0.39372936 0.2774359 2.3392913 15.909091
 108.54637 83.696075 77.8076 0.9296445 0.77106285 9.059292 15.909091
 130.34727 97.8579 89.04908 0.9099835 0.75074756 6.922638 15.277778
 9.908335 5.585245 3.7626488 0.67367655 0.5636916 7.684426 14.772727
 107.34854 94.149864 85.943245 0.9128345 0.8770484 7.586278 11.25
 14.192241 9.760646 8.314783 0.8518681 0.6877453 10.240824 11.363636
 103.12736 92.702415 87.04244 0.9389447 0.898912 9.018536 13.636364
 81.80708 70.28952 64.96081 0.92418915 0.85921067 9.12852 5.681818
 76.757835 63.31978 58.37404 0.9218927 0.8249292 8.6221895 10.227273
 17.082125 15.001701 13.987724 0.93240917 0.87821054 8.825856 11.363636
 14.128594 12.165691 11.113005 0.91347086 0.8610688 9.459994 9.090909
 114.587296 104.659515 98.459015 0.9407555 0.91336054 8.561922 13.636364
 21.518063 20.010956 18.872972 0.943132 0.92996085 9.95928 11.363636
 138.58122 101.47729 87.276215 0.86005664 0.73225856 4.0609455 12.5
 5.7049966 2.3096337 1.2834228 0.5556824 0.40484402 4.601838 13.888889
 108.88917 87.41355 79.96152 0.9147497 0.8027755 7.3087873 14.473684
 13.060935 11.281502 10.319759 0.91475046 0.8637591 9.741208 4.5454545
 3.8048174 1.5237087 0.9308133 0.61088663 0.40046826 6.4576373 16.666666
 20.285564 17.722546 15.89255 0.896742 0.87365305 9.376779 5.681818
 97.948006 94.094574 88.30217 0.9384406 0.9606584 8.849451 3.409091
 117.37552 110.02252 102.59047 0.9324497 0.9373549 9.11626 2.2727273
 119.69122 93.08309 83.03114 0.892011 0.77769357 5.676639 15.0
 31.90031 29.971937 26.943531 0.8989586 0.93955 5.685802 5.0
 2.8553154 1.2833961 0.406633 0.31684133 0.44947615 3.3715098 17.045454
 2.2318265 0.71773446 0.34855053 0.48562598 0.3215906 6.157325 15.789474
 102.632484 72.65907 67.29434 0.9261657 0.70795393 9.118576 15.909091
 107.22848 95.38491 89.3746 0.9369889 0.8895483 9.042609 9.090909
 106.314995 78.53208 72.46314 0.92272025 0.7386736 8.740746 14.772727
 126.17316 112.18929 97.327034 0.86752516 0.8891693 4.0665994 2.0833333
 79.65402 52.12948 47.779217 0.91654897 0.65444875 8.832529 15.909091
 109.10876 77.99646 71.75837 0.9200209 0.7148506 8.919898 14.772727
 105.645584 91.204895 84.91966 0.9310866 0.8633101 8.780822 6.818182
 128.47636 107.71598 99.82727 0.92676383 0.83841085 9.129924 9.090909
 16.594713 16.578442 15.208771 0.9173824 0.99901944 6.5798526 5.681818
 116.8778 90.02809 80.50064 0.8941725 0.7702754 6.164222 15.625
 23.195395 19.830902 18.49455 0.93261266 0.85494995 9.07241 12.5
 116.20921 89.50581 84.33093 0.94218385 0.7702127 8.713973 10.227273
 106.72045 93.341125 83.88777 0.8987225 0.87463206 8.810405 13.636364
 95.05364 66.49898 61.46041 0.92423093 0.6995942 8.697792 17.045454
 106.60903 74.656525 68.49964 0.91753054 0.7002833 8.984521 13.636364
 104.43126 86.57992 79.74718 0.9210817 0.8290613 8.998262 10.227273
 23.905926 23.046543 20.96379 0.90962845 0.9640514 9.559479 5.681818
 123.46421 91.57383 84.981125 0.9280067 0.7417034 9.088837 14.772727
 112.0454 94.30151 85.41635 0.9057792 0.84163666 9.078751 13.636364
 110.021484 87.589485 81.153824 0.9265247 0.79611254 8.94692 14.772727
 79.99652 50.64399 46.271122 0.91365474 0.63307744 9.024719 19.318182
 106.0778 70.989044 63.90751 0.9002446 0.6692168 8.727413 9.090909
 127.45571 96.254944 87.90633 0.9132655 0.75520307 8.420836 19.047619
 14.707973 12.995569 11.918151 0.91709346 0.8835731 8.886756 12.5
 131.22548 102.21749 94.4295 0.9238096 0.77894545 8.88598 15.909091
 120.59301 101.39378 94.4495 0.93151176 0.8407932 8.961365 6.818182
 15.317901 14.252935 12.852569 0.9017489 0.9304758 3.9946532 7.6923075
 10.098946 6.457344 3.870404 0.5993802 0.63940775 7.473352 15.909091
 104.183525 78.122894 71.25802 0.91212726 0.7498584 7.3278885 12.5
 32.58947 30.470953 28.141638 0.9235562 0.9349938 9.334176 7.9545455
 112.97728 84.40469 61.193455 0.7250006 0.7470944 5.9878573 13.636364
 113.93377 105.27324 97.27375 0.9240122 0.92398626 8.862043 1.1363636
 111.97017 87.23071 80.55393 0.9234584 0.7790531 9.244479 10.227273
 96.50974 78.50685 72.35665 0.92166036 0.8134604 9.08927 10.227273
 92.44644 74.984055 70.062386 0.9343637 0.8111081 9.067812 17.045454
 135.61734 124.012695 110.55714 0.89149857 0.914431 5.206037 1.7857143
 111.081436 102.80658 95.73229 0.93118834 0.9255064 9.093446 1.1363636
 118.16762 111.19771 104.1013 0.9361821 0.94101673 9.159476 0.0
 122.712875 111.58039 97.503555 0.87384135 0.9092802 4.633864 1.9230769
 89.89248 66.63205 61.461334 0.922399 0.7412416 8.972213 17.045454
 62.81678 40.316753 36.80927 0.91300184 0.641815 8.421958 17.045454
 19.354513 13.932287 12.445279 0.893269 0.7198469 8.754183 10.227273
 125.666534 86.66882 75.2012 0.8676846 0.68967307 4.5951786 15.384615
 10.401255 7.8469625 7.195736 0.9170091 0.75442463 8.03724 8.333333
 46.771282 44.19992 40.944546 0.92634887 0.9450226 8.019152 1.25
 114.83464 108.647095 101.685425 0.93592405 0.94611776 8.1705885 2.5
 114.70841 97.253914 90.56094 0.9311804 0.8478359 7.857728 15.0
 109.8345 101.524536 91.93911 0.9055851 0.924341 5.9104347 3.125
 101.184044 71.60224 65.84147 0.9195448 0.7076436 7.3212986 19.736841
 125.69043 113.772835 101.862 0.89531034 0.905183 7.5499387 5.263158
 94.30855 67.279755 60.58969 0.9005634 0.7134004 7.119947 18.421053
 12.917953 8.72847 7.450689 0.85360765 0.6756852 6.30738 17.105263
 108.475105 93.651535 84.54881 0.90280217 0.8633459 6.3348584 5.882353
 90.39018 80.11877 68.34799 0.8530834 0.88636583 4.0790243 8.333333
 83.30532 44.199783 36.52979 0.8264699 0.53057575 6.663512 16.666666
 108.30422 88.6877 80.72323 0.9101964 0.81887573 6.561985 11.111111
 93.47467 91.80859 84.04694 0.9154584 0.9821762 6.8454456 1.3888888
 118.343025 97.17223 88.4361 0.9100964 0.8211065 6.8074903 16.666666
 107.88042 69.729645 62.136013 0.8910989 0.6463606 5.668262 15.625
 5.8366876 1.5941322 0.82360774 0.5166496 0.27312276 2.8817286 12.5
 106.487335 84.88562 76.77936 0.90450364 0.7971429 5.6640773 12.5
 110.17743 105.3568 96.774315 0.91853887 0.9562466 4.810855 1.7857143
 14.058284 11.324554 10.380217 0.9166115 0.8055432 4.904986 14.285714
 97.239006 71.71927 64.781715 0.90326786 0.7375566 4.8763847 12.5
 109.59597 100.74991 93.29454 0.92600125 0.91928476 4.8522663 8.928572
 64.86824 19.914028 11.588826 0.5819429 0.30699196 3.281297 16.071428
 75.99583 75.892136 68.91554 0.90807223 0.99863553 4.3854804 5.769231
 110.84745 112.360374 99.60632 0.88648975 1.0136487 4.017841 8.333333
 109.38946 111.13786 99.85779 0.8985037 1.0159833 4.08419 2.0833333
 1.0 82.04175 66.026634 59.953846 0.9080252 0.80479306 505.8435 11.134613 129.0
