 6.528606 3.736148 3.4378636 0.9201625 0.5722735 8.089608 16.666666
 8.598819 7.555072 6.7157216 0.8889024 0.87861735 8.781408 12.5
 3.3198493 0.59409285 0.13940437 0.23465084 0.17895176 2.2611046 18.181818
 21.465836 20.426092 19.29041 0.94440037 0.9515629 7.627036 11.842105
 8.338758 7.555621 7.160379 0.947689 0.90608466 9.161986 12.5
 8.382988 4.716808 3.7791617 0.8012117 0.5626643 8.786867 8.333333
 2.9335935 0.74523777 0.17644478 0.23676307 0.25403577 2.3355894 16.666666
 86.35121 82.59577 76.00029 0.9201474 0.9565097 6.0221004 7.8125
 15.405019 14.740898 13.674966 0.9276888 0.95688933 9.209913 11.363636
 1.3875922 0.30739346 0.060433112 0.19659856 0.22153012 1.6687531 18.181818
 73.807175 69.08026 62.280098 0.90156144 0.93595594 4.977691 7.142857
 2.277596 0.65783274 0.105282925 0.16004513 0.28882766 1.7342099 17.857143
 3.597872 1.0203165 0.34733465 0.34041855 0.2835889 3.8794265 18.75
 8.5882015 6.307603 5.9927344 0.9500811 0.73444986 7.4477835 10.227273
 86.79126 81.841576 77.19294 0.9431996 0.9429703 8.789108 3.409091
 104.98034 91.031204 85.72506 0.9417107 0.8671262 8.801225 5.681818
 83.5506 78.299255 73.71633 0.94146913 0.9371478 8.964367 6.818182
 3.5708616 1.7284464 0.8154812 0.47180012 0.4840418 5.02526 14.285714
 12.971323 9.899225 8.974935 0.90663 0.7631624 8.389878 12.5
 12.308479 11.732594 11.017036 0.93901116 0.9532123 9.853732 17.045454
 100.98217 96.32316 91.18159 0.94662166 0.953863 8.995688 0.0
 10.001161 9.411218 8.552827 0.9087907 0.94101256 9.064707 11.363636
 10.771431 10.308147 9.587041 0.930045 0.9569896 9.145778 9.090909
 88.09799 84.99718 80.239426 0.9440246 0.9648027 8.974366 5.681818
 1.9821769 0.5171584 0.13292143 0.25702265 0.26090425 2.1992037 17.857143
 101.66749 98.4437 87.12159 0.88498896 0.96829087 4.0089803 2.0833333
 17.71039 16.530064 11.966232 0.7239072 0.93335396 7.955295 10.227273
 88.285065 84.69449 80.1524 0.9463709 0.9593298 8.957963 5.681818
 80.09291 74.01412 69.43892 0.9381848 0.9241032 9.021826 1.1363636
 91.832275 89.40552 84.35401 0.94349897 0.97357404 8.710724 0.0
 7.1630564 1.6434133 0.38596106 0.23485331 0.22942907 2.4660184 16.666666
 19.412682 13.958107 12.857851 0.9211744 0.71902 8.997499 15.909091
 8.851588 1.5836772 0.9725129 0.6140853 0.17891447 4.819963 16.666666
 5.353332 3.4902232 2.6701396 0.7650341 0.65197206 8.029492 13.636364
 11.202062 8.492769 7.87053 0.9267331 0.7581434 8.451467 11.363636
 99.60172 95.82917 90.514946 0.9445448 0.96212363 8.853926 7.9545455
 105.66275 100.23422 94.97608 0.9475414 0.948624 9.138004 9.090909
 76.60257 64.58814 60.43174 0.93564755 0.84315896 8.615273 13.636364
 102.884094 99.593544 88.12582 0.8848547 0.9680169 3.9897466 12.5
 18.644932 15.809478 15.160969 0.9589798 0.84792364 8.1922655 9.090909
 63.991432 67.22023 56.027325 0.833489 1.0504568 6.126033 4.5454545
 11.444194 9.533181 8.801302 0.9232282 0.83301467 7.5973163 9.090909
 83.35695 77.464195 73.28308 0.94602525 0.92930704 8.943224 5.681818
 101.83333 97.27387 91.705025 0.9427509 0.9552263 8.901391 5.681818
 2.9792583 2.0352712 1.9315094 0.94901824 0.68314695 9.621256 15.789474
 2.770869 1.8713373 1.4928526 0.7977464 0.67536116 7.2945676 19.117647
 95.173615 89.91112 84.71009 0.9421537 0.94470626 9.052415 14.772727
 13.090582 6.4897423 4.255263 0.65569055 0.49575663 7.376398 11.904762
 102.28498 97.67241 89.638565 0.917747 0.9549047 8.802335 2.2727273
 14.678057 13.42264 12.396471 0.9235494 0.9144698 9.450862 14.772727
 96.133965 78.66348 73.7897 0.9380427 0.8182694 8.826067 13.636364
 6.897768 6.0550795 5.6203327 0.9282013 0.8778317 6.4633627 6.25
 98.89832 91.86073 85.712906 0.9330745 0.92884016 8.818589 9.090909
 93.72886 89.15562 78.61879 0.8818154 0.95120776 3.9939013 4.1666665
 9.823327 9.309913 8.676285 0.9319405 0.9477352 8.287967 11.363636
 81.48988 74.14684 69.9919 0.9439633 0.9098901 8.8725 10.227273
 97.85092 94.55996 83.32661 0.88120395 0.9663676 4.080286 2.0833333
 1.3741677 0.3506517 0.08506121 0.24258034 0.25517386 2.586886 23.333334
 1.1950544 0.2836357 0.04119139 0.14522639 0.23734124 1.6767156 23.333334
 1.0665296 0.4000315 0.18476804 0.4618837 0.37507772 1.984682 19.444445
 96.24476 93.496544 84.95327 0.9086247 0.9714456 5.4941564 1.6666666
 94.60037 90.22308 85.41264 0.9466829 0.9537286 8.720808 7.9545455
 105.03233 92.62764 86.74842 0.93652844 0.88189644 9.001211 12.5
 101.416016 97.03427 91.58361 0.9438275 0.9567943 8.9510355 1.1363636
 6.8748226 2.8943524 1.8734133 0.6472651 0.42100757 4.5460362 15.909091
 71.91066 76.73698 76.08013 0.99144036 1.0671154 8.420584 5.681818
 9.07677 8.360644 7.931929 0.94872224 0.9211035 9.380312 9.090909
 91.13485 87.581276 82.91688 0.94674206 0.9610075 9.074389 1.1363636
 3.4454257 2.3667686 2.0714872 0.87523854 0.6869307 8.3434925 15.909091
 2.6885169 1.4327489 1.1184641 0.7806421 0.5329142 7.2716093 14.772727
 19.777393 15.672399 12.619764 0.8052223 0.79244006 9.404115 13.095238
 14.213237 13.130193 12.242531 0.93239534 0.92380035 9.353946 15.909091
 14.750937 12.115524 10.762778 0.8883461 0.82133925 9.3707285 9.090909
 92.608795 89.79255 82.832466 0.922487 0.9695898 8.760681 1.1363636
 101.133835 97.89101 89.71339 0.916462 0.9679353 8.780622 6.818182
 14.305257 12.825689 11.98647 0.93456733 0.89657176 8.618904 11.363636
 103.550186 98.87804 93.64776 0.94710374 0.9548804 8.832846 0.0
 109.08351 104.30532 96.21828 0.9224675 0.95619696 8.795676 5.681818
 54.177025 37.622166 34.700844 0.92235094 0.6944303 8.526665 12.5
 1.5016387 0.29626098 0.07567506 0.2554338 0.19729179 2.0371737 16.666666
 2.0852835 0.77740246 0.16535342 0.21269989 0.3728042 1.9242127 19.117647
 105.29215 99.6344 92.69379 0.9303392 0.9462661 8.962744 5.681818
 3.2941597 1.4312853 0.5778017 0.4036943 0.43449175 1.9924923 13.636364
 89.92085 86.017525 81.35492 0.9457947 0.95659155 8.9790125 3.409091
 111.620155 106.55675 100.07047 0.9391284 0.95463717 8.814765 9.090909
 110.1269 108.72017 101.91562 0.93741226 0.9872263 8.025824 5.0
 11.456916 10.084117 9.567061 0.9487257 0.88017726 8.183725 13.636364
 103.099335 99.44574 93.83396 0.9435694 0.9645624 9.00653 10.227273
 19.714287 2.8431842 0.11780005 0.041432437 0.14421949 0.39688638 22.368422
 83.57865 90.316124 86.40058 0.95664626 1.0806124 8.746612 11.363636
 13.766469 12.619573 11.486733 0.91023153 0.9166892 9.379573 7.9545455
 76.89378 74.07854 69.6862 0.940707 0.96338785 8.985435 3.409091
 103.36824 83.20701 78.32636 0.9413433 0.80495715 8.956526 13.636364
 94.5813 76.44536 70.497505 0.9221947 0.8082503 8.587067 11.363636
 1.8987303 0.64342785 0.1974194 0.30682448 0.3388727 1.7681451 21.25
 6.986216 2.1992552 0.44508195 0.20237848 0.31479922 1.8913795 18.421053
 104.74465 98.459305 92.788795 0.94240755 0.9399936 8.56519 5.681818
 16.119282 15.546344 14.675487 0.94398314 0.9644564 9.357364 11.363636
 2.343248 0.9986458 0.75137013 0.752389 0.42618015 6.832359 20.833334
 106.10353 103.153564 97.80558 0.9481551 0.9721973 8.865566 0.0
 77.462364 36.75045 30.546432 0.8311852 0.4744298 7.955854 15.909091
 76.347855 73.832634 69.29048 0.93848044 0.96705586 7.8458567 5.0
 92.984215 88.05545 82.619995 0.9382723 0.9469936 8.970082 1.1363636
 86.237785 89.0641 79.6895 0.89474314 1.0327735 7.062198 3.409091
 90.90464 85.51045 80.385956 0.94007176 0.94066095 8.960145 0.0
 101.48037 97.91195 92.66139 0.9463747 0.96483636 8.925408 5.681818
 103.88303 100.21863 92.70291 0.9250068 0.9647257 7.478427 5.263158
 3.383497 3.0579484 2.7608945 0.90285844 0.9037834 6.6572943 16.071428
 104.35931 100.07828 94.94393 0.9486967 0.958978 8.875484 3.409091
 104.71142 100.03339 94.15545 0.9412403 0.9553245 9.025341 3.409091
 12.5016575 7.4508443 4.640685 0.62284017 0.5959885 9.837732 12.5
 3.3668237 0.83512044 0.22355086 0.26768696 0.248044 3.442966 21.25
 106.92008 92.48042 87.27125 0.9436726 0.86494905 8.685295 13.636364
 82.95064 79.58744 74.98525 0.94217443 0.95945543 8.667985 9.090909
 9.569813 8.571495 8.018612 0.9354975 0.89568055 8.740508 6.818182
 15.321194 12.799129 12.175926 0.95130897 0.8353872 9.389243 11.363636
 94.47573 90.38737 85.54894 0.9464701 0.9567258 8.994744 3.409091
 84.70517 83.24174 76.31204 0.9167522 0.9827232 6.0054564 6.25
 100.44936 96.432175 85.3089 0.88465184 0.9600078 4.015807 2.0833333
 1.139222 0.3145066 0.047306336 0.15041445 0.27607137 1.3411217 23.214285
 114.317085 109.017525 98.44962 0.9030624 0.95364153 4.875563 5.357143
 103.476036 97.382416 91.87433 0.9434386 0.94111085 8.732601 10.227273
 29.452234 25.052158 21.499327 0.8581826 0.850603 6.982992 9.090909
 102.4258 98.75989 92.92539 0.9409224 0.96420914 8.967627 3.409091
 16.169329 13.809004 12.98119 0.94005257 0.8540246 8.763869 12.5
 97.48539 94.39413 89.39813 0.9470731 0.96829 8.822488 1.1363636
 18.407763 16.33267 15.344006 0.939467 0.88727087 9.068311 7.9545455
 83.72122 79.62781 74.09744 0.9305473 0.95110667 7.4498134 5.263158
 86.37646 85.04459 81.09636 0.9535746 0.98458064 8.732559 1.1904762
 110.9457 108.18398 99.26603 0.9175668 0.9751075 4.138734 8.333333
 6.2392344 2.112885 0.7320928 0.34648964 0.33864495 2.208925 15.0
 89.18869 82.856636 76.74694 0.9262619 0.92900383 7.814253 3.9473684
 103.38029 95.859665 89.457184 0.93320984 0.9272528 7.473219 3.9473684
 96.30338 90.341736 84.30832 0.9332156 0.93809515 7.495076 6.5789475
 95.69413 89.400154 83.5452 0.93450844 0.93422824 7.588554 9.210526
 100.25715 95.16184 87.84062 0.9230656 0.9491776 7.4381123 6.5789475
 91.9808 93.15218 85.69423 0.919938 1.0127351 6.920288 0.0
 9.561445 8.313917 6.611395 0.7952202 0.8695252 6.6739755 13.888889
 33.05634 18.5213 13.40082 0.7235356 0.5602949 4.0898232 12.5
 79.94551 70.639915 63.62632 0.9007134 0.8836008 4.7775702 10.714286
 94.30961 87.58277 80.52813 0.9194518 0.9286728 6.382933 8.823529
 105.34602 105.97 99.23871 0.9364793 1.0059232 5.9265766 4.6875
 95.99485 89.53608 82.9642 0.92660075 0.9327175 6.0244746 10.9375
 104.72085 100.45859 91.21493 0.9079853 0.95929885 5.0373864 8.928572
 101.10842 95.69406 87.227196 0.91152155 0.94644994 5.4621124 1.6666666
 104.63873 96.44429 88.344986 0.9160209 0.92168826 5.443254 11.666667
 92.27665 93.876396 82.93089 0.8834052 1.0173364 4.402812 9.615385
 111.80408 115.10667 102.06212 0.8866743 1.0295391 4.3898354 1.9230769
 91.89413 89.10698 77.89895 0.8742183 0.96967 4.3698535 11.538462
 9.859884 9.610365 8.920397 0.9282058 0.9746935 4.7468176 13.461538
 89.74578 92.39665 81.62153 0.8833819 1.0295376 4.452888 9.615385
 95.02508 95.13502 83.20567 0.8746062 1.0011569 4.5409217 1.9230769
 101.30352 97.82684 86.51675 0.8843866 0.9656806 3.9214804 2.0833333
 6.687113 6.521316 5.906985 0.90579647 0.9752065 3.7474294 14.583333
 80.609474 83.80456 73.97247 0.8826784 1.0396366 3.9370983 8.333333
 1.0 57.828403 53.93696 49.730137 0.9220048 0.932707 403.96033 9.709344 155.0
