 142.455 118.92695 109.546005 0.9211201 0.83483875 7.418503 15.789474
 125.810844 112.49131 97.67574 0.86829585 0.89413047 4.130939 0.0
 124.293846 114.90998 107.32374 0.93398094 0.9245026 8.629193 3.409091
 112.411064 96.12582 90.12885 0.9376134 0.8551277 8.658522 6.818182
 133.63235 110.42098 95.581345 0.8656085 0.82630426 4.090431 12.5
 121.82854 99.78481 93.01753 0.9321812 0.81905943 8.595262 11.363636
 88.43396 82.90678 78.76109 0.9499959 0.9374993 8.445667 0.0
 121.80255 81.59591 69.28562 0.8491311 0.66990316 3.89364 10.416667
 12.7515135 8.924796 7.84565 0.8790845 0.699901 9.817656 11.363636
 140.64981 106.407135 92.45706 0.8688991 0.75653946 4.859589 11.538462
 124.65942 90.912506 85.04392 0.935448 0.72928715 8.472743 15.909091
 122.69962 114.36366 106.70462 0.933029 0.93206203 7.780625 1.25
 115.09958 100.5419 94.03913 0.93532276 0.87352103 8.907605 3.409091
 120.20062 97.954254 84.27107 0.8603105 0.81492305 4.0962553 10.416667
 10.4816475 9.718476 6.862991 0.70617974 0.9271898 6.2504444 5.357143
 1.3776063 0.31621197 0.09790976 0.30963334 0.22953726 3.7425625 20.3125
 7.618881 5.551696 4.9820423 0.8973911 0.728676 7.874508 17.045454
 11.683774 8.942333 7.9168215 0.88531953 0.76536334 7.065356 12.5
 142.1194 117.42301 109.13659 0.929431 0.8262279 7.809319 15.0
 140.9001 112.03534 103.27704 0.9218255 0.7951402 8.012839 16.666666
 120.32646 106.41644 99.305534 0.9331784 0.8843977 7.050417 3.9473684
 127.02802 117.41777 110.20854 0.9386019 0.9243454 6.907913 9.722222
 125.01157 121.44359 111.90568 0.9214622 0.9714588 5.8879232 7.8125
 137.09357 135.55162 123.34522 0.90995026 0.98875254 4.383902 1.9230769
 1.0 101.2654 86.295135 78.696655 0.9119477 0.85216796 579.74884 9.352955 24.0
