 95.10519 86.26455 81.449425 0.9441818 0.9070436 9.1846485 12.5
 90.51617 86.892204 81.534035 0.9383354 0.9599633 9.428751 4.5454545
 12.502945 10.247662 8.890535 0.86756724 0.81961983 6.8821855 14.705882
 83.904976 80.05218 71.12652 0.88850194 0.95408136 4.5778008 1.9230769
 93.77398 74.63391 68.81137 0.9219853 0.7958915 5.929504 7.8125
 91.700554 87.70587 83.153824 0.9480987 0.95643777 9.247866 1.1363636
 23.578825 23.956831 21.809355 0.91036063 1.0160316 8.866676 11.363636
 99.94569 81.936714 76.57892 0.9346106 0.8198124 8.799819 17.045454
 10.496623 6.938306 5.392496 0.7772065 0.66100365 9.176638 10.227273
 21.341345 15.586473 13.152527 0.8438424 0.7303417 6.238169 10.227273
 14.099184 2.6188672 0.98242444 0.37513337 0.185746 1.9692389 19.318182
 85.69175 84.836624 81.13258 0.9563391 0.99002093 8.992301 3.409091
 96.73268 92.84266 87.30227 0.94032496 0.9597859 8.794778 5.681818
 98.34842 94.934 88.92695 0.936724 0.9652824 8.81114 4.5454545
 86.94911 82.4485 77.406235 0.93884337 0.9482386 8.935371 4.5454545
 62.71163 42.6319 38.21145 0.89631116 0.6798085 8.508892 9.090909
 86.57618 80.29363 75.78426 0.94383895 0.9274334 9.0238905 6.818182
 100.68226 97.38527 92.67265 0.9516086 0.9672535 8.915609 0.0
 14.581422 11.306804 10.07587 0.8911333 0.7754253 5.3721733 12.5
 87.3232 84.48018 78.52412 0.9294975 0.9674426 6.3956394 11.764706
 9.796265 7.5832987 6.503208 0.8575699 0.774101 7.987748 9.090909
 14.057794 13.296953 12.191588 0.91687083 0.9458777 9.077604 9.090909
 105.304 76.974495 69.423515 0.9019028 0.7309741 4.9025397 14.285714
 91.941536 79.207954 74.43383 0.9397267 0.8615035 9.090487 9.090909
 15.0350065 14.556945 14.224991 0.9771962 0.9682034 7.6835737 6.818182
 17.597937 15.178021 14.068777 0.92691773 0.8624887 7.7112017 9.090909
 103.331856 97.953766 92.70199 0.94638515 0.9479532 9.247517 6.818182
 90.356 86.10679 81.395485 0.9452853 0.9529726 9.33224 3.409091
 16.946228 13.244362 10.642079 0.8035177 0.78155214 6.376705 13.235294
 72.74899 62.78411 58.708782 0.93508977 0.8630238 8.948483 15.909091
 88.02419 83.318535 78.69157 0.9444665 0.9465413 9.410277 10.227273
 88.50642 82.09918 75.55218 0.9202549 0.9276071 5.569376 1.6666666
 38.57804 18.67622 14.640622 0.7839179 0.48411527 7.1897736 3.75
 95.895805 87.48143 80.66167 0.9220433 0.91225505 5.4495835 0.0
 92.79413 85.70877 81.3921 0.9496356 0.9236443 8.932906 3.409091
 85.72507 75.454094 70.72243 0.9372908 0.8801871 9.062397 5.681818
 98.82442 84.134056 79.896545 0.9496339 0.8513489 9.277489 13.636364
 93.204605 89.39648 84.97946 0.95059067 0.95914227 9.125359 1.1363636
 104.55396 92.67293 87.232185 0.9412909 0.8863646 9.19345 3.409091
 12.049442 9.515701 8.637745 0.90773606 0.78972125 10.245398 10.227273
 79.003174 71.807594 67.21392 0.936028 0.90892035 8.961186 11.363636
 9.945797 3.1433866 2.4148118 0.76821977 0.31605175 9.496946 18.181818
 99.58834 95.03346 89.956505 0.9465772 0.9542629 8.899316 3.409091
 81.56584 76.75358 73.4208 0.9565782 0.9410015 8.859419 1.1363636
 80.92108 63.325817 57.497425 0.90796185 0.7825626 5.352493 10.0
 99.281265 95.873566 91.43857 0.9537412 0.9656763 9.054271 11.363636
 89.25393 84.39485 79.728645 0.94470984 0.945559 9.547974 1.1363636
 103.96285 102.26997 95.08169 0.92971265 0.9837165 5.707059 1.5625
 10.389269 7.6096964 6.654075 0.8744206 0.73245734 7.1504374 19.117647
 84.7067 77.29974 72.04908 0.932074 0.9125576 8.879436 5.952381
 104.59015 98.741035 93.41978 0.946109 0.9440758 8.121384 17.5
 102.272995 91.60707 85.6685 0.9351735 0.89571124 8.931157 4.5454545
 86.03725 66.02643 61.61385 0.9331695 0.76741683 8.998404 17.045454
 103.375046 73.54445 67.57852 0.9188799 0.7114333 8.785152 17.045454
 97.73662 83.33372 77.65058 0.9318027 0.8526356 7.034486 15.277778
 94.5914 87.78977 82.972946 0.9451323 0.9280946 9.135481 9.090909
 13.312006 10.754543 10.181291 0.94669676 0.80788296 8.033943 13.636364
 92.541115 81.604004 76.017235 0.931538 0.8818135 7.0029497 6.9444447
 91.30721 88.05696 83.47412 0.94795597 0.9644031 8.978479 4.5454545
 92.68545 87.26936 82.57633 0.9462236 0.941565 9.176658 4.5454545
 82.11183 77.4239 73.07684 0.9438538 0.9429079 8.982997 11.363636
 88.515045 83.3445 77.91491 0.9348537 0.94158566 8.951296 9.090909
 84.391 83.622025 79.77757 0.9540258 0.99088794 8.828627 2.2727273
 91.64169 87.69011 83.25763 0.9494529 0.95688003 9.260093 10.227273
 110.87535 87.86321 82.69158 0.94114 0.79245037 8.539151 14.285714
 92.31278 82.419846 75.98241 0.9218945 0.89283246 5.439592 6.6666665
 86.126465 74.45383 70.730484 0.9499913 0.8644709 8.824167 11.363636
 102.35883 83.3399 79.14765 0.949697 0.8141935 9.054419 14.772727
 96.99923 92.55613 87.750206 0.9480756 0.9541945 9.226817 2.2727273
 84.966484 81.980255 77.66818 0.9474011 0.964854 9.174209 6.818182
 84.47198 73.864746 69.96562 0.94721264 0.87442905 9.182626 11.363636
 91.218636 88.11321 83.35716 0.9460234 0.9659563 8.506266 7.142857
 87.05976 83.28258 78.203735 0.9390167 0.9566139 8.971982 1.1363636
 12.443261 12.023882 11.118128 0.9246704 0.9662967 8.972093 4.5454545
 90.885796 85.922295 79.548515 0.9258192 0.94538754 5.475654 0.0
 86.692955 80.20106 75.885666 0.94619286 0.92511624 9.215837 7.9545455
 93.841866 94.3953 90.565796 0.9594312 1.0058975 9.11105 0.0
 13.394275 11.492361 9.978439 0.8682671 0.85800546 7.712635 7.9545455
 94.07734 91.72514 87.407906 0.9529329 0.97499716 8.95771 1.1363636
 108.72864 88.11264 83.09477 0.94305164 0.81039035 9.09834 14.772727
 9.050201 5.3395686 4.078055 0.76374245 0.58999443 9.094499 14.473684
 16.398958 14.804535 13.434018 0.9074259 0.9027729 9.285262 12.5
 101.86917 99.059265 94.36356 0.952597 0.9724166 9.169023 0.0
 17.035969 16.513046 14.732579 0.8921782 0.9693047 7.317504 6.818182
 43.86341 35.902035 33.485764 0.93269825 0.81849617 8.6240225 9.090909
 83.95501 79.840775 75.01258 0.9395273 0.95099473 9.195466 5.681818
 93.50293 88.50517 81.153625 0.9169365 0.9465497 5.3699927 5.0
 12.052956 2.8476083 0.52747 0.18523264 0.23625809 2.2002468 18.181818
 71.07542 66.70187 60.91567 0.9132527 0.93846613 5.4871907 3.3333333
 7.7329235 3.8583117 2.4062188 0.6236455 0.49894604 9.515062 19.047619
 82.942726 81.18273 77.36873 0.95301944 0.9787806 9.262307 6.818182
 84.65013 83.32943 78.438095 0.9413012 0.9843981 9.327786 5.681818
 74.25106 69.88802 66.34782 0.9493446 0.94123936 9.273597 3.409091
 19.854513 17.872051 15.763155 0.8820004 0.90015054 10.1559305 7.9545455
 89.902145 87.38036 82.990685 0.94976354 0.97194976 9.124035 1.1363636
 85.95373 80.87441 76.12529 0.94127774 0.94090647 9.177649 6.818182
 93.736206 89.514786 83.36679 0.93131864 0.95496494 8.9841175 6.818182
 86.81402 84.58474 80.6944 0.95400655 0.97432125 9.073985 0.0
 95.01025 87.444534 82.87024 0.9476892 0.9203695 9.094248 13.636364
 78.22435 75.87202 71.03766 0.9362827 0.96992844 9.039161 1.1363636
 12.955962 11.503846 10.794744 0.93835956 0.88791907 9.847243 17.045454
 108.53442 77.96186 68.342224 0.87661093 0.71831465 4.0332036 12.5
 81.47844 71.12418 66.58578 0.93619037 0.87292033 8.819805 12.5
 94.53211 91.33378 86.82404 0.9506236 0.9661667 8.9065075 12.5
 82.23817 74.131966 68.48556 0.923833 0.90143013 5.858413 14.0625
 87.294785 80.023094 73.82399 0.9225336 0.9166996 8.785256 9.090909
 98.7651 93.92427 89.242096 0.9501495 0.9509865 9.071309 10.227273
 75.73995 71.570114 67.378136 0.94142836 0.9449454 8.960574 3.409091
 77.26684 53.423786 49.163605 0.9202568 0.69141936 8.829292 14.772727
 88.26126 81.42058 74.38388 0.91357595 0.92249507 4.989553 10.714286
 78.21551 73.64884 69.56648 0.94457 0.9416143 9.197264 0.0
 89.188614 82.434044 76.43655 0.92724484 0.9242665 8.0108595 2.5
 85.574234 82.64377 78.30717 0.9475266 0.9657553 8.951804 5.681818
 71.499054 66.077 61.979294 0.93798584 0.9241661 8.601012 7.9545455
 103.3749 100.85078 95.87316 0.9506437 0.97558284 9.394346 2.2727273
 11.071186 10.553803 10.068041 0.95397276 0.95326763 9.326439 12.5
 98.679 95.90343 90.798676 0.9467719 0.97187275 9.160602 0.0
 92.73771 89.04205 84.57148 0.9497926 0.96014935 9.018589 0.0
 9.210867 7.343452 6.953097 0.94684315 0.79725957 8.805517 12.5
 103.94692 100.67288 96.02196 0.9538016 0.9685028 9.2048025 0.0
 108.88857 104.893715 99.807686 0.9515126 0.9633124 9.056596 0.0
 80.63597 75.52631 67.66702 0.89593965 0.9366331 4.093453 2.0833333
 15.286157 7.321154 6.7933125 0.92790186 0.47894013 9.374051 16.666666
 98.63367 96.97787 90.114525 0.92922777 0.9832126 6.0358224 9.375
 96.09625 92.42226 88.09754 0.953207 0.96176755 9.181782 13.636364
 95.67272 92.94522 87.95091 0.94626606 0.9714914 9.334268 3.409091
 86.02731 82.569275 77.30991 0.93630356 0.95980304 8.980382 3.409091
 75.714355 74.110245 69.958405 0.9439775 0.97881377 9.151264 4.5454545
 87.85658 78.029015 72.68902 0.931564 0.8881408 9.12202 7.9545455
 83.227036 80.44089 76.329865 0.9488939 0.96652347 9.189901 1.1363636
 86.027794 83.575935 79.55208 0.9518539 0.97149926 8.69672 1.1363636
 71.537125 64.96055 57.485756 0.88493335 0.9080676 4.2196794 2.0833333
 15.858846 14.338976 13.591379 0.9478626 0.90416265 9.18128 7.9545455
 83.06645 77.86207 73.866745 0.9486872 0.93734676 8.341901 3.5714285
 76.76249 73.63 69.66463 0.94614464 0.95919234 9.191485 11.363636
 10.838464 9.34038 8.677525 0.9290334 0.86178076 9.548045 11.363636
 8.204628 7.8848433 7.365248 0.934102 0.96102387 9.283806 9.090909
 5.9823503 3.0324206 1.0822694 0.3568995 0.50689447 2.2229052 15.476191
 89.783516 85.26175 76.199844 0.89371663 0.949637 4.224247 0.0
 23.08663 14.823015 12.533419 0.8455377 0.64206064 4.064854 12.5
 87.899025 82.299324 77.92624 0.9468636 0.93629396 9.124395 11.363636
 24.15747 21.3769 19.554623 0.91475487 0.8848981 8.571609 9.090909
 85.216774 81.633804 77.50883 0.9494697 0.9579547 8.999076 3.409091
 82.59305 80.665016 76.093376 0.94332564 0.97665626 8.962714 2.2727273
 96.812904 89.20071 83.22717 0.9330327 0.92137206 8.146037 6.25
 64.59111 60.80186 56.96368 0.936874 0.94133484 8.294378 5.0
 81.38762 81.65625 74.77777 0.915763 1.0033007 7.3443537 3.9473684
 92.57519 93.823715 87.00612 0.9273361 1.0134866 7.5796037 3.9473684
 81.92232 83.24032 76.919136 0.92406106 1.0160885 7.475734 3.9473684
 82.88233 71.755066 66.44704 0.92602575 0.8657462 7.5965877 13.157895
 13.410138 10.448325 9.522769 0.9114158 0.7791363 7.4240694 11.842105
 84.13159 82.1888 74.80607 0.9101735 0.97690773 5.945119 7.8125
 83.86893 83.51056 77.12652 0.9235541 0.99572706 5.970376 1.5625
 16.610207 16.604517 14.594458 0.878945 0.9996575 8.016232 5.263158
 19.043991 13.982692 12.484203 0.89283264 0.7342311 5.712656 11.842105
 77.58713 77.16731 71.50259 0.9265917 0.99458915 7.541561 9.210526
 84.046555 83.36705 77.407646 0.92851603 0.9919151 7.520887 0.0
 83.28214 78.69843 73.655396 0.9359194 0.94496167 6.664929 11.111111
 98.98625 81.83479 76.15842 0.9306361 0.8267288 6.815659 16.666666
 85.99306 49.48418 43.37759 0.87659514 0.57544386 6.705275 12.5
 91.40448 77.517235 71.53159 0.92278314 0.8480682 6.9991155 18.055555
 90.83822 89.13923 82.55994 0.92619085 0.9812965 6.961198 1.3888888
 90.43781 84.913284 78.8324 0.9283871 0.9389135 6.559035 4.4117646
 86.03514 83.47279 77.635315 0.9300673 0.9702174 6.6087427 2.9411764
 7.9500093 6.531092 4.3477306 0.6656973 0.8215201 5.645035 13.235294
 92.90066 92.826965 83.392586 0.898366 0.9992068 3.9862998 2.0833333
 108.69675 96.20165 88.63621 0.92135847 0.8850463 6.754886 14.705882
 90.39128 70.59669 64.714 0.9166719 0.7810121 6.568627 14.705882
 82.35282 78.431984 73.11346 0.93218935 0.9523898 6.4899335 11.764706
 88.80354 88.59103 82.84677 0.93515986 0.9976069 6.5799046 2.9411764
 113.61381 85.46108 76.856926 0.8993208 0.7522068 4.925008 7.142857
 84.3902 84.21802 77.664154 0.9221798 0.9979597 6.120166 0.0
 81.91825 73.21205 67.14116 0.91707796 0.89372087 6.134782 7.8125
 17.545965 18.669441 16.75323 0.89736104 1.0640305 5.5517163 9.375
 91.33058 91.32871 84.66539 0.9270403 0.99997956 6.13798 4.6875
 77.47467 77.49021 71.74057 0.9258017 1.0002005 6.1904716 4.6875
 28.10507 15.829916 12.659037 0.79969066 0.5632406 5.717667 10.0
 73.3565 72.89581 66.967636 0.9186761 0.9937199 5.7204986 5.0
 93.814514 82.0163 74.82184 0.9122802 0.8742389 5.7259116 15.0
 92.21871 85.21651 77.94344 0.91465193 0.9240696 5.279233 5.357143
 82.37186 82.43778 75.71973 0.9185076 1.0008004 5.2448635 1.7857143
 86.16507 86.5673 78.66739 0.90874255 1.0046681 5.3172736 5.357143
 89.19765 90.34866 82.6187 0.9144429 1.0129042 5.244653 7.142857
 96.897545 102.073 90.16014 0.8832908 1.0534116 4.5869412 13.461538
 94.56114 94.41256 84.04573 0.89019644 0.99842876 4.573106 5.769231
 61.34712 38.695873 32.410572 0.83757186 0.6307692 3.7983208 10.416667
 85.08933 85.74888 75.69378 0.8827378 1.0077512 4.5406923 5.769231
 73.88471 66.95333 58.72296 0.87707305 0.9061865 4.5916986 13.461538
 59.921482 57.23218 50.337307 0.87952805 0.9551196 4.46479 11.538462
 87.24199 88.24177 77.26258 0.8755783 1.0114598 4.6407695 9.615385
 83.12699 80.372696 71.07101 0.884268 0.9668664 4.6051908 5.769231
 81.58033 85.294945 75.2288 0.8819843 1.0455332 4.66506 7.6923075
 81.513 86.088806 74.94223 0.8705223 1.0561359 3.9779887 14.583333
 80.86262 81.698616 70.75412 0.8660382 1.0103384 4.00195 8.333333
 83.05388 82.144394 71.15468 0.86621463 0.9890495 4.167893 6.25
 80.936646 77.74343 67.188965 0.8642398 0.9605467 4.0073595 6.25
 1.0 73.510056 67.67656 62.799294 0.92793274 0.92064357 516.4379 7.8617225 196.0
