 6.360881 4.822292 3.611945 0.74900997 0.758117 8.91373 10.227273
 117.69244 117.89377 109.745026 0.9308806 1.0017107 7.942759 3.75
 118.500084 113.673225 104.21875 0.9168276 0.959267 8.792632 1.1363636
 117.63744 116.609856 108.32515 0.92895365 0.9912648 8.852679 3.409091
 118.385254 118.46855 108.65938 0.9172002 1.0007036 6.4532323 0.0
 109.422005 104.436844 95.36954 0.91317904 0.95444095 8.542443 9.090909
 8.143196 5.239387 3.8530962 0.7354097 0.6434067 7.5532064 17.045454
 130.08508 127.82363 115.577126 0.90419215 0.98261565 8.694287 1.1363636
 122.22311 119.48307 109.13893 0.91342586 0.97758174 8.514114 2.2727273
 107.89455 112.80691 99.252396 0.87984324 1.0455292 4.123203 8.333333
 119.37768 116.20629 106.02148 0.9123557 0.97343403 8.73537 6.818182
 121.582794 118.891685 108.723145 0.9144722 0.977866 8.701772 1.1363636
 42.67888 42.89602 40.028 0.93314016 1.0050877 7.550712 10.526316
 113.4765 111.759224 101.7244 0.9102103 0.9848667 6.505727 1.4705882
 7.8941894 6.9152155 6.0669208 0.87732923 0.87598807 8.36886 10.227273
 118.345795 116.458824 109.53732 0.94056696 0.98405546 8.720882 1.1363636
 117.52998 114.01524 103.84611 0.910809 0.970095 8.733623 5.681818
 12.160401 9.611539 8.628665 0.8977402 0.7903965 6.914519 12.5
 123.28629 120.51626 110.337944 0.9155441 0.9775317 8.6525 7.9545455
 122.63386 120.94974 109.84247 0.9081662 0.9862671 8.631581 1.1363636
 121.617805 111.83777 98.97178 0.88495845 0.9195838 4.474883 3.8461537
 139.29083 132.24948 123.29807 0.9323143 0.9494485 6.721622 1.3888888
 10.11681 7.558093 3.9147713 0.51795757 0.7470826 3.9851253 8.928572
 125.21745 120.80909 112.29939 0.9295608 0.96479434 6.1975017 1.4705882
 126.46817 115.678986 106.6594 0.9220292 0.9146885 6.2824287 0.0
 120.29211 118.821594 110.20047 0.9274448 0.9877755 5.2463293 1.6666666
 122.08048 119.11245 110.85253 0.9306544 0.9756879 5.2423263 5.0
 124.20141 119.84716 109.34588 0.9123777 0.96494204 4.8026857 1.7857143
 120.29064 115.370674 104.45064 0.90534824 0.95909935 4.7521763 1.7857143
 129.16472 127.705956 114.93633 0.9000076 0.98870623 3.9158297 0.0
 1.0 99.8017 96.94896 88.58124 0.9136894 0.971416 679.69934 4.6953874 30.0
