 75.81165 58.33086 53.947906 0.9248605 0.7694181 8.944251 11.363636
 90.00068 85.42761 79.850174 0.9347116 0.94918853 8.837855 10.227273
 16.417084 16.269514 15.045411 0.9247609 0.9910112 8.509821 7.9545455
 12.251481 11.472645 10.453252 0.9111458 0.9364292 6.851786 2.9411764
 119.032555 96.700424 89.31362 0.92361146 0.8123864 8.912986 11.363636
 62.136993 60.99048 57.069836 0.93571717 0.9815486 9.000136 12.5
 4.6499076 3.501453 3.2602928 0.9311257 0.7530156 8.578879 14.772727
 91.00223 79.57707 73.0872 0.9184454 0.87445194 9.027771 12.5
 90.0818 73.74828 67.90995 0.9208343 0.81868124 8.833068 15.909091
 2.200207 0.6013707 0.12395724 0.20612451 0.2733246 1.7690707 19.047619
 17.50799 3.720296 1.4096215 0.37890035 0.21249133 3.4657938 12.5
 2.858371 1.0593512 0.23797765 0.22464474 0.3706136 1.4924648 22.368422
 91.094315 79.73145 73.551575 0.9224914 0.87526274 8.715093 6.818182
 18.446333 17.441702 16.339537 0.9368086 0.9455377 9.043416 7.9545455
 111.24601 110.58027 103.20318 0.93328744 0.99401563 9.0318165 1.1363636
 16.903933 16.136112 15.090847 0.93522197 0.95457745 8.949906 12.5
 82.1104 68.38852 63.41669 0.9273003 0.832885 8.910644 9.090909
 94.03722 78.92634 74.01094 0.9377217 0.83930963 9.052994 13.636364
 1.8563148 0.4256286 0.11591364 0.27233517 0.22928686 2.3130074 18.421053
 111.57623 104.84576 95.103546 0.90708053 0.93967825 6.318774 12.5
 112.23914 99.269844 89.512215 0.9017059 0.8844494 6.130117 6.25
 65.42648 38.52049 34.141598 0.8863231 0.58875984 6.0932 9.375
 4.670225 3.530185 3.1388073 0.88913393 0.7558918 8.624228 14.772727
 26.519495 25.332047 23.951529 0.94550306 0.95522356 8.706031 3.409091
 80.49282 67.7013 63.007603 0.93067044 0.84108496 8.870968 10.227273
 52.093594 52.129543 48.814304 0.9364038 1.0006901 9.268834 6.818182
 86.91363 76.93235 71.34849 0.9274186 0.88515866 9.200521 12.5
 1.7057091 0.39783096 0.048751578 0.12254344 0.23323496 1.3865285 21.153847
 89.02318 56.315006 51.14183 0.9081386 0.63258815 8.867886 12.5
 92.15686 76.89604 70.86756 0.9216022 0.83440393 7.096822 14.473684
 87.233665 84.21658 76.08385 0.90343064 0.9654138 6.03881 3.125
 5.655124 1.8055315 0.9944545 0.55078214 0.31927353 3.3690145 12.5
 88.40609 63.136166 57.04026 0.9034482 0.71416086 5.534239 15.625
 1.0 57.68963 48.91085 44.928265 0.9185746 0.84782743 396.9296 11.461678 33.0
