 1.0592773 0.27086407 0.09141049 0.33747736 0.25570646 2.2827294 25.0
 3.6285865 2.927221 2.5850759 0.883116 0.80671114 9.296358 15.476191
 8.794918 7.926671 7.1247907 0.8988377 0.9012785 7.478615 9.090909
 10.265156 9.350278 8.673991 0.92767197 0.9108754 8.617422 9.090909
 110.33511 75.4929 66.86926 0.88576895 0.6842146 5.853309 17.1875
 8.273468 7.8761864 7.324928 0.9300095 0.95198125 8.361182 11.363636
 7.1104407 4.710289 4.124009 0.87553215 0.66244686 7.7103534 14.772727
 5.3114347 4.587095 4.1779947 0.91081494 0.8636263 8.525351 14.772727
 8.965309 7.5415244 7.1412716 0.9469268 0.8411895 8.908208 12.5
 4.682594 3.8796215 3.4435954 0.88761115 0.8285197 7.6037936 15.909091
 0.6609901 0.17792012 0.037376124 0.21007252 0.26917213 2.8498654 20.833334
 7.3209057 7.5476356 6.966521 0.923007 1.0309702 8.667328 4.5454545
 2.6033776 0.7626044 0.19860871 0.26043478 0.29292884 2.851857 18.75
 2.7225678 1.4529512 1.0455835 0.7196274 0.5336694 7.3714004 16.25
 119.18376 120.41289 112.66865 0.93568593 1.0103129 8.527939 1.1363636
 3.0183668 1.8557502 1.4615967 0.7876043 0.6148193 7.166369 15.476191
 1.7887068 0.49414238 0.103833094 0.21012789 0.27625677 2.2982428 19.047619
 3.9130852 1.2964475 0.4727526 0.3646523 0.33131084 3.17128 18.75
 9.842434 9.003994 8.401599 0.9330969 0.9148138 8.715955 10.227273
 107.64637 105.3971 95.6245 0.90727824 0.979105 6.3535247 1.4705882
 11.196254 11.231818 10.244852 0.9121277 1.0031765 10.005616 6.818182
 6.6627817 5.4927645 5.0179377 0.91355413 0.82439506 8.10708 11.904762
 4.829058 3.0474129 2.5382543 0.832921 0.6310574 8.119359 13.636364
 106.70548 108.51982 96.55915 0.88978356 1.0170033 5.5171723 1.6666666
 5.5599537 2.6934612 2.1277223 0.78995836 0.48443946 6.2669015 9.523809
 14.6831255 10.507302 6.4658327 0.6153656 0.71560395 1.9529198 11.538462
 1.0 22.183212 19.786795 17.749659 0.8970456 0.8919716 136.06377 12.566875 26.0
