 2.010481 0.57585037 0.20530277 0.35652104 0.28642416 3.7627811 20.588236
 3.0974164 2.8905613 2.7319136 0.9451152 0.9332169 7.945724 13.75
 98.565735 97.567924 92.27196 0.94572026 0.9898766 9.124599 3.409091
 4.405113 1.6407726 1.4024249 0.8547345 0.37247 6.0901 15.277778
 89.045746 88.10556 82.49261 0.9362928 0.98944145 9.042668 4.5454545
 3.1581984 0.7098686 0.25581163 0.36036474 0.22477011 4.9864497 19.047619
 77.64235 78.37466 73.68795 0.9402013 1.0094318 9.145635 3.409091
 99.03646 75.193474 69.79062 0.92814726 0.7592504 8.937536 19.318182
 10.771425 8.432387 6.7753625 0.80349284 0.7828479 7.6969123 15.909091
 3.1048484 1.2062076 0.55536985 0.46042642 0.38849163 4.152893 15.0
 92.80393 90.13563 85.04706 0.9435454 0.97124785 8.994344 12.5
 9.447106 8.002681 5.3872886 0.67318547 0.84710383 7.5474744 9.090909
 99.90368 74.21806 67.95288 0.9155841 0.7428962 8.733481 15.909091
 1.5612192 0.4390803 0.18448086 0.4201529 0.28124192 3.2614148 20.588236
 7.681741 7.502237 7.029534 0.9369917 0.97663236 9.4480505 9.090909
 1.6992955 0.4014833 0.07416589 0.1847297 0.23626456 1.8646139 22.222221
 1.9315768 0.663626 0.28860936 0.43489757 0.34356698 3.495245 18.75
 91.81671 92.66869 87.03577 0.9392144 1.0092791 8.043348 3.75
 2.6528792 0.8941709 0.6376055 0.71306896 0.33705676 4.9379992 19.736841
 6.3606515 5.3315496 4.250971 0.79732376 0.8382081 6.294274 14.772727
 1.3096737 0.39931327 0.06327499 0.15845953 0.30489525 1.2648135 17.857143
 9.935092 7.9590425 7.3975463 0.9294518 0.80110407 9.1038885 18.181818
 5.1914883 3.7436206 3.3517632 0.8953267 0.7211074 9.432619 14.772727
 10.489826 10.131167 9.627285 0.95026416 0.9658089 9.4114 11.363636
 95.98716 69.12438 62.902687 0.9099927 0.720142 6.0282903 14.0625
 91.78658 90.714905 84.22061 0.9284098 0.9883243 8.779346 4.5454545
 79.11473 78.46648 74.38273 0.9479555 0.99180615 9.189596 6.818182
 14.630103 14.717866 13.920694 0.9458364 1.0059988 9.280695 13.636364
 2.9943478 0.85249203 0.3127062 0.36681423 0.2847004 1.9856818 15.0
 83.065704 81.222244 76.53295 0.9422659 0.9778072 9.189839 5.681818
 13.314824 11.40278 10.791361 0.94637984 0.85639733 8.690583 14.772727
 35.343372 13.709146 12.428155 0.9065594 0.38788447 8.982865 18.181818
 81.97784 80.413216 75.95867 0.94460434 0.9809141 9.076648 11.363636
 1.2380404 0.2228502 0.07608756 0.34142914 0.18000236 3.550413 19.444445
 12.798209 9.663854 8.890794 0.92000496 0.75509423 9.218927 15.909091
 89.6461 65.958755 59.004997 0.89457417 0.7357682 4.503526 9.615385
 8.148224 7.760975 7.287024 0.9389316 0.95247436 9.111958 14.772727
 99.832245 75.81058 70.700584 0.93259525 0.7593797 9.176658 12.5
 6.4925137 2.0247817 0.6655232 0.32868883 0.31186408 3.2162905 14.285714
 10.97822 8.535493 7.6812677 0.8999208 0.77749336 5.946791 6.25
 2.4928954 0.45866045 0.2707647 0.590338 0.18398705 2.7466183 17.5
 82.82345 82.33209 78.07311 0.9482708 0.99406743 9.135855 5.681818
 1.207596 0.41077 0.180866 0.44030967 0.34015515 5.85681 23.214285
 1.3068154 0.37119058 0.10881233 0.2931441 0.2840421 3.5981677 20.0
 4.579308 1.3463705 0.5442698 0.40424967 0.29401174 4.093042 16.666666
 104.87307 80.782616 75.100044 0.929656 0.77028936 9.008754 15.909091
 2.3082235 0.63942677 0.124481864 0.1946773 0.27702114 1.1980202 19.444445
 3.3041291 0.78776836 0.16424981 0.20850013 0.23841937 1.7495263 17.045454
 65.969795 46.091324 42.87636 0.93024796 0.6986731 8.849009 17.045454
 2.1130855 0.7622837 0.44556934 0.584519 0.3607444 3.606327 18.055555
 101.06711 100.41964 94.93639 0.94539666 0.99359363 9.223547 3.409091
 7.398886 6.2584558 5.1187444 0.81789255 0.8458646 10.101655 12.5
 2.485288 1.1615015 0.7002183 0.6028561 0.46735093 4.00679 17.105263
 90.002754 89.41857 84.60482 0.9461661 0.99350923 9.162101 11.363636
 99.95765 84.91334 76.5873 0.90194666 0.84949315 5.0961146 8.928572
 85.8696 75.62959 70.800705 0.9361508 0.88074934 9.1447935 13.636364
 5.1414795 3.9476318 2.4117615 0.6109388 0.76780075 8.126893 13.095238
 81.58485 78.389565 73.11325 0.93269116 0.9608349 9.123637 3.409091
 87.9188 55.559975 51.229523 0.92205805 0.63194644 7.3306303 10.526316
 7.186124 6.5136065 6.142904 0.943088 0.90641445 9.685569 13.636364
 6.368035 2.749749 1.928489 0.70133275 0.43180493 5.098434 15.909091
 9.120657 6.915834 5.9342346 0.85806495 0.7582605 9.544579 13.636364
 95.30943 92.23129 86.55603 0.9384671 0.96770376 8.645701 4.7619047
 19.53631 18.797768 17.721315 0.94273514 0.96219635 9.146632 7.9545455
 91.71997 86.19681 81.34592 0.94372314 0.9397823 9.135733 2.2727273
 2.7847748 0.68189996 0.3046214 0.44672447 0.24486718 5.524738 19.047619
 93.91287 87.6905 81.94387 0.93446696 0.9337431 9.0282545 12.5
 21.052368 21.31862 20.088829 0.9423137 1.0126472 9.283299 10.227273
 5.19031 1.5266578 0.3035039 0.19880284 0.29413617 1.4486942 17.5
 22.446926 21.78713 20.335201 0.93335843 0.97060645 7.983112 10.227273
 19.249891 18.175125 17.21716 0.94729245 0.94416773 8.894891 13.636364
 2.1456463 0.5820856 0.09853198 0.16927403 0.27128682 1.5938585 23.61111
 89.81947 55.139534 51.624825 0.9362579 0.6138929 9.074913 15.909091
 88.00385 82.24952 74.837395 0.9098824 0.93461275 5.140168 16.071428
 6.449821 3.5477564 2.813391 0.79300565 0.550055 7.655591 15.909091
 42.05812 41.027855 38.5885 0.94054395 0.97550374 9.114328 9.090909
 1.6839292 0.7815315 0.27908713 0.35710284 0.46411186 2.638735 11.363636
 83.76318 83.82802 77.97441 0.93017125 1.000774 7.627692 3.9473684
 3.5140717 1.1577389 0.8519029 0.7358334 0.32945797 5.034562 16.666666
 85.962685 84.0295 76.94223 0.91565734 0.9775114 5.120977 1.7857143
 9.370021 9.293209 8.531973 0.9180868 0.9918024 4.0169334 8.333333
 1.0 38.271904 33.3789 30.913704 0.9261451 0.87215155 276.72058 13.138455 81.0
