 9.146309 2.5241747 1.0807344 0.42815357 0.2759774 5.389623 15.909091
 50.873055 48.585964 43.442844 0.8941439 0.95504326 4.40603 11.538462
 101.05867 63.46986 56.008377 0.8824405 0.6280496 9.053792 17.045454
 8.583851 6.7196994 6.3663764 0.94741976 0.7828304 5.614481 8.823529
 16.1856 13.132643 8.564613 0.6521622 0.8113782 5.0079603 11.363636
 62.324123 53.421883 48.43412 0.90663445 0.8571622 8.991688 6.818182
 89.84664 74.526634 69.67185 0.9348583 0.8294872 9.105914 14.772727
 8.913007 5.559037 4.911547 0.8835248 0.6236994 8.07897 17.5
 13.029354 9.285022 7.005047 0.75444597 0.7126233 6.417644 12.5
 76.671295 67.39055 60.537163 0.89830345 0.87895405 6.548768 1.4705882
 96.78587 92.80039 88.025 0.94854134 0.9588216 9.145188 7.9545455
 24.036158 19.623657 17.625414 0.8981717 0.8164224 7.987596 7.9545455
 10.429637 8.523321 8.063315 0.9460298 0.8172212 6.841786 10.526316
 8.067673 5.1568885 3.183319 0.6172945 0.639204 6.1024294 12.5
 11.662089 10.117459 9.322756 0.9214522 0.8675512 6.3049307 11.363636
 12.82063 8.460613 5.0617056 0.59826696 0.65992177 7.284945 9.090909
 17.408312 17.886164 16.441364 0.91922253 1.0274496 9.178733 11.363636
 13.807236 9.756909 8.472793 0.86838895 0.7066519 8.460281 13.636364
 10.907247 6.116585 1.6508175 0.26989204 0.5607817 2.9671178 15.909091
 96.48307 87.50357 82.323074 0.94079673 0.9069318 9.334504 3.409091
 14.291934 7.4615774 5.3358507 0.7151103 0.5220831 3.8966186 10.0
 11.144768 9.719036 8.093453 0.8327424 0.8720716 8.218843 9.090909
 121.842514 85.814865 75.94826 0.8850245 0.7043097 4.923252 16.071428
 8.865957 5.7618427 4.1138773 0.7139864 0.64988387 6.7155466 13.095238
 44.33329 37.865032 35.373257 0.93419325 0.8540992 10.038611 11.363636
 24.474348 18.597286 16.090235 0.8651926 0.7598685 10.741822 9.090909
 86.01 55.361538 51.575005 0.93160355 0.643664 8.747165 17.045454
 6.770684 4.7811937 3.6474924 0.76288325 0.70616114 9.620789 9.090909
 81.8274 72.77428 63.967876 0.87899023 0.88936317 6.903969 4.1666665
 97.64731 82.31017 77.17922 0.9376632 0.8429333 9.182884 10.227273
 116.623695 112.26022 105.134155 0.93652195 0.962585 8.736356 3.409091
 16.127106 11.722521 7.546136 0.6437298 0.7268832 8.08896 11.363636
 89.0003 75.857544 70.604675 0.93075347 0.85232913 8.87956 13.636364
 16.324371 11.365581 10.098152 0.8884854 0.69623387 8.795493 12.5
 75.078545 60.737854 56.816776 0.93544257 0.8089909 8.198454 12.5
 71.314095 54.156765 51.57335 0.9522974 0.7594118 7.975108 11.363636
 48.065483 39.58652 36.77467 0.92896944 0.82359564 8.822367 4.5454545
 89.28315 77.188095 73.35503 0.9503412 0.86453146 9.253876 3.409091
 87.89864 81.29725 77.04104 0.9476463 0.9248977 8.913442 2.2727273
 92.4299 84.33946 78.61824 0.9321644 0.91246945 8.856916 2.2727273
 14.043919 11.639012 10.256929 0.88125426 0.8287581 10.337147 7.9545455
 96.100945 89.36587 85.07608 0.9519975 0.9299166 8.883455 3.409091
 57.376778 47.87736 43.98616 0.91872567 0.83443797 9.23922 6.818182
 99.17894 89.699394 84.0214 0.9366997 0.9044198 9.267926 13.636364
 95.80148 87.170525 81.05252 0.92981577 0.9099079 9.028786 0.0
 100.86436 86.22862 69.578 0.80690145 0.85489684 9.14001 5.681818
 83.23236 74.26591 68.95737 0.9285199 0.89227194 9.129246 3.409091
 63.52561 55.015335 50.482155 0.9176015 0.8660339 8.39712 10.227273
 13.5292 11.827231 10.581287 0.89465463 0.8742004 7.8487153 13.888889
 119.02416 115.17267 103.693665 0.9003322 0.96764106 4.425981 1.9230769
 110.33972 100.12805 94.43161 0.9431084 0.90745246 7.339275 2.631579
 116.95898 110.1552 97.39983 0.88420546 0.94182765 4.0134463 2.0833333
 102.03204 99.74192 91.09407 0.9132978 0.97755486 8.496122 3.5714285
 109.24771 104.08407 96.38352 0.9260161 0.95273453 8.460788 5.952381
 117.10674 112.4429 104.5662 0.9299493 0.9601745 8.426331 5.952381
 101.37447 93.23653 87.0781 0.93394834 0.9197239 8.343785 10.714286
 98.70087 96.74828 91.030716 0.94090265 0.98021716 8.415686 3.5714285
 100.63347 86.93213 81.28591 0.9350503 0.86384904 8.680261 9.523809
 125.85399 115.32265 104.24199 0.903916 0.916321 5.0856943 1.7857143
 94.10304 90.45403 84.377464 0.93282145 0.96122324 8.407501 3.5714285
 105.25179 99.36571 89.94194 0.9051608 0.9440761 8.403669 2.3809524
 99.282166 91.23345 82.656 0.9059835 0.9189309 4.984187 7.142857
 99.58509 92.95509 82.95132 0.89238054 0.9334238 4.292958 1.9230769
 118.852844 115.36532 104.546196 0.9062186 0.97065675 8.551226 3.5714285
 89.446724 85.02248 78.35987 0.9216371 0.9505377 8.386579 2.3809524
 117.48479 111.61864 104.69737 0.93799186 0.95006883 8.388199 3.5714285
 93.17548 87.33665 81.42011 0.932256 0.93733513 8.564753 3.5714285
 126.92368 120.95532 111.00164 0.91770774 0.95297676 6.5276427 5.882353
 104.68447 101.92089 90.8249 0.8911313 0.97360086 3.9506092 0.0
 127.082756 124.080345 116.5227 0.9390907 0.9763744 8.657485 1.1904762
 108.45137 104.89579 97.99166 0.93418103 0.967215 8.548063 3.5714285
 107.48219 102.42981 94.23354 0.9199816 0.9529933 6.023984 0.0
 80.681076 76.51862 72.03512 0.94140637 0.9484086 8.25638 3.5714285
 98.785255 94.8947 88.098625 0.928383 0.96061605 8.478565 7.142857
 105.47242 100.43266 94.42686 0.9402006 0.95221734 8.342043 14.285714
 81.60196 77.019585 70.62496 0.91697407 0.9438448 7.0528502 7.352941
 72.32324 62.919815 59.583363 0.94697297 0.8699806 8.840404 14.285714
 87.24329 85.70552 80.70778 0.941687 0.9823738 8.448297 11.904762
 136.26561 131.98915 115.53916 0.87536854 0.9686167 4.063569 8.333333
 115.64047 106.97487 97.41353 0.9106207 0.92506427 7.2136188 0.0
 108.974205 105.163185 98.90976 0.940536 0.9650282 8.440035 2.3809524
 123.03198 120.43554 112.195694 0.9315829 0.9788962 8.244312 4.7619047
 100.07075 96.413895 90.349434 0.9370997 0.96345735 8.430042 3.5714285
 105.93026 93.34828 82.48361 0.88361144 0.881224 8.967415 3.75
 121.57891 115.74069 105.97864 0.91565585 0.95198 5.9889045 4.6875
 120.20588 112.42641 101.63721 0.90403324 0.9352821 8.29481 3.5714285
 107.62491 102.75254 94.693344 0.92156696 0.95472825 8.320792 7.142857
 98.54638 90.31236 84.24157 0.93278 0.91644526 7.575464 3.9473684
 112.615715 107.36345 100.16533 0.93295556 0.95336115 8.313119 4.7619047
 119.87482 115.871994 108.77166 0.9387226 0.96660835 8.614227 2.3809524
 101.98448 100.3716 93.91456 0.9356687 0.984185 8.530742 2.3809524
 116.567696 111.6936 103.11241 0.92317206 0.9581866 6.547668 1.4705882
 110.67805 103.77042 96.79909 0.93281966 0.9375881 8.492986 2.3809524
 100.16528 92.44449 83.24446 0.90048057 0.92291945 5.0443006 0.0
 116.429375 97.37734 88.23921 0.9061575 0.83636403 9.730708 4.7619047
 102.91178 95.74331 86.55098 0.9039898 0.9303435 5.1265483 1.7857143
 119.74295 113.40172 106.67636 0.9406944 0.94704294 8.355982 8.333333
 120.347885 89.69555 81.103386 0.90420747 0.7453022 6.6570215 16.17647
 19.000513 11.549232 5.1008887 0.4416648 0.60783786 4.663896 8.333333
 103.658905 101.082855 95.447784 0.94425297 0.9751488 8.458965 1.1904762
 110.164986 104.90036 98.378044 0.93782365 0.9522115 7.972073 6.25
 85.59434 82.96805 77.99637 0.9400771 0.9693171 8.5714245 1.1904762
 115.71809 115.23392 108.80025 0.9441687 0.99581593 8.635648 3.5714285
 104.929756 94.33617 75.6883 0.8023254 0.8990411 8.560826 4.7619047
 112.40303 105.92757 97.72717 0.9225849 0.9423907 6.0658207 1.5625
 105.41367 98.87723 91.47965 0.92518425 0.93799245 7.049022 8.333333
 107.81291 102.74682 95.650444 0.93093336 0.9530103 8.54398 3.5714285
 105.16662 103.05816 97.03719 0.9415771 0.9799512 8.503038 2.3809524
 115.18231 100.26105 92.36245 0.9212197 0.8704552 8.36056 13.095238
 107.63105 101.668625 91.3968 0.89896756 0.94460315 5.0804176 1.7857143
 103.53276 95.850334 89.637405 0.93518096 0.92579716 8.495504 3.5714285
 123.147125 121.54628 113.16258 0.9310247 0.9870006 6.6216803 5.882353
 91.542465 84.93428 77.75533 0.91547644 0.92781293 8.561029 3.5714285
 111.1408 100.94879 93.28196 0.92405224 0.9082964 7.1590943 2.7777777
 105.93714 102.49199 96.167145 0.93828934 0.96747935 8.355433 3.5714285
 123.08007 115.90052 102.810616 0.88705915 0.9416677 4.003704 2.0833333
 103.09552 97.619064 90.107346 0.92305076 0.94687974 8.369182 5.952381
 103.45929 96.350365 90.814316 0.94254255 0.9312877 8.182711 0.0
 113.86367 107.47904 100.74118 0.93731004 0.9439274 8.4288025 9.523809
 103.40894 92.60025 85.94142 0.9280906 0.8954762 8.548092 11.904762
 114.207664 110.38204 102.77127 0.9310506 0.9665029 8.607493 3.5714285
 126.27646 121.00491 113.56261 0.9384958 0.9582539 8.577617 1.1904762
 123.96828 115.60893 105.006996 0.9082948 0.93256867 5.079643 1.7857143
 118.2423 110.83279 100.12576 0.9033948 0.93733615 4.991908 7.142857
 87.964645 83.78632 78.78645 0.940326 0.9525 8.871324 9.523809
 102.05785 100.10673 93.54227 0.93442535 0.98088217 8.161441 3.5714285
 115.8997 111.88472 102.75198 0.9183737 0.9653582 6.5983753 1.4705882
 106.59975 100.2054 94.761986 0.9456774 0.9400153 8.145736 2.3809524
 99.93079 95.41463 89.422356 0.93719757 0.9548071 8.602982 7.142857
 100.8296 94.1614 86.66385 0.9203755 0.9338667 8.412387 8.333333
 98.32291 90.56139 84.88585 0.9373293 0.92106104 8.554329 2.3809524
 104.86899 97.78354 91.91667 0.9400015 0.9324353 8.427444 2.3809524
 85.610054 83.88344 79.09345 0.94289714 0.9798316 8.444942 11.904762
 126.99126 124.3416 117.17408 0.94235617 0.97913516 8.505056 3.5714285
 92.100334 84.43575 75.745056 0.89707327 0.91678005 5.014887 3.5714285
 106.81488 96.9712 87.52856 0.90262425 0.90784353 5.6494036 6.6666665
 117.72599 113.77788 107.095924 0.941272 0.96646357 8.702291 3.5714285
 121.953094 112.965416 105.1031 0.93040067 0.9263022 6.950707 11.111111
 111.49124 96.42366 40.88224 0.42398557 0.8648541 5.2908335 5.952381
 98.13447 93.47326 87.34093 0.93439484 0.95250183 8.697224 3.5714285
 105.693146 104.72408 97.83557 0.93422234 0.9908313 8.852447 1.1904762
 124.32522 117.991295 108.5512 0.9199933 0.9490536 6.5894904 1.4705882
 122.50753 118.39436 110.58468 0.9340367 0.9664252 8.731015 2.3809524
 113.507996 106.62232 96.56724 0.9056944 0.93933755 5.5463896 0.0
 119.34526 111.36651 102.05591 0.91639674 0.9331457 6.190613 1.5625
 97.46996 91.37392 84.790405 0.9279498 0.9374572 8.435138 10.714286
 85.425995 73.15629 66.07934 0.90326256 0.8563704 7.7259965 8.75
 92.08113 92.25797 86.1559 0.9338586 1.0019205 7.7132497 6.25
 86.31292 50.41606 42.42541 0.8415059 0.58410794 7.169633 18.75
 104.616486 103.8787 97.180954 0.93552333 0.99294776 7.7982426 6.25
 87.6418 87.55015 81.502075 0.9309187 0.99895436 8.2111435 1.25
 102.7815 103.109146 95.63763 0.9275378 1.0031878 7.5926304 3.9473684
 80.32564 61.297073 55.057816 0.8982128 0.7631072 7.2138543 15.789474
 104.88455 108.23671 101.25193 0.93546754 1.0319605 7.321008 2.631579
 49.76631 46.686264 43.41622 0.9299571 0.93810976 7.6045055 3.9473684
 115.04899 115.00936 106.13587 0.92284554 0.99965554 7.265315 5.263158
 97.85645 94.16425 87.50326 0.9292619 0.9622692 7.3811126 9.210526
 99.96525 101.65167 95.21286 0.936658 1.0168701 7.1190157 3.9473684
 95.98199 90.76598 83.43299 0.91920984 0.9456564 7.512342 9.210526
 118.553314 116.79978 103.05682 0.88233745 0.9852089 4.036017 2.0833333
 87.85624 88.969574 83.536835 0.9389371 1.0126723 7.2951035 7.894737
 93.06593 80.66768 69.923355 0.8668075 0.8667799 3.9087589 14.583333
 103.4215 104.24556 97.19335 0.9323501 1.007968 7.3981833 3.9473684
 103.70014 97.49838 89.46123 0.9175663 0.9401952 7.4771028 3.9473684
 87.0404 89.46235 81.25633 0.90827405 1.0278256 7.226695 6.5789475
 99.97382 100.98395 94.06483 0.931483 1.0101038 7.593061 3.9473684
 108.724686 109.77857 102.52962 0.9339675 1.0096931 7.2818975 3.9473684
 104.88257 103.17806 92.78375 0.89925855 0.98374844 4.432367 1.9230769
 106.956024 107.385735 100.03157 0.93151635 1.0040176 7.601633 3.9473684
 103.51841 106.26121 99.17268 0.93329155 1.0264958 7.2289033 3.9473684
 105.70181 110.64254 102.04915 0.9223319 1.0467421 5.1161876 0.0
 77.39013 76.19102 71.28725 0.9356385 0.9845056 7.104254 6.9444447
 112.19088 109.50673 101.85227 0.9301006 0.9760752 6.968276 4.1666665
 130.16759 123.076225 110.2523 0.895805 0.9455213 4.707434 0.0
 104.23445 104.40473 95.81331 0.91771036 1.0016336 6.561619 7.352941
 101.16059 99.73945 90.69068 0.90927595 0.9859516 5.648576 3.125
 102.02001 102.97889 93.50048 0.90795773 1.0093989 5.3585706 1.6666666
 97.60287 96.56842 87.63708 0.9075128 0.9894015 5.302275 10.0
 112.16861 113.880356 103.65954 0.9102495 1.0152605 5.399536 1.6666666
 110.57298 107.61595 95.10635 0.883757 0.97325724 3.9134517 2.0833333
 77.78424 75.63248 67.61965 0.8940558 0.97233677 4.727319 10.714286
 89.58151 89.34358 79.52926 0.8901508 0.99734396 4.843678 5.357143
 44.369595 39.113586 33.812363 0.86446595 0.8815403 3.990701 10.416667
 16.193003 3.998298 3.3189607 0.8300934 0.24691516 4.594422 16.071428
 99.084816 100.17698 88.81938 0.8866247 1.0110226 4.7754107 5.357143
 97.16314 96.55939 87.05127 0.9015309 0.9937862 4.379971 3.8461537
 120.784996 120.820656 108.44037 0.89753175 1.0002952 4.391039 3.8461537
 9.479366 9.551962 8.508219 0.89073 1.0076582 3.8139248 9.615385
 89.01899 60.41471 51.698658 0.85572964 0.67867213 3.781699 8.333333
 67.922226 69.38573 62.02252 0.89388 1.0215467 3.8808765 6.25
 96.83423 98.46105 88.00586 0.89381397 1.0168002 3.9697223 12.5
 13.878736 10.255411 8.875606 0.8654558 0.7389298 3.9320824 8.333333
 1.0 89.342865 83.299614 76.21292 0.91492534 0.93235886 605.6605 6.3393354 192.0
