 2.3429816 0.6554128 0.24804905 0.37846234 0.27973452 4.0961537 18.75
 6.71921 5.5158863 3.040684 0.5512594 0.82091284 7.0682096 10.227273
 149.25548 152.38322 145.23112 0.953065 1.0209557 6.572766 11.111111
 5.341596 3.6446328 1.9202849 0.5268802 0.68231153 4.5333447 16.17647
 4.6765027 3.1943538 1.8292564 0.57265306 0.68306464 4.531523 19.736841
 6.227155 3.7528322 1.6080418 0.4284875 0.60265595 5.2859745 13.636364
 18.216946 8.257566 2.1519 0.26059735 0.45329043 3.0928266 13.636364
 137.07567 129.04063 117.60259 0.9113609 0.94138247 3.7479296 2.0833333
 2.5164993 1.1107032 0.44308707 0.39892483 0.44136837 3.4369297 19.047619
 141.73698 144.71982 138.28459 0.9555332 1.0210449 6.493431 9.722222
 132.64862 132.78691 124.999016 0.9413505 1.0010425 6.4027357 1.3888888
 5.860947 4.639826 3.9279299 0.84656835 0.7916512 9.279487 11.904762
 141.16196 143.01332 136.49591 0.9544279 1.0131153 6.4799457 1.3888888
 72.52886 69.212555 63.339043 0.915138 0.9542761 3.722572 14.583333
 121.9736 124.48811 118.628006 0.9529264 1.0206151 6.4615574 1.3888888
 136.9633 139.64445 133.48071 0.9558612 1.0195756 6.455082 1.3888888
 6.5147395 2.668828 0.96725124 0.36242548 0.40965995 2.1173415 17.5
 102.48618 102.8718 98.15541 0.9541527 1.0037627 6.4255314 1.3888888
 132.48222 134.27014 128.15273 0.9544396 1.0134954 6.3816504 1.3888888
 1.3449649 0.48006526 0.11287614 0.23512666 0.35693514 2.1826668 18.75
 101.203445 103.1897 98.465866 0.95422184 1.0196264 6.436032 2.7777777
 148.21397 150.98392 144.08281 0.9542924 1.0186887 6.4920444 0.0
 79.02315 82.60899 79.79141 0.9658925 1.0453771 8.387763 1.1363636
 94.575836 97.78437 94.29963 0.964363 1.0339255 8.42433 0.0
 5.8916326 3.1862087 1.6726824 0.5249758 0.54080236 7.0644493 14.772727
 142.08755 132.42387 120.67804 0.91130114 0.9319879 3.715953 2.0833333
 143.77362 144.85733 138.18607 0.95394593 1.0075377 6.4493585 1.3888888
 5.000412 2.6207447 1.966246 0.7502624 0.5241057 5.350384 13.636364
 2.7260447 1.7177347 1.5186021 0.88407254 0.6301198 8.137356 15.476191
 85.65048 86.759995 83.61207 0.9637169 1.0129539 8.347385 14.772727
 4.125688 1.8666738 0.60817987 0.3258094 0.45245153 3.0472658 18.181818
 1.5833255 0.34793133 0.09032596 0.2596086 0.2197472 1.4308114 21.875
 1.9916493 0.6787528 0.47291386 0.6967395 0.34079936 3.6383188 15.909091
 125.58605 125.65888 118.11297 0.9399492 1.00058 6.4052 2.7777777
 4.4221 3.4955382 1.492975 0.42710876 0.7904702 4.556423 13.095238
 110.53209 110.75131 106.0702 0.95773315 1.0019833 6.306559 1.3888888
 140.56932 142.6407 135.97583 0.9532752 1.0147356 6.457563 0.0
 60.432663 61.826054 59.554302 0.96325576 1.0230569 8.223619 1.1363636
 74.58554 78.74939 75.88721 0.9636545 1.0558265 8.753256 1.1363636
 8.17708 6.4622717 3.4773762 0.5381043 0.79029083 3.3021576 14.772727
 137.97133 141.62555 135.38095 0.95590764 1.0264854 6.4671626 0.0
 3.1965425 1.9365709 1.3234513 0.6833993 0.605833 6.9767914 13.636364
 7.1192718 5.888246 2.6598659 0.45172462 0.8270855 4.0500026 10.227273
 136.01863 138.10907 131.7277 0.9537948 1.0153687 6.462671 4.1666665
 139.00775 130.32106 118.75799 0.91127247 0.93750924 3.7148452 6.25
 146.11041 148.20485 141.25552 0.9531099 1.0143347 6.4947577 1.3888888
 2.9308553 1.1909908 0.48083678 0.40372837 0.4063629 2.8796256 19.318182
 136.66333 138.7547 132.15347 0.9524252 1.0153031 6.4974976 0.0
 5.2611594 1.4714689 0.6123725 0.41616407 0.2796853 4.9399657 15.476191
 140.51463 133.20393 123.16009 0.9245979 0.947972 4.1157217 1.9230769
 65.32205 67.05889 47.5959 0.70976275 1.0265888 7.086353 3.409091
 100.22075 105.736885 102.137505 0.9659591 1.0550399 8.49017 6.818182
 142.03923 153.30563 145.38383 0.94832677 1.0793189 5.7228026 0.0
 139.60756 150.66795 137.70442 0.9139596 1.079225 5.596876 1.5625
 145.75658 133.89577 69.48183 0.5189248 0.9186259 3.5225296 4.6875
 5.9073067 3.7368562 2.6330214 0.7046087 0.63258207 6.7104583 12.5
 108.28997 120.026726 112.7813 0.9396349 1.1083827 5.4705315 1.6666666
 5.1712403 5.085216 4.619917 0.90849966 0.9833649 6.7153397 9.375
 6.6191144 5.5323644 4.7683506 0.8619011 0.8358163 4.0586853 15.384615
 80.380974 89.49003 79.48383 0.8881865 1.1133235 4.5448 5.769231
 1.0 72.03891 72.0034 66.345604 0.9214232 0.99950707 439.13565 8.251268 60.0
