 10.683934 7.978465 6.476358 0.8117298 0.74677217 5.024963 12.5
 21.99895 21.926052 19.847187 0.9051874 0.9966864 5.7080727 8.333333
 15.985002 15.489823 14.221718 0.91813296 0.96902233 8.263877 11.363636
 14.86948 11.83161 10.562416 0.89272857 0.7956976 8.668313 14.772727
 105.89648 94.30473 88.63912 0.9399223 0.890537 9.009673 15.909091
 15.412192 14.693472 13.513491 0.91969347 0.95336676 9.967303 12.5
 91.107544 67.058495 62.35028 0.9297895 0.73603666 9.045845 14.772727
 107.9733 109.745445 101.428734 0.9242182 1.0164129 7.356959 6.9444447
 8.531171 6.643461 5.2404275 0.78880984 0.77872795 3.3271546 14.772727
 108.209114 107.441315 101.52572 0.94494116 0.9929045 9.055736 7.9545455
 19.626503 19.071339 17.671015 0.9265744 0.9717135 9.602147 14.772727
 13.577298 9.899314 8.552671 0.86396605 0.7291078 5.937161 15.909091
 22.003143 11.042322 8.740993 0.79159003 0.50185204 9.703384 12.5
 111.00804 115.34885 104.967026 0.90999633 1.0391036 8.026168 2.5
 3.5321507 1.2556485 0.6751388 0.53768134 0.35549122 5.137652 19.047619
 23.868477 7.093742 1.9088465 0.2690888 0.29720128 1.9421352 15.909091
 77.6263 53.34074 47.088734 0.88279116 0.6871478 8.5731 18.181818
 15.798549 15.433235 14.140471 0.916235 0.97687674 10.121002 3.409091
 89.804634 87.93493 81.799255 0.9302248 0.97918034 8.855781 10.227273
 101.86828 83.93765 75.58288 0.90046453 0.8239822 5.6012154 15.0
 4.451839 2.7215362 0.8571555 0.31495282 0.61132854 3.5573058 13.636364
 17.143673 15.949801 14.871833 0.9324149 0.93036085 9.037793 9.090909
 21.024206 19.074606 17.824076 0.9344401 0.9072688 9.176136 7.9545455
 87.515045 48.04788 43.449768 0.9043015 0.54902416 5.598969 18.333334
 84.56134 77.27003 72.41304 0.9371426 0.9137749 9.071853 10.227273
 91.15294 61.15821 57.004517 0.93208283 0.67094064 8.980578 15.909091
 12.827697 11.2136545 9.94364 0.8867439 0.8741752 8.846742 14.772727
 85.30338 64.63094 59.389374 0.9189 0.7576598 7.9469457 12.5
 23.93035 22.48209 20.671711 0.91947466 0.9394802 9.081704 15.909091
 2.0885143 0.53276104 0.08277959 0.15537846 0.25509092 1.1692908 17.045454
 27.385609 27.756042 25.797588 0.92944044 1.0135266 7.842765 4.5454545
 97.043236 66.388855 59.562244 0.8971724 0.68411624 8.724673 17.045454
 17.643778 16.844587 15.154617 0.8996728 0.9547041 8.993099 12.5
 16.749584 16.352396 14.6047945 0.89312875 0.9762866 10.236413 4.5454545
 2.1677806 0.89905584 0.26875585 0.2989312 0.41473565 2.7190194 20.833334
 3.0690444 0.77451116 0.27011877 0.34876034 0.2523623 3.2827122 14.772727
 4.842684 3.037155 1.2375748 0.4074783 0.6271636 5.052621 10.714286
 16.823322 12.950069 11.111225 0.85800505 0.7697689 9.112626 11.363636
 15.160302 13.815785 11.510323 0.83312833 0.91131335 7.458654 18.181818
 6.001214 4.4087057 4.1240034 0.9354227 0.73463565 8.045421 14.772727
 93.49866 94.56736 86.51664 0.91486794 1.0114301 9.105806 5.681818
 5.041 2.0257397 0.57999384 0.2863121 0.4018528 2.9561503 14.285714
 101.29954 102.334274 96.42471 0.9422524 1.0102147 9.138125 2.2727273
 10.726121 10.988354 10.096655 0.9188506 1.024448 9.515671 10.227273
 3.89946 2.8335676 2.2696238 0.80097747 0.7266564 8.827859 14.772727
 67.44525 76.37428 67.83295 0.88816476 1.1323893 5.570294 3.5714285
 19.100086 17.878536 16.41164 0.91795206 0.9360448 8.206189 12.5
 111.51949 91.37191 82.2104 0.89973384 0.8193358 6.145987 15.625
 82.76777 62.524364 57.42548 0.9184497 0.75541925 8.565213 11.363636
 22.046638 23.168613 21.815825 0.9416111 1.0508909 9.292936 7.9545455
 12.72948 9.471958 6.582813 0.6949791 0.7440963 6.2289534 10.227273
 1.3434479 0.3048712 0.06415772 0.21044202 0.22693191 1.6366 19.23077
 91.020615 75.80931 70.426 0.9289888 0.8328807 9.061335 17.045454
 106.21655 107.71759 100.14273 0.9296785 1.0141319 9.143867 5.681818
 31.403751 31.499107 29.515108 0.9370141 1.0030365 9.048074 9.090909
 109.864426 111.90826 104.543915 0.934193 1.0186032 8.265538 3.75
 100.05598 101.30831 95.23283 0.94002974 1.0125164 9.094488 3.409091
 102.66169 102.24158 95.665726 0.9356832 0.9959078 8.988162 4.5454545
 12.5562315 9.331768 8.4412155 0.9045677 0.7431981 8.389526 9.090909
 87.05872 72.63459 67.67974 0.9317839 0.83431715 8.736609 13.636364
 82.140175 72.01026 67.06892 0.93138003 0.87667525 9.221404 13.636364
 27.837408 28.850101 26.717537 0.9260812 1.0363789 8.777117 11.363636
 106.033195 106.867485 98.59764 0.9226159 1.0078682 9.0574 6.818182
 10.054131 6.794637 5.7424946 0.84515107 0.6758055 7.2218037 14.772727
 17.14366 13.5527725 12.486155 0.92129886 0.7905414 9.656918 18.181818
 111.10999 111.11868 104.52275 0.9406407 1.0000781 9.124917 1.1363636
 11.194674 8.175195 4.72366 0.57780397 0.73027533 7.759915 14.772727
 94.4893 92.90983 85.63571 0.92170775 0.9832841 9.028223 6.818182
 17.501219 13.1470995 11.727914 0.8920533 0.7512105 7.370206 15.277778
 75.70931 76.99928 72.32375 0.9392782 1.0170385 9.1575 13.636364
 89.24314 66.59052 60.25512 0.90486026 0.7461697 9.565391 15.909091
 10.933478 7.797244 5.236573 0.67159283 0.7131531 8.04477 11.363636
 90.70415 93.05049 87.00307 0.9350092 1.025868 8.212441 7.5
 106.33118 83.30304 77.62557 0.93184566 0.78343004 8.990681 15.909091
 54.022564 57.36031 55.483906 0.9672874 1.0617843 7.0956225 12.5
 100.91432 99.67703 91.335045 0.91630983 0.98773926 6.6148047 11.764706
 94.45075 92.114876 85.13959 0.9242762 0.97526884 8.510365 11.904762
 90.75831 91.3167 85.37407 0.93492275 1.0061525 9.097032 7.9545455
 17.969181 7.0025735 4.012092 0.57294536 0.38969907 7.9431868 17.045454
 22.264332 20.34216 19.246958 0.94616103 0.91366583 8.69704 9.090909
 100.49582 77.53087 70.81668 0.9133998 0.7714835 8.636265 15.909091
 16.695868 14.876804 13.454819 0.90441597 0.8910472 7.9287167 5.681818
 9.317791 9.129815 8.668293 0.94944894 0.9798261 8.791414 6.818182
 9.42018 8.380161 7.700736 0.91892457 0.8895967 9.703569 10.227273
 12.456953 11.442898 10.604892 0.9267662 0.91859525 8.89756 14.772727
 108.18362 86.40485 80.921364 0.93653727 0.79868704 9.0164 17.045454
 91.44956 68.1445 60.301517 0.8849066 0.74515945 8.697858 19.318182
 92.256165 82.24154 71.850334 0.8736502 0.8914476 4.103302 8.333333
 13.480728 10.922337 9.544352 0.8738379 0.81021863 7.360667 15.909091
 18.441036 19.7049 17.331245 0.8795398 1.0685354 5.5037494 12.5
 10.3005085 9.77035 9.112041 0.9326218 0.9485309 9.127524 5.681818
 13.88676 9.802189 8.992279 0.91737455 0.7058658 9.401618 15.909091
 82.759315 66.63416 61.41862 0.92172873 0.80515605 8.9473715 13.636364
 109.646194 98.979515 92.751686 0.93707955 0.9027173 9.020329 15.909091
 14.006297 13.425198 12.629878 0.9407592 0.95851153 9.337447 6.818182
 16.884235 16.445522 15.268089 0.92840403 0.9740163 9.212087 7.9545455
 68.09189 48.04097 43.16267 0.8984554 0.7055315 8.949 13.636364
 15.022655 14.218015 13.426837 0.9443539 0.9464382 8.735443 9.090909
 11.863439 9.918238 8.298921 0.8367334 0.836034 4.665363 16.666666
 5.4020414 4.9237547 4.62534 0.9393929 0.91146183 8.695447 13.636364
 18.365105 16.483027 15.076115 0.9146448 0.8975188 9.345697 11.363636
 4.398969 3.1779618 2.2167382 0.69753456 0.7224333 9.043325 11.363636
 101.33842 102.50865 95.76887 0.93425155 1.0115478 8.97544 3.409091
 24.107899 22.745205 21.111765 0.9281853 0.94347525 8.363414 5.681818
 91.39291 92.913376 87.652336 0.94337696 1.0166367 9.132487 10.227273
 22.716513 22.7258 21.309229 0.9376668 1.0004089 9.413324 11.363636
 19.477448 13.390914 9.200344 0.6870587 0.68750864 9.487221 13.636364
 108.689026 110.77221 103.90158 0.9379751 1.0191665 8.949251 1.1363636
 9.5318985 9.326338 8.503418 0.91176385 0.97843444 9.124725 10.227273
 9.833297 9.167329 8.551897 0.9328668 0.93227416 9.126042 13.636364
 89.16172 61.721313 55.743652 0.9031508 0.69224006 8.826062 17.045454
 100.27635 87.461586 80.97543 0.92584 0.8722055 9.015095 15.909091
 83.20601 83.399 78.537506 0.941708 1.0023195 9.09202 3.409091
 17.800726 9.937399 8.043331 0.8094 0.55825806 10.377701 15.909091
 2.9399261 1.0989959 0.27776194 0.25274158 0.37381753 2.2937024 14.0625
 20.144915 7.5624943 3.7086003 0.49039382 0.37540463 3.3048303 10.9375
 111.94405 100.28399 87.82665 0.87577933 0.8958403 4.0539765 10.416667
 15.88319 15.703093 13.533591 0.8618424 0.98866117 9.376186 14.772727
 10.843683 7.365827 4.532912 0.6153975 0.67927355 4.9159794 14.772727
 10.103343 8.106376 6.4929094 0.8009632 0.80234593 8.67231 10.227273
 19.792608 15.967235 14.001683 0.876901 0.8067272 7.6655054 15.909091
 4.71941 1.6114151 1.0881171 0.6752556 0.34144422 2.5412242 17.857143
 56.44489 57.20588 53.709213 0.93887573 1.013482 8.927787 11.363636
 17.256239 7.649642 6.9889197 0.913627 0.44329718 4.363081 15.384615
 102.76094 83.04607 76.03108 0.91552895 0.8081482 5.7199974 13.333333
 59.68453 58.396255 54.078686 0.92606425 0.9784153 7.3486466 0.0
 109.45672 107.5206 98.55843 0.916647 0.98231155 8.548467 4.7619047
 100.45764 102.83247 96.89753 0.9422853 1.0236402 8.208145 6.25
 85.56903 53.792717 45.832954 0.85202897 0.6286471 7.4541674 16.25
 107.7939 106.147896 99.41472 0.93656796 0.98473006 8.168636 6.25
 18.726744 8.693353 6.0080953 0.69111365 0.46422127 5.600939 15.0
 9.379182 1.6673697 0.5906066 0.35421452 0.17777348 2.804822 13.157895
 112.8818 88.74356 77.73099 0.8759057 0.78616357 4.639983 7.6923075
 30.763592 11.329762 5.566387 0.49130657 0.3682848 3.382228 15.277778
 86.537 56.690598 45.1196 0.79589206 0.6551024 3.7782364 10.416667
 95.85313 69.61558 61.671387 0.88588494 0.72627336 6.5910864 16.666666
 2.1288946 0.7227294 0.5403017 0.74758506 0.33948573 3.7437458 17.5
 96.70225 72.19687 63.974617 0.8861135 0.7465893 4.8487444 14.285714
 2.8799765 0.8379577 0.41039684 0.48975843 0.2909599 3.5581067 15.0
 116.32488 112.09773 102.62687 0.91551244 0.9636609 5.3854628 5.0
 22.095808 7.248648 6.428139 0.88680524 0.32805535 5.4942927 15.0
 94.17276 91.92372 84.130974 0.9152259 0.97611797 5.4228735 8.333333
 98.90059 92.30188 82.561134 0.8944686 0.9332794 4.894774 8.928572
 12.872367 11.80836 10.309016 0.8730269 0.9173418 4.5509796 11.538462
 87.3146 59.39465 52.43106 0.8827573 0.68023735 4.276443 15.384615
 87.05064 74.91387 66.85806 0.8924658 0.8605781 4.432138 9.615385
 110.141716 83.046455 72.77384 0.8763028 0.7539964 3.8609717 10.416667
 37.737232 35.808598 31.678246 0.88465476 0.9488931 3.7551956 10.416667
 15.321718 8.34568 6.482506 0.77674985 0.5446961 3.860045 16.666666
 1.0 50.42458 43.96912 40.023872 0.9102723 0.8719779 343.3632 11.757531 149.0
