 10.287612 9.198981 8.29624 0.90186507 0.8941804 8.82707 13.636364
 5.6939635 3.9831557 3.582025 0.8992933 0.6995401 8.839898 16.666666
 2.829641 0.6685033 0.11609334 0.17366157 0.2362502 1.4852166 19.047619
 12.957792 9.460458 7.8361044 0.8283007 0.73009795 7.7412996 14.772727
 120.11718 82.77094 67.35411 0.813741 0.68908495 4.486855 15.384615
 11.7578745 8.962588 7.841385 0.87490183 0.7622626 8.966607 17.045454
 111.20423 71.06118 62.978855 0.8862625 0.6390151 8.837471 17.045454
 5.3478084 3.4279323 1.2796109 0.37328944 0.6409976 4.8474464 12.5
 9.334059 7.862486 7.287857 0.9269151 0.84234375 8.144731 12.5
 95.07309 44.404694 41.0885 0.92531884 0.4670585 8.839084 14.772727
 104.459724 76.15291 67.703156 0.88904226 0.72901696 8.824435 14.772727
 2.0004642 0.4989151 0.12456264 0.24966702 0.24939966 2.9789975 20.0
 9.351469 8.053628 7.255783 0.90093344 0.86121523 9.704975 9.090909
 22.80049 19.226423 17.002905 0.8843509 0.8432461 9.42547 6.818182
 20.977535 11.68198 9.978645 0.85419124 0.55688053 8.289714 17.045454
 8.366423 5.356995 4.551643 0.84966344 0.640297 6.43857 15.277778
 10.61273 8.215659 6.6622243 0.81091774 0.7741325 7.0815625 11.764706
 14.358358 11.891823 10.629737 0.8938694 0.8282161 9.40277 17.045454
 12.012587 6.018772 2.01159 0.3342193 0.50103885 4.066913 10.227273
 7.424187 4.8559413 4.2814307 0.8816891 0.65407044 8.60285 17.045454
 8.559791 7.506802 6.962188 0.92745054 0.8769843 9.565433 16.666666
 10.048961 7.5759964 6.6321554 0.8754169 0.75390846 8.028362 12.5
 3.312965 1.5214256 0.98258245 0.6458301 0.45923388 6.547632 17.857143
 10.085978 9.44304 8.288628 0.87775 0.9362543 8.6264 12.5
 29.513592 27.53753 25.038704 0.9092574 0.9330457 9.140839 4.5454545
 112.702965 77.03112 68.588806 0.89040387 0.68348795 8.936681 15.909091
 5.4376 4.3656917 3.9445765 0.90353984 0.80287105 8.945068 14.285714
 97.66191 60.510677 53.060898 0.8768849 0.61959344 8.7948675 13.636364
 5.2812924 3.0879223 2.4246664 0.7852097 0.58469063 7.8795667 14.772727
 2.6900644 1.5193 1.3571731 0.8932885 0.56478196 8.955854 14.285714
 9.005284 6.455119 5.2039337 0.80617154 0.7168146 8.219725 17.045454
 25.92893 24.38362 21.95711 0.90048605 0.940402 8.605166 13.636364
 13.154621 10.292172 9.155237 0.889534 0.7823998 8.680532 12.5
 7.8611298 5.3748736 4.684745 0.87160087 0.68372786 8.673182 14.772727
 11.362548 7.5940948 6.353356 0.83661795 0.6683443 7.8736434 15.909091
 29.086792 27.490637 25.552551 0.9295002 0.9451244 9.877638 7.9545455
 6.5483665 1.4029717 0.8321664 0.5931455 0.21424758 4.261247 13.461538
 3.7605577 0.9104136 0.1376795 0.15122743 0.24209538 1.5803865 18.181818
 6.897325 5.3748226 4.277713 0.79587984 0.7792619 7.768573 12.5
 101.69324 64.65339 57.77729 0.8936468 0.6357688 8.874273 17.045454
 3.037228 0.77153593 0.15241122 0.1975426 0.25402632 2.3976326 20.454546
 4.0107455 1.0841993 0.637081 0.5876051 0.2703236 5.4051647 15.909091
 5.9476237 3.243203 2.123074 0.6546226 0.5452939 8.039316 15.909091
 4.5508184 1.8916517 0.44882283 0.23726504 0.41567287 2.3136656 15.476191
 51.273106 49.43475 45.288082 0.9161183 0.9641458 9.621599 5.681818
 9.773105 8.989867 8.007114 0.89068216 0.9198579 9.2267475 11.363636
 14.886393 11.110769 9.6743 0.8707138 0.74637085 9.343975 11.363636
 4.7981253 1.0080355 0.16253202 0.16123639 0.21008946 1.1856737 19.318182
 9.846675 8.1863165 6.1776285 0.7546286 0.8313788 8.118738 12.5
 7.4246273 2.0112119 0.9934711 0.4939664 0.2708839 5.828595 12.5
 10.947502 5.8868384 4.7465277 0.80629486 0.5377335 7.358036 17.045454
 79.01598 73.293526 66.453896 0.90668166 0.9275785 9.113376 2.2727273
 7.6671844 6.6874113 6.171998 0.9229278 0.8722122 9.202022 12.5
 8.022655 5.8056774 5.0948963 0.87757134 0.7236604 8.789512 15.909091
 10.768883 6.509655 5.7979937 0.8906761 0.60448754 6.990998 17.045454
 5.8788652 1.7466557 0.8647701 0.4951005 0.2971076 5.3513484 17.045454
 4.4995418 3.4039037 3.0173457 0.8864369 0.75650007 8.333108 11.904762
 4.6223645 1.0304949 0.26703894 0.2591366 0.22293673 2.2772324 12.5
 10.355419 7.900383 5.430747 0.687403 0.7629226 4.7601185 13.333333
 2.2195318 1.3388617 0.9637006 0.71979094 0.60321814 5.953192 13.888889
 107.30615 69.58929 62.94761 0.90455896 0.6485116 6.9674067 11.842105
 6.910992 2.9912305 2.3964522 0.80115926 0.43282214 6.6935563 18.055555
 99.4246 63.538628 58.399323 0.91911525 0.6390635 6.8704853 18.055555
 20.293434 17.93309 16.978264 0.9467561 0.8836893 6.4298873 15.277778
 78.95108 68.68508 65.156006 0.9486194 0.86997014 5.9008713 2.9411764
 82.42335 75.76129 70.34354 0.92848915 0.9191727 6.477659 7.352941
 89.94422 79.287636 73.13418 0.92239076 0.8815201 6.435187 8.823529
 1.4935554 0.3129143 0.12810564 0.40939528 0.20950966 2.4560206 14.583333
 116.240776 106.36009 100.69892 0.9467736 0.9149981 5.8772187 13.235294
 104.83779 94.40988 86.94189 0.92089814 0.90053296 6.5710926 5.882353
 1.0 29.49905 21.828424 19.438177 0.8904984 0.73997045 165.92316 13.74852 70.0
