 29.732706 8.974191 4.749601 0.5292512 0.30182892 8.039509 14.772727
 10.860639 9.009623 5.782238 0.6417847 0.8295666 7.546408 12.5
 7.490313 4.5023465 3.749573 0.8328042 0.60108924 9.2737465 15.909091
 4.82402 3.6074226 2.9225307 0.81014365 0.7478043 10.426729 11.363636
 4.5116496 2.8458223 1.8447163 0.64821905 0.63077205 6.943179 11.363636
 11.71802 9.665062 8.761189 0.90648043 0.8248033 8.423782 5.681818
 16.89288 12.880014 11.528493 0.89506835 0.7624523 5.4413996 8.333333
 71.62856 58.861263 54.877686 0.93232256 0.8217569 8.72531 6.818182
 11.819921 8.18079 7.455605 0.91135514 0.6921189 8.781998 13.636364
 9.670236 6.557338 5.4067316 0.82453144 0.678095 6.2079744 10.227273
 17.760487 11.812796 10.344424 0.87569654 0.66511667 9.04473 14.772727
 17.323467 11.05097 9.597405 0.8684672 0.63791907 8.111627 14.772727
 13.073805 9.915625 8.437917 0.8509718 0.75843453 6.1805124 10.0
 6.713526 3.8468163 2.8073983 0.72979784 0.57299495 8.20948 13.636364
 11.119721 7.535245 6.439057 0.8545252 0.67764693 3.8432765 12.5
 19.217813 14.180942 12.216523 0.8614747 0.73790604 9.242609 4.5454545
 12.514394 12.031648 11.281462 0.937649 0.9614247 8.475903 7.9545455
 6.2361255 3.7578123 3.0327508 0.80705225 0.60258764 6.825247 13.636364
 11.968857 10.010063 9.320381 0.93110114 0.83634245 8.431226 10.227273
 13.130901 12.298586 11.743042 0.9548287 0.9366139 9.136567 10.714286
 89.97441 68.425804 63.8737 0.9334739 0.760503 8.827908 14.772727
 6.9626637 4.682474 3.7024078 0.7906948 0.67251194 10.553381 12.5
 12.495997 10.809416 10.078458 0.93237764 0.8650303 8.726579 5.681818
 19.960623 17.7519 8.811995 0.4963973 0.88934594 5.7465563 5.681818
 11.79128 10.225535 7.6285586 0.7460303 0.8672116 7.3244233 11.363636
 88.32788 67.137474 62.865185 0.936365 0.76009387 8.768412 13.636364
 14.703096 12.451375 11.655173 0.93605506 0.846854 7.7215447 5.681818
 16.578646 8.366825 7.4701896 0.8928344 0.5046748 7.320324 11.363636
 11.558593 10.374342 9.059141 0.8732257 0.89754367 7.3529716 10.227273
 11.081737 9.29635 8.059957 0.8670023 0.83888924 8.917606 5.681818
 12.4267845 8.703461 6.684364 0.76801217 0.70037913 5.638387 9.090909
 85.260506 66.911606 60.561275 0.9050937 0.78479016 4.601576 11.538462
 97.88177 80.504524 75.5341 0.9382591 0.822467 8.876076 14.772727
 17.9414 12.019393 9.884849 0.82240826 0.669925 8.265708 7.9545455
 98.60624 85.368385 81.19513 0.9511147 0.8657504 9.007437 1.1363636
 16.119165 12.270314 9.3099785 0.75874 0.7612252 7.930041 11.363636
 17.792498 13.784284 11.195485 0.81219196 0.7747245 9.072347 6.818182
 11.108132 8.883793 7.4084935 0.83393365 0.79975575 6.877233 8.333333
 13.2456875 11.552681 10.87046 0.9409469 0.87218434 8.918763 2.2727273
 12.74342 10.335366 7.1507525 0.6918722 0.8110356 5.4571347 9.090909
 14.594809 13.259627 12.807925 0.96593404 0.9085167 9.969641 8.333333
 17.115799 11.360923 7.0541706 0.6209153 0.6637682 6.0526853 9.090909
 2.15391 0.66937554 0.21231773 0.3171878 0.3107723 3.2399943 18.181818
 13.279029 9.269268 8.115181 0.87549317 0.6980381 7.069339 11.904762
 121.673615 104.68819 98.34135 0.9393739 0.8604017 7.5884895 13.157895
 113.26459 112.73931 106.607864 0.9456139 0.9953624 7.694864 0.0
 119.617805 117.79039 111.26355 0.9445894 0.98472285 7.5561676 2.631579
 95.842155 93.673 86.99886 0.9287507 0.9773674 7.5697193 6.5789475
 105.755684 104.676895 98.84786 0.94431406 0.9897992 7.699334 6.5789475
 107.30578 100.47341 94.43844 0.9399347 0.93632805 7.6229663 14.473684
 102.30338 102.90223 93.89925 0.91250926 1.0058537 6.2391014 1.5625
 109.0603 110.092674 100.445984 0.91237664 1.009466 5.3505936 5.357143
 2.126811 0.8665017 0.43629396 0.50351197 0.40741828 3.2809572 8.928572
 108.75503 109.34242 103.1405 0.94327986 1.0054011 7.559173 1.3157895
 109.56143 114.34278 103.34805 0.9038441 1.0436409 4.162782 14.583333
 111.34123 113.06638 107.127144 0.9474712 1.0154943 7.6064825 13.157895
 108.94947 103.310265 97.1698 0.9405629 0.94824016 7.446911 11.842105
 100.67939 81.39589 54.776806 0.67296773 0.80846626 4.0815735 5.263158
 100.575615 105.411354 98.00529 0.9297413 1.0480806 5.7211266 11.666667
 106.40981 110.09928 98.60885 0.8956357 1.0346723 4.16579 2.0833333
 106.47179 104.408005 97.175415 0.9307276 0.9806166 7.6110306 10.526316
 110.42304 110.56784 104.60434 0.9460648 1.0013113 7.5438833 17.105263
 106.069016 105.35812 99.155426 0.9411275 0.9932978 7.567709 7.894737
 102.53549 102.57107 96.60283 0.94181365 1.000347 7.6772285 1.3157895
 101.51902 101.11792 94.380165 0.9333673 0.99604905 7.291869 4.1666665
 94.977554 92.49854 86.844345 0.93887264 0.97389895 7.6259522 15.789474
 114.17516 112.69583 106.7974 0.94766057 0.9870433 7.6865625 0.0
 106.72455 102.74695 96.08626 0.93517387 0.9627302 7.661263 2.631579
 126.50485 122.448296 108.62488 0.88710815 0.96793354 7.284482 3.9473684
 102.07667 101.28016 95.64017 0.944313 0.992197 7.82881 1.3157895
 99.246574 92.97824 87.65605 0.94275874 0.93684083 7.6996627 2.631579
 112.723305 115.64205 106.400635 0.920086 1.025893 5.2215137 3.5714285
 103.624344 98.72179 93.12178 0.94327486 0.9526891 7.5946565 6.5789475
 109.92284 109.198814 102.632324 0.93986666 0.9934134 5.356988 3.5714285
 111.360794 107.97702 101.21477 0.9373733 0.96961427 7.3915043 18.421053
 103.23931 102.29812 96.47085 0.9430364 0.9908834 7.6718597 0.0
 114.2859 114.72687 104.39633 0.90995544 1.0038584 4.728034 1.9230769
 87.66755 86.58791 82.705246 0.9551593 0.98768485 7.4529605 3.9473684
 106.75358 103.81313 98.05671 0.94455016 0.9724558 7.636552 9.210526
 98.07564 95.29354 89.84896 0.94286513 0.97163314 7.7561116 6.5789475
 115.20118 113.94035 107.663315 0.94490945 0.98905545 7.635458 1.3157895
 104.11769 101.42904 95.48305 0.9413778 0.9741768 7.896437 3.9473684
 14.963341 11.877258 9.423398 0.79339844 0.79375714 5.125509 11.666667
 96.25539 92.44366 82.130516 0.88843864 0.9603998 5.295147 6.6666665
 107.02403 98.99377 87.22833 0.88114977 0.9249676 4.714806 0.0
 110.453354 106.75086 95.07642 0.8906385 0.9664791 4.6588283 0.0
 105.98305 99.62532 88.38348 0.8871588 0.9400118 4.643517 1.7857143
 100.9682 90.13262 79.45397 0.88152295 0.89268327 4.6340957 1.7857143
 114.348724 100.615524 89.34162 0.88795066 0.8799007 3.8471127 2.0833333
 107.70131 95.03981 85.31567 0.89768344 0.8824387 3.7877207 2.0833333
 1.0 63.783638 59.606537 54.60954 0.91616696 0.93451136 404.76703 8.016476 90.0
