 8.896769 7.9510293 7.5961137 0.9553623 0.8936986 8.864351 7.9545455
 22.55911 8.441647 7.9145827 0.9375639 0.3742012 9.045333 10.227273
 6.5697713 6.247713 5.970462 0.95562357 0.95097876 8.66804 13.095238
 9.600316 8.853576 8.409551 0.9498479 0.9222172 8.766818 10.227273
 13.030345 8.46585 7.3604593 0.86942947 0.64970267 7.6556144 13.636364
 5.523761 3.6297388 3.293413 0.90734154 0.65711373 8.436925 13.636364
 3.844035 2.1998484 1.628717 0.74037695 0.5722759 7.163033 12.5
 9.314022 8.257916 7.8802257 0.95426315 0.88661116 8.957144 10.227273
 9.4796915 8.086056 7.4114914 0.91657686 0.85298723 8.012019 9.090909
 84.93489 62.110596 57.607822 0.92750394 0.731273 8.839439 15.909091
 10.375363 8.846176 8.532625 0.9645552 0.8526136 8.328965 9.090909
 6.842938 6.081255 5.778408 0.9501999 0.88869065 8.7653265 6.818182
 7.1043954 4.605128 4.1247234 0.8956806 0.64820826 8.451184 13.636364
 7.935435 6.136544 5.590656 0.911043 0.7733092 8.442516 14.772727
 54.510544 20.576721 16.156849 0.78520036 0.3774815 7.319948 17.045454
 12.689133 8.130293 7.1807303 0.88320684 0.64072883 7.9122553 13.636364
 6.1589518 5.752104 5.437742 0.94534844 0.933942 8.412894 7.9545455
 9.078784 7.801876 7.3723807 0.9449497 0.8593526 9.1643305 9.090909
 13.791606 8.991612 8.14047 0.9053404 0.6519627 8.376571 15.909091
 2.781082 0.8218236 0.33452818 0.40705597 0.29550502 4.9779882 17.857143
 6.7953825 5.559059 5.310194 0.95523244 0.8180642 8.890636 18.181818
 4.4037533 3.440526 3.2721798 0.9510696 0.78127134 9.180045 14.772727
 7.7166433 5.5990543 5.0639505 0.9044296 0.72558165 10.0607 12.5
 3.1133118 1.9834862 1.6191174 0.8162988 0.6370985 8.023188 15.909091
 2.5551963 0.8844228 0.17715198 0.20030236 0.34612715 1.8919793 19.117647
 5.9504848 4.669963 4.455549 0.95408654 0.7848038 9.041413 11.363636
 9.489224 7.196907 6.6195006 0.9197702 0.75842947 8.896627 15.909091
 9.40035 7.7100916 7.245825 0.9397845 0.820192 8.567319 12.5
 12.6182165 10.730487 10.149225 0.9458308 0.85039645 8.812837 13.636364
 2.6941497 0.7307906 0.15010847 0.20540558 0.27125093 1.9201592 15.909091
 10.691238 9.281549 8.9409895 0.9633078 0.8681454 9.192127 6.818182
 12.657902 10.829211 10.412115 0.9614842 0.8555297 9.443409 15.909091
 6.76473 5.094728 4.5495157 0.892985 0.753131 6.9851956 12.5
 2.3618925 0.7018149 0.15797122 0.22508958 0.29714093 2.1649635 16.666666
 8.878985 8.369786 7.9591546 0.95093876 0.9426512 8.810991 11.363636
 11.950686 11.139567 10.563371 0.94827473 0.93212783 9.073265 10.227273
 4.4833946 3.7211094 3.452636 0.92785126 0.8299759 8.79253 11.363636
 8.516925 8.146174 7.7110324 0.9465833 0.95646894 8.72969 10.227273
 12.292407 10.723247 10.180461 0.94938236 0.8723472 8.784646 9.090909
 10.348395 10.29733 9.707215 0.9426924 0.99506545 8.9370165 2.2727273
 20.411457 18.54974 17.638563 0.9508793 0.9087906 8.985605 7.9545455
 9.433412 8.101326 7.693655 0.94967854 0.85879064 9.042189 14.772727
 17.687511 9.945026 9.313308 0.9364789 0.5622626 8.692783 12.5
 9.041694 6.1904263 5.522657 0.8921287 0.68465334 6.5229464 13.888889
 1.3533963 0.3210954 0.077599324 0.24167062 0.2372516 2.5451531 23.076923
 7.992249 7.8064246 7.4282904 0.95156115 0.9767494 9.070446 9.090909
 10.49459 7.561598 6.759928 0.8939814 0.7205234 8.586186 12.5
 28.531836 26.826635 25.633951 0.9555411 0.94023514 8.385024 10.227273
 8.777007 7.517426 6.7335005 0.8957189 0.8564908 4.4223657 13.461538
 8.762114 7.533944 7.3092794 0.9701797 0.85983187 8.836234 10.227273
 8.257609 7.1878405 6.6350737 0.92309695 0.8704505 8.729102 11.904762
 20.222586 14.436981 13.291355 0.9206464 0.7139038 8.909061 13.636364
 9.464278 8.964935 8.65232 0.9651291 0.94723916 8.891132 9.090909
 10.229917 8.8403015 8.230003 0.9309641 0.8641617 8.104346 14.772727
 88.785164 48.018383 43.34859 0.90274984 0.54083794 8.423673 18.181818
 20.3926 18.597698 17.817795 0.95806444 0.91198283 8.890079 5.681818
 10.596542 9.659764 9.050335 0.9369105 0.9115959 8.347373 13.636364
 7.8409157 6.973688 6.599307 0.9463152 0.88939714 8.827287 15.909091
 37.33005 24.401789 22.290028 0.9134587 0.6536768 8.889131 14.772727
 7.0191736 5.4804068 5.2202325 0.9525265 0.7807766 9.717242 10.227273
 7.1872454 3.3246853 2.933831 0.88243866 0.4625813 3.7949347 12.5
 9.247763 8.345666 7.943424 0.95180225 0.90245247 9.073459 9.523809
 10.004309 8.934795 8.6018 0.96273047 0.89309466 8.891565 11.363636
 9.88262 7.748201 7.2954183 0.9415629 0.784023 8.980861 15.909091
 8.949874 8.0866585 7.6817975 0.9499348 0.90354997 8.857108 7.9545455
 9.866686 8.708998 4.4753046 0.5138714 0.882667 4.962176 14.772727
 23.54346 25.126926 24.109146 0.9594944 1.0672572 7.8140807 14.772727
 8.5886965 4.365562 3.675403 0.8419084 0.50829154 3.679836 12.5
 6.1849794 5.0047107 4.6764016 0.93439996 0.80917174 8.8611965 13.636364
 10.684561 8.139921 6.2264957 0.76493317 0.76183957 6.9149604 11.363636
 9.753003 7.1474924 6.5774565 0.9202468 0.73285043 8.172956 13.636364
 11.893619 9.250676 8.795294 0.95077306 0.7777848 8.5541725 14.772727
 11.740165 9.093841 8.63518 0.9495637 0.7745922 8.856798 15.909091
 11.215354 9.807217 9.244979 0.942671 0.8744456 9.109723 7.9545455
 20.378748 17.935663 17.033142 0.9496801 0.88011605 8.918174 10.227273
 28.92321 22.606716 21.262634 0.940545 0.78161156 5.8599944 10.9375
 7.6485944 5.6117573 5.4011006 0.96246153 0.73369783 7.102671 13.636364
 3.2309883 2.374115 1.8993263 0.8000145 0.7347953 8.214836 15.476191
 10.623492 8.95698 8.472376 0.9458964 0.8431295 8.463226 10.227273
 6.613887 4.8902407 4.6132255 0.9433534 0.73938984 8.73726 13.636364
 8.622138 6.214065 5.693306 0.9161967 0.72071046 8.351465 13.636364
 2.8072205 0.539742 0.11294242 0.2092526 0.19226919 2.257893 17.045454
 7.140532 6.192633 5.8350368 0.9422545 0.867251 8.688245 11.363636
 8.431364 6.8836823 6.5065165 0.94520867 0.81643754 8.906689 14.772727
 10.320096 9.954918 9.408936 0.94515455 0.9646148 8.897858 5.681818
 8.54851 6.092385 5.5953465 0.91841644 0.71268386 8.595662 12.5
 8.868831 7.7067256 7.3028803 0.94759834 0.86896753 8.90963 13.636364
 5.829846 4.1298037 3.776246 0.9143887 0.7083899 8.963696 10.227273
 12.6081295 11.665631 11.138519 0.9548149 0.9252468 8.682586 11.363636
 6.9900646 5.673216 5.3041773 0.9349507 0.8116114 8.993587 10.227273
 10.664943 9.239308 8.709461 0.94265294 0.8663252 9.208701 15.909091
 7.998921 4.493013 2.7541542 0.612986 0.5617024 4.911847 14.772727
 5.365001 4.7089896 4.450156 0.9450342 0.8777239 8.692582 16.666666
 10.692593 9.463706 8.987239 0.9496532 0.8850713 9.075618 13.636364
 4.9915175 3.1950483 2.7917097 0.8737613 0.6400956 8.217389 11.363636
 1.7525438 0.4575963 0.21010657 0.4591527 0.26110408 5.5680594 18.055555
 12.140065 9.987819 9.363337 0.9374756 0.82271546 8.9466915 15.909091
 8.365143 8.043947 7.604121 0.9453221 0.96160316 8.889777 6.818182
 10.552045 9.194388 8.712659 0.94760615 0.8713371 8.736682 14.772727
 7.430377 5.9286413 5.5837317 0.9418232 0.7978924 9.033858 12.5
 12.808115 8.328972 7.7038813 0.9249499 0.65028864 8.411981 13.636364
 24.344788 15.276417 14.021673 0.917864 0.62750256 8.197856 15.909091
 11.742135 10.902647 10.233235 0.938601 0.9285063 8.743879 5.681818
 6.2530694 3.6595452 2.3566203 0.64396536 0.58523977 6.900429 13.095238
 6.376288 4.073138 3.1672523 0.7775951 0.6387946 4.3497133 9.615385
 7.9607825 7.548607 7.061671 0.93549323 0.94822425 8.824203 12.5
 12.906473 11.295441 10.084939 0.89283276 0.87517637 9.317121 7.9545455
 4.4840555 3.095564 2.7044284 0.8736465 0.6903491 7.980918 15.476191
 87.91875 57.823956 53.77812 0.9300318 0.6576977 8.686521 12.5
 26.158026 25.154669 24.15876 0.9604086 0.96164244 8.795109 14.772727
 9.086012 8.945335 8.559645 0.9568836 0.9845173 9.061165 13.636364
 100.193214 87.94692 83.044266 0.94425434 0.8777733 8.748619 11.363636
 10.711927 4.6443114 3.90404 0.84060687 0.43356448 7.2271376 18.181818
 9.577717 8.752679 8.378056 0.957199 0.91385865 8.66482 12.5
 8.547733 7.169232 6.930008 0.9666319 0.83872896 8.688137 15.909091
 9.025381 5.7610164 4.5316324 0.7866029 0.6383128 7.5391397 11.363636
 7.6977468 7.0209336 6.6273947 0.94394785 0.9120764 9.023783 15.476191
 5.2109156 4.4907846 4.1426387 0.9224755 0.8618034 8.349603 15.476191
 11.692591 8.180266 7.404087 0.9051157 0.69961107 8.317293 12.5
 10.160317 9.259326 8.75319 0.9453378 0.9113225 9.051136 10.227273
 6.7972817 5.868913 5.2261147 0.890474 0.8634206 7.93122 11.904762
 8.865401 8.369762 7.983454 0.9538448 0.9440929 8.8420925 9.523809
 7.328814 7.211592 6.6914225 0.9278703 0.9840054 8.221699 12.5
 8.970166 8.720014 8.112308 0.93030906 0.97211283 6.935862 13.888889
 9.665947 8.544926 8.05258 0.94238156 0.8840236 8.855209 14.285714
 2.6807983 0.70015574 0.19248149 0.2749124 0.26117435 3.180971 17.857143
 11.30363 3.090722 1.8889604 0.61117125 0.2734274 4.0355315 13.636364
 6.5986094 6.108587 5.777683 0.9458297 0.9257385 9.195798 12.5
 5.940543 2.5819361 2.1862326 0.84674156 0.43462965 7.834469 17.045454
 7.361491 6.572176 6.172808 0.93923354 0.8927778 8.505017 7.9545455
 4.7012534 1.105743 0.23378788 0.21143056 0.23520176 1.4761043 17.105263
 4.0379515 3.205588 2.906688 0.9067565 0.7938649 9.012486 13.636364
 11.188782 10.135653 9.533445 0.94058526 0.90587634 8.864273 10.227273
 5.1114454 3.5558841 3.2289963 0.90807134 0.69567096 8.335603 13.095238
 83.07397 80.05979 76.35461 0.95371974 0.9637169 8.864047 11.363636
 7.6343255 7.1348467 6.8493824 0.95999014 0.93457454 8.596094 10.227273
 12.095793 11.270783 10.707722 0.95004237 0.9317937 8.842853 7.9545455
 10.118732 9.199274 8.754576 0.95165944 0.909133 8.994109 12.5
 3.7977557 2.3238943 1.9847673 0.85406953 0.61191255 8.11461 15.909091
 7.9083323 7.1554327 6.765411 0.94549286 0.90479666 8.421344 10.0
 5.660166 4.4113503 3.7738404 0.8554842 0.7793677 8.627725 13.636364
 8.170925 6.373023 5.6098814 0.8802544 0.7799635 6.851283 11.764706
 11.245067 9.603857 8.677289 0.90352124 0.85405076 4.432283 11.538462
 7.544561 6.368491 5.6486077 0.8869617 0.8441168 4.6494107 5.769231
 7.3875446 7.334879 7.025132 0.95777076 0.992871 7.7942047 7.894737
 5.5368834 4.3700314 3.9544125 0.9048934 0.7892583 4.699226 5.769231
 3.0918434 0.4652284 0.11024162 0.23696236 0.1504696 1.1420356 12.5
 83.11859 56.22721 48.330414 0.8595556 0.6764697 5.160043 15.0
 11.358793 6.751069 5.8181887 0.86181736 0.5943474 5.2179203 15.0
 8.174915 4.5235424 3.9240127 0.8674646 0.55334425 4.8327155 10.714286
 100.55226 76.30839 65.809906 0.8624203 0.75889283 3.785163 10.416667
 7.397393 5.903565 5.0306506 0.8521378 0.7980602 3.655143 12.5
 1.0 13.518983 10.380424 9.519216 0.9170354 0.76784056 83.22528 12.5594225 152.0
