 12.819124 10.527116 9.486455 0.90114474 0.821204 10.017803 11.363636
 110.66822 103.67744 97.22439 0.9377584 0.93683124 6.558424 2.9411764
 117.920586 111.665 106.024864 0.94949055 0.94695085 8.560672 0.0
 68.206566 64.77378 61.690903 0.95240545 0.9496708 8.89988 2.2727273
 17.991552 16.989311 13.820812 0.81350046 0.94429374 7.5421267 10.227273
 121.68231 115.6901 110.55273 0.9555936 0.9507553 8.969378 1.1363636
 12.207526 10.863569 10.354772 0.9531648 0.88990754 8.622441 11.363636
 106.565956 101.32751 96.53841 0.95273644 0.9508431 9.033183 1.1363636
 104.49989 97.48698 92.90817 0.95303166 0.9328907 9.051959 5.681818
 115.32751 108.78865 103.40365 0.95050037 0.94330186 9.111426 6.818182
 4.082401 3.2449737 2.9011185 0.8940345 0.79486895 6.888323 12.5
 108.86092 101.86158 96.06797 0.9431227 0.9357038 7.591207 1.3157895
 114.0995 107.74694 102.79732 0.95406246 0.9443244 9.021441 1.1363636
 21.026497 19.262308 18.34091 0.9521658 0.91609687 8.98692 10.227273
 116.639694 110.039764 104.9272 0.95353895 0.94341606 8.887075 1.1363636
 11.486378 9.438479 8.676934 0.9193148 0.8217107 9.630457 14.772727
 107.8548 101.17576 91.28283 0.90222037 0.93807375 4.0528526 10.416667
 112.96328 107.230064 102.306046 0.9540799 0.9492471 8.956082 1.1363636
 117.16392 97.847694 93.031166 0.95077527 0.83513504 8.9803095 14.772727
 13.191898 10.320547 9.591536 0.92936313 0.78233975 8.802479 15.909091
 118.26637 110.92208 105.759636 0.95345885 0.93790036 9.010225 18.181818
 110.95535 104.68351 98.40086 0.9399844 0.9434741 7.2260714 1.3888888
 93.091644 87.78953 83.2854 0.948694 0.9430441 8.999956 11.363636
 117.31156 110.939964 105.34447 0.94956285 0.9456865 8.914832 0.0
 12.297969 10.5404625 9.645714 0.915113 0.8570897 9.255207 14.772727
 10.147946 8.220687 7.612956 0.92607296 0.81008387 9.189341 15.909091
 11.292952 10.610918 10.140487 0.95566535 0.9396054 9.066221 2.2727273
 69.2633 64.933754 60.694847 0.93471956 0.9374915 8.940923 4.5454545
 13.252602 12.656658 11.425315 0.90271187 0.95503193 9.076821 11.111111
 10.830712 8.845891 7.455 0.8427642 0.8167414 7.361824 9.090909
 101.66902 97.43102 92.84451 0.95292556 0.9583158 8.998857 5.681818
 88.866714 83.21164 79.91523 0.96038526 0.93636453 8.770206 4.5454545
 17.561373 15.118374 13.801907 0.9129227 0.86088794 10.184922 11.363636
 118.13052 112.4121 107.18629 0.953512 0.9515923 8.993055 10.227273
 33.957912 29.774038 28.22685 0.9480357 0.8767924 8.921577 11.363636
 10.056125 7.6234536 6.9493666 0.91157717 0.7580906 8.518343 14.772727
 113.30092 107.45984 101.96269 0.9488446 0.9484463 8.866788 3.409091
 125.084694 119.20603 113.80503 0.9546919 0.9530026 9.000865 1.1363636
 13.128351 11.99311 11.422151 0.95239276 0.9135275 8.981681 13.636364
 109.760506 104.64398 99.65738 0.9523469 0.9533847 9.002063 12.5
 109.19244 102.79514 97.40888 0.94760203 0.9414126 9.229798 9.090909
 116.09562 101.50905 94.911896 0.9350092 0.8743573 9.663528 4.5454545
 119.54559 111.98066 97.682205 0.8723132 0.93671924 8.590082 2.2727273
 56.28776 47.284744 43.04246 0.9102822 0.84005374 8.750749 12.5
 11.656906 8.937684 8.373417 0.9368665 0.7667287 8.3598795 12.5
 12.235102 11.198437 10.797201 0.9641704 0.9152713 8.946877 7.9545455
 94.998024 66.23215 61.72226 0.93190783 0.69719505 8.693681 12.5
 111.2628 103.36602 98.036 0.94843554 0.9290258 8.66119 1.1363636
 109.190186 101.89995 96.45666 0.946582 0.9332336 8.988331 1.1363636
 105.29821 100.382866 95.86347 0.95497847 0.9533197 8.973584 0.0
 2.9796586 1.3734784 0.82596767 0.60136926 0.4609516 3.1228187 17.045454
 93.80937 83.74697 79.337 0.9473417 0.8927357 8.902168 7.9545455
 109.829025 105.03646 100.32049 0.9551016 0.9563634 8.657062 0.0
 113.338905 114.76154 105.175446 0.9164694 1.012552 6.201495 1.5625
 116.71295 121.051445 109.81811 0.907202 1.0371723 6.238517 0.0
 119.66362 118.42813 110.27185 0.93112886 0.98967534 7.438886 15.789474
 119.68591 97.941376 91.66683 0.93593574 0.81832004 6.3352084 3.9473684
 115.177216 119.283875 108.65105 0.9108612 1.0356551 6.2536426 3.125
 122.3306 124.28944 111.009125 0.8931501 1.0160127 6.1997395 1.5625
 117.39341 119.20521 108.56726 0.9107594 1.0154335 6.2614846 0.0
 13.307887 13.225471 11.918694 0.9011924 0.99380696 6.6844206 11.111111
 119.64917 107.873695 98.08175 0.90922767 0.9015834 4.6948533 0.0
 14.003465 9.965785 7.013171 0.70372486 0.7116657 4.1679664 9.615385
 110.80866 110.997604 97.6699 0.879928 1.001705 3.8751292 10.416667
 119.39634 121.07142 107.39145 0.8870091 1.0140296 3.769483 2.0833333
 117.6068 118.80891 105.89063 0.8912685 1.0102215 3.7975924 2.0833333
 111.53088 111.67684 99.971954 0.89518964 1.0013087 3.708772 0.0
 1.0 79.05181 74.377594 69.33343 0.93218154 0.9408715 574.70105 6.917467 67.0
