 20.18246 19.09348 18.06725 0.94625235 0.9460432 9.509901 13.636364
 71.458015 42.744133 37.89729 0.88660806 0.59817123 9.065792 15.909091
 35.756252 34.319473 31.629341 0.92161494 0.9598174 10.129745 5.681818
 34.70722 34.207 31.553679 0.92243344 0.9855874 10.306509 3.409091
 27.002417 24.799501 22.302444 0.89931023 0.9184178 8.268736 3.75
 31.88659 27.971512 25.776907 0.9215414 0.8772187 9.53876 15.909091
 5.7872105 1.5278385 0.65815866 0.43077764 0.26400256 5.9588685 15.476191
 1.580136 0.5461516 0.12076533 0.22112052 0.34563583 1.9708977 18.75
 49.342964 46.607517 42.954853 0.9216293 0.94456255 9.422297 7.9545455
 52.715813 51.586735 47.819103 0.9269651 0.9785818 9.610668 3.409091
 7.1114736 3.3047974 2.4938126 0.75460374 0.46471342 5.873374 18.181818
 29.952528 29.541994 26.850046 0.9088772 0.98629385 6.669408 4.4117646
 3.7831788 1.8155247 1.2906094 0.710874 0.47989398 9.030549 15.476191
 7.2769217 4.0530777 3.5618086 0.8787911 0.556977 8.629495 18.181818
 16.009933 12.566053 11.478362 0.913442 0.78489107 9.530733 12.5
 3.4508295 1.6656104 0.5363644 0.3220227 0.48266956 3.6349216 17.045454
 35.9916 33.82223 30.978949 0.9159345 0.9397257 9.661188 10.227273
 3.0838451 0.942858 0.58849275 0.6241584 0.305741 5.573166 16.666666
 15.441956 13.919454 12.878885 0.9252436 0.90140486 9.330219 11.363636
 12.04753 10.255172 9.851555 0.9606426 0.8512261 8.472082 9.090909
 46.430088 44.798702 41.600883 0.928618 0.9648636 9.597754 1.1363636
 10.084957 6.581838 5.7708507 0.876784 0.6526392 8.826278 12.5
 22.823296 18.985342 17.82367 0.9388122 0.8318405 9.479497 12.5
 39.89858 38.937588 36.32227 0.932833 0.9759142 9.293124 0.0
 27.157518 25.233404 23.209352 0.9197868 0.92914987 9.830113 6.818182
 51.34322 49.827232 45.727806 0.91772723 0.97047347 9.382668 5.681818
 13.166402 5.0187287 3.8368106 0.76449853 0.38117692 7.715538 13.636364
 10.220485 5.4604464 3.6438196 0.66731167 0.5342649 4.1505675 14.0625
 26.292522 25.724442 23.962187 0.9314949 0.9783938 9.41642 2.2727273
 29.78222 27.919174 26.015928 0.9318301 0.9374444 8.986322 12.5
 17.015516 14.517366 13.431723 0.9252176 0.85318404 7.693743 15.909091
 38.678036 38.042305 35.054848 0.9214701 0.9835635 9.513266 4.5454545
 7.7435155 5.6451087 4.9958606 0.88498926 0.7290111 11.305019 11.363636
 19.786598 20.613184 19.508833 0.946425 1.041775 8.968949 6.818182
 16.20641 12.621064 11.462513 0.9082049 0.7787699 9.986427 13.636364
 52.693485 52.295628 48.674133 0.93074954 0.9924496 9.377519 5.681818
 42.376328 39.107616 36.535423 0.9342278 0.9228647 9.835507 9.090909
 6.3803334 1.6874745 0.5272034 0.31242153 0.26448062 2.6494436 15.909091
 7.472807 3.0798726 1.7120588 0.5558862 0.41214404 5.047346 17.045454
 2.660729 1.2732195 0.32550076 0.2556517 0.47852278 2.121157 18.055555
 49.49971 49.836994 46.18028 0.9266265 1.0068139 9.608251 5.681818
 4.743381 1.2079779 0.53910947 0.44629085 0.254666 1.3809863 14.285714
 10.991652 10.72176 9.884234 0.92188543 0.97544575 9.924059 6.818182
 3.3509266 1.054073 0.5362702 0.50876004 0.31456164 5.42104 12.5
 5.420519 1.3889452 0.3368496 0.24252187 0.25623843 2.410162 19.318182
 9.501944 5.5175576 4.7629504 0.86323535 0.58067673 9.048207 18.181818
 4.6405854 0.9565858 0.21345228 0.2231397 0.20613474 2.812373 19.318182
 43.32059 41.65735 38.520943 0.92470944 0.96160614 9.517186 4.5454545
 4.81057 3.9219027 3.7186086 0.9481644 0.8152678 8.370692 15.476191
 13.368628 9.049793 8.318752 0.9192202 0.6769425 6.8134465 17.105263
 1.8815211 0.6720221 0.19845195 0.2953057 0.35716957 3.5855742 18.75
 14.415044 12.725038 11.874466 0.9331577 0.88276094 8.32159 11.25
 18.113148 16.653917 15.335168 0.92081445 0.91943806 9.669471 9.090909
 7.251003 4.543497 1.6429323 0.36160082 0.62660265 4.029744 13.636364
 20.605698 18.674915 17.244804 0.9234207 0.9062987 9.643072 13.636364
 8.830894 3.4103274 2.104476 0.61708915 0.3861814 7.5214677 13.636364
 2.8114336 1.2712642 0.59957784 0.47163904 0.4521765 3.5105994 17.857143
 2.261384 0.8069197 0.1252461 0.15521505 0.3568256 1.3872299 19.736841
 4.5769095 2.272978 1.53559 0.6755851 0.49661854 8.382532 15.909091
 3.2351778 1.2075756 0.50094473 0.41483507 0.37326407 3.5454938 16.25
 4.7522874 3.0585208 1.1982256 0.39176634 0.6435892 4.9355254 11.363636
 13.222452 10.826967 9.725066 0.8982263 0.818832 9.664444 14.772727
 4.3963566 1.858215 1.1233485 0.60453093 0.4226716 6.2866 16.666666
 21.940056 18.260406 17.398905 0.9528214 0.83228624 8.8049965 12.5
 3.3074331 1.4153477 0.5369215 0.37935662 0.42792937 3.0897574 14.473684
 16.705214 14.956953 13.761746 0.9200902 0.8953464 7.641088 10.526316
 63.77872 38.460075 34.645527 0.900818 0.6030236 7.2298613 12.5
 16.090994 13.388502 12.267976 0.91630685 0.8320494 5.7347617 13.333333
 3.2561848 0.7035191 0.16140474 0.2294248 0.21605626 1.8220422 14.285714
 1.0 19.331339 16.277388 14.7017765 0.9032025 0.84202075 146.42822 12.16812 69.0
