 83.30715 61.87485 57.70479 0.93260485 0.7427316 9.102717 10.227273
 5.4458237 4.6797433 4.032503 0.86169326 0.8593269 9.61267 8.75
 130.69531 127.675255 119.31398 0.93451136 0.97689235 6.4029403 10.294118
 14.974992 13.071132 11.106339 0.84968466 0.872864 11.046187 10.227273
 1.0339767 0.27522427 0.05923129 0.21521099 0.26618034 2.0565765 21.875
 134.9257 134.35498 123.59553 0.91991776 0.99577004 9.020034 7.9545455
 118.58733 88.03426 83.42071 0.94759357 0.7423581 9.150517 15.909091
 12.015129 11.914349 11.31187 0.9494325 0.99161214 9.263779 9.090909
 10.188573 10.00248 9.502678 0.9500322 0.98173517 9.335334 12.5
 5.8575087 1.7663089 0.81964487 0.4640439 0.30154607 5.084867 12.5
 128.85812 132.2017 125.63339 0.95031595 1.0259478 9.240865 1.1363636
 11.727935 11.3355255 10.670091 0.9412965 0.9665406 9.2524 9.090909
 2.7413723 0.81093174 0.26402578 0.32558325 0.29581234 3.8835807 17.045454
 18.087019 20.107368 17.82965 0.8867222 1.1117017 9.181916 2.2727273
 132.4783 135.2847 127.49022 0.94238466 1.0211838 9.232608 7.9545455
 137.38315 145.59108 131.96796 0.9064288 1.0597448 4.1430373 1.9230769
 137.84912 144.77443 132.93993 0.9182556 1.0502383 4.7071857 1.7857143
 139.30527 146.55347 136.67484 0.93259376 1.052031 7.6655426 0.0
 2.4056606 0.6144208 0.14738156 0.23987073 0.25540626 1.6654545 15.384615
 143.60942 128.89488 113.06139 0.8771597 0.89753777 4.3612094 2.0833333
 1.0 68.573845 65.99085 60.877308 0.9225113 0.9623327 476.77118 8.900248 20.0
