 104.38868 82.11749 76.722015 0.93429565 0.78665125 8.968315 15.909091
 25.231363 25.498236 24.622583 0.9656583 1.010577 9.280647 3.409091
 1.7554015 0.5700796 0.08714907 0.15287176 0.3247574 1.4814566 17.5
 21.62842 20.839697 19.828217 0.9514638 0.963533 8.86312 14.772727
 72.44622 72.041824 68.81858 0.9552588 0.99441797 9.153098 1.1363636
 89.63394 88.43579 83.87446 0.9484221 0.98663294 9.037118 1.1363636
 74.92918 73.93867 69.62277 0.9416287 0.98678076 9.177568 1.1363636
 4.059672 1.4610221 0.6478581 0.44342795 0.35988677 5.96009 17.045454
 16.757763 16.644175 15.70721 0.9437061 0.99322176 9.224361 9.090909
 12.399527 11.693017 10.900406 0.932215 0.94302124 9.143798 10.227273
 8.622014 3.79487 3.0208626 0.7960385 0.44013727 7.794307 15.909091
 19.615383 18.922506 17.713312 0.9360976 0.9646768 8.9914 1.1363636
 17.640368 17.472044 16.504099 0.9446004 0.990458 9.099374 10.227273
 6.453486 5.7296324 5.0586987 0.88290113 0.88783526 8.88001 10.227273
 103.80546 103.24122 98.524704 0.9543156 0.9945645 9.179996 1.1363636
 90.85296 90.45479 86.24034 0.95340824 0.99561745 9.138487 11.363636
 1.767462 0.4117937 0.04565718 0.110873915 0.2329859 0.95954114 23.529411
 1.1179383 0.38682 0.055634107 0.14382428 0.34601194 1.6441333 22.916666
 1.4923774 0.5220302 0.14255385 0.27307588 0.3497977 2.1927614 25.0
 19.570728 18.43778 17.586082 0.95380694 0.94211006 9.113192 14.772727
 103.1617 93.40599 88.22518 0.9445345 0.9054329 9.12879 6.818182
 14.438852 12.988749 12.257982 0.9437385 0.8995693 9.305057 14.772727
 90.74178 89.43941 81.77442 0.91429967 0.98564744 4.9791803 5.357143
 77.966644 48.661915 43.58123 0.89559215 0.6241376 8.588927 17.045454
 9.260747 8.997756 8.542178 0.94936764 0.9716016 9.081536 6.818182
 1.0974066 0.2140434 0.08385662 0.3917739 0.19504474 5.402063 18.181818
 3.7291622 1.0141809 0.4293698 0.4233661 0.27195945 5.128294 23.529411
 1.6921277 0.46695343 0.22024998 0.4716744 0.2759564 4.79397 25.0
 3.3813143 0.8963108 0.18246517 0.20357354 0.26507762 2.6066678 14.772727
 86.52855 85.00866 80.91718 0.9518699 0.9824348 9.081601 7.9545455
 8.360414 5.225541 4.076723 0.7801533 0.6250338 8.159031 10.227273
 4.642644 3.228092 2.6992087 0.8361623 0.6953133 11.089778 17.5
 9.694823 4.129879 3.8011816 0.92040986 0.42598808 8.846902 13.636364
 3.3514974 1.188261 0.5792655 0.48749006 0.3545463 4.0217295 17.307692
 0.81640744 0.17377795 0.07002896 0.40297958 0.21285689 2.7144654 25.0
 8.134907 7.5315213 7.0357695 0.9341764 0.9258276 9.149677 9.090909
 99.73988 97.88196 92.865036 0.9487452 0.98137224 9.131436 2.2727273
 1.7381023 0.45728502 0.06144357 0.13436602 0.26309443 1.233403 18.421053
 4.1705794 1.4626616 0.54355484 0.37162033 0.35070947 3.4708295 13.095238
 2.2556133 0.543097 0.12727654 0.23435321 0.24077576 1.9249862 15.476191
 11.428954 8.83568 7.930094 0.897508 0.7730961 10.208749 13.636364
 9.804982 8.616029 7.7216663 0.8961979 0.87873983 9.134568 9.090909
 63.655483 56.54361 52.062027 0.92074114 0.88827556 10.52323 6.818182
 30.900118 29.762398 27.974167 0.93991643 0.9631808 9.172806 3.409091
 6.5204415 4.1675415 3.7056575 0.88917106 0.6391502 8.358547 10.227273
 7.340383 5.975519 5.5960464 0.9364955 0.8140609 8.649131 9.090909
 1.5802513 0.44663963 0.13670488 0.30607423 0.28263834 3.2121582 16.666666
 0.9457451 0.23443794 0.04523623 0.1929561 0.24788703 1.8985493 20.833334
 36.58595 34.104023 32.087746 0.9408786 0.93216175 8.475768 4.5454545
 88.75226 86.91965 82.915245 0.95392984 0.97935134 9.166595 6.818182
 114.13474 110.26927 100.87209 0.9147797 0.96613234 4.482728 5.769231
 10.482973 9.010516 8.538154 0.9475766 0.8595382 9.3715925 7.9545455
 0.6436047 0.06761903 0.02595314 0.38381413 0.10506299 3.5352564 29.166666
 44.61628 41.574146 39.39268 0.94752836 0.9318156 9.662758 6.818182
 12.190805 12.157966 11.27118 0.9270613 0.99730617 9.391793 6.818182
 20.271902 20.56422 18.211233 0.8855786 1.0144199 6.643754 10.227273
 36.56761 36.348236 34.75985 0.9563009 0.9940008 9.019727 3.409091
 101.95185 101.23727 96.46286 0.95283943 0.992991 9.293687 0.0
 1.7546825 0.30790922 0.05722838 0.1858612 0.1754786 2.305241 20.588236
 92.44186 91.32232 83.26719 0.91179454 0.98788923 4.48051 3.8461537
 2.2734447 0.5371835 0.11062007 0.20592602 0.23628618 1.8959438 20.238094
 10.947561 10.001732 9.478766 0.9477124 0.91360366 9.13009 9.090909
 28.230562 27.44123 26.08858 0.9507073 0.9720398 9.293255 2.2727273
 1.9055758 0.4951184 0.12521026 0.2528895 0.25982615 2.7475295 17.105263
 8.2008295 8.0723295 7.7620325 0.96156037 0.9843309 9.026311 5.681818
 3.6232705 0.9302078 0.13425937 0.14433266 0.2567315 1.3990898 17.857143
 1.301342 0.63503575 0.32450926 0.5110094 0.4879853 2.733023 20.833334
 97.89852 96.79993 92.33713 0.95389664 0.9887782 9.185227 0.0
 4.9221306 4.051674 3.6670806 0.905078 0.82315445 8.867073 11.363636
 2.4640722 0.5452401 0.21215308 0.38910028 0.22127603 3.9565332 17.5
 21.430548 17.767904 15.904648 0.8951336 0.82909244 8.459624 10.227273
 3.2783678 0.66280305 0.15143475 0.22847624 0.20217471 3.1563146 20.238094
 5.7907877 2.7485301 1.1764003 0.4280107 0.47463837 4.024586 12.5
 2.290528 0.49453095 0.06596758 0.13339424 0.2159026 1.2649432 19.444445
 3.2918313 0.88495624 0.22489849 0.25413513 0.26883402 3.1907442 19.318182
 2.440418 0.62820303 0.10063247 0.16019098 0.2574162 1.9471238 17.857143
 31.140345 28.980665 27.33558 0.9432351 0.9306469 8.979544 7.9545455
 69.07399 68.73185 65.38204 0.9512626 0.9950468 9.059855 1.1363636
 23.525658 23.033644 21.896288 0.950622 0.9790861 9.347542 3.409091
 89.26439 79.849655 75.09977 0.94051456 0.8945298 9.213578 7.9545455
 2.2727618 1.389488 0.5359452 0.38571414 0.61136544 4.0113087 15.0
 2.0900664 0.63844824 0.24888456 0.3898273 0.30546793 2.4274938 21.875
 32.53383 24.367386 22.63404 0.92886627 0.74898607 11.160182 11.363636
 3.8727717 3.1046655 2.9492674 0.9499469 0.801665 7.501096 11.111111
 71.602905 77.512794 72.54769 0.93594474 1.0825369 8.120406 1.25
 89.074265 90.197914 83.96629 0.93091166 1.0126147 7.631924 9.210526
 76.00312 77.53658 71.95151 0.92796844 1.0201763 7.5973473 1.3157895
 2.7855103 0.6140015 0.11191821 0.18227677 0.22042695 1.4258604 21.875
 30.267715 30.573603 27.617676 0.9033177 1.010106 4.9874797 1.7857143
 1.5490258 0.30140656 0.14132066 0.46887058 0.19457814 2.7409108 22.5
 1.5768127 0.4122147 0.24575038 0.59617084 0.26142275 5.5140023 20.454546
 101.183655 78.89385 70.676865 0.89584756 0.77970946 6.418508 14.705882
 78.77378 77.76086 72.685616 0.93473274 0.98714143 6.226741 10.9375
 1.8253918 0.68386906 0.23334733 0.3412164 0.37464234 1.894774 9.090909
 1.0 30.110086 27.77951 25.861212 0.9309456 0.9225982 229.18098 11.915449 94.0
