 92.21626 95.70172 88.25203 0.92215717 1.0377966 6.0787835 1.5625
 85.21748 88.78523 82.36394 0.9276761 1.0418664 6.817736 4.4117646
 19.736584 20.104027 18.960506 0.9431198 1.0186173 9.09297 12.5
 102.19758 93.18606 56.51809 0.606508 0.9118225 4.924826 6.25
 99.10738 97.31654 90.952446 0.93460417 0.98193026 9.214667 11.363636
 0.38831735 0.08515731 0.010644664 0.125 0.21929824 1.25 25.0
 8.74776 1.9203576 0.5058798 0.26343003 0.21952564 2.4598706 19.318182
 13.742651 13.940692 13.376176 0.9595059 1.0144107 8.382489 12.5
 103.7069 102.74123 97.12937 0.9453788 0.99068844 9.0813265 1.1363636
 85.84663 87.74713 81.87296 0.93305576 1.0221384 9.122232 1.1363636
 10.436052 10.211811 9.60757 0.9408291 0.9785129 9.060774 13.636364
 2.3559704 0.63944834 0.1106005 0.17296238 0.2714161 2.0369966 21.428572
 101.79487 104.53255 99.16473 0.9486492 1.0268941 9.230691 1.1363636
 17.970274 4.3262997 0.79483926 0.18372266 0.24074756 1.6492393 18.181818
 87.15549 89.88595 85.63122 0.95266527 1.0313286 9.013667 1.1363636
 9.572707 5.016393 4.542383 0.90550774 0.5240308 9.19983 19.318182
 1.8303124 0.51991886 0.21781412 0.41893864 0.28406018 2.937436 20.588236
 101.99152 102.80309 95.02418 0.9243319 1.0079572 8.892853 11.363636
 105.90505 102.928795 95.11713 0.9241061 0.97189695 9.005314 3.409091
 4.7562265 1.1256409 0.2718995 0.24155082 0.2366668 2.0616643 16.666666
 108.26705 113.70413 105.446526 0.9273764 1.0502192 6.727586 1.4705882
 95.039055 94.86733 89.763565 0.9462011 0.9981931 9.068292 12.5
 2.2474592 0.6206559 0.49154794 0.7919814 0.27615893 10.654667 18.421053
 15.319983 15.455325 14.789666 0.95693004 1.0088344 8.976805 7.9545455
 110.21995 112.79753 102.832855 0.91165876 1.0233859 5.099891 8.928572
 105.436195 108.384094 98.28431 0.90681493 1.0279591 5.0666866 10.714286
 104.76607 107.27844 101.700455 0.94800454 1.0239807 9.111185 0.0
 93.60666 97.11721 88.501236 0.91128266 1.0375032 5.07935 1.7857143
 93.623695 95.66385 87.32323 0.91281325 1.021791 5.0923653 3.5714285
 98.410385 97.07639 90.83876 0.93574506 0.9864446 8.970556 3.409091
 98.285095 99.09101 93.98975 0.94851947 1.0081998 9.106901 17.045454
 118.705864 121.779816 109.471146 0.89892685 1.0258955 4.5806127 9.615385
 98.79574 100.07786 94.445755 0.94372284 1.0129775 9.3368845 7.9545455
 94.170616 95.25737 85.38243 0.8963342 1.0115403 5.1604013 3.5714285
 2.853041 0.8824508 0.31276098 0.35442314 0.30930185 3.8500926 19.047619
 95.96475 97.89573 93.37179 0.9537881 1.0201217 8.979122 7.9545455
 93.00437 100.20203 90.14118 0.8995944 1.0773904 4.046592 2.0833333
 95.99252 95.80178 88.841484 0.92734694 0.99801296 9.0361395 1.1363636
 113.96151 120.027695 110.357376 0.91943264 1.05323 6.172931 1.5625
 106.93229 105.869255 100.152534 0.94600207 0.9900588 9.116468 7.9545455
 89.18692 90.05291 85.43103 0.94867593 1.0097098 9.183689 1.1363636
 2.31216 0.5866302 0.23826575 0.40616003 0.25371525 4.5135245 16.666666
 121.97681 128.72481 114.56972 0.89003605 1.055322 4.0199633 2.0833333
 115.56983 118.25193 111.61857 0.9439048 1.0232077 9.13711 6.818182
 6.688047 6.226666 5.7781124 0.9279625 0.9310141 8.575602 7.9545455
 93.704834 94.87735 89.91165 0.9476619 1.0125129 9.145171 1.1363636
 109.04006 112.12664 102.166725 0.9111726 1.0283067 5.0575647 1.7857143
 102.10213 102.55912 96.07104 0.93673813 1.0044758 9.106841 3.409091
 99.94647 98.11328 90.29479 0.9203116 0.9816583 9.140977 5.681818
 117.14711 119.506714 109.410416 0.91551685 1.0201422 5.723384 1.6666666
 87.18293 58.699764 53.326954 0.9084697 0.67329425 8.74794 17.045454
 2.4172626 0.50163525 0.09783736 0.19503686 0.20752203 1.7407124 19.736841
 3.1233213 0.72461146 0.16221724 0.2238679 0.23200029 2.2179706 17.045454
 96.19905 96.1979 88.45192 0.91947865 0.999988 5.5401506 1.6666666
 90.79795 94.01719 89.080734 0.9474941 1.035455 9.176327 0.0
 101.2369 99.85978 92.32448 0.9245412 0.9863971 5.7590775 5.0
 103.25327 102.98612 96.47687 0.9367948 0.9974127 8.094643 1.25
 106.99119 108.55501 102.27261 0.9421271 1.0146164 8.14032 3.75
 100.90269 71.745056 62.626396 0.8729019 0.71103215 5.1774855 16.071428
 5.86931 3.0062587 1.8457336 0.61396366 0.5121997 5.95136 17.647058
 18.757877 16.47177 14.602031 0.8864883 0.8781254 6.6643977 8.823529
 85.738304 79.6597 72.454704 0.9095528 0.92910284 5.8158383 4.6875
 113.023285 106.92942 96.69943 0.9043296 0.9460831 5.254915 5.0
 114.65228 97.86719 86.42936 0.88312906 0.8536 3.872833 12.5
 7.4289627 5.401861 4.8304663 0.89422256 0.72713536 3.269123 12.5
 1.0 72.238884 71.03104 65.139 0.9170498 0.9832798 513.43274 8.61212 65.0
