 94.20062 87.80771 81.03113 0.9228248 0.9321351 8.47993 11.363636
 5.969667 4.6476326 4.299973 0.92519635 0.7785414 6.954383 12.5
 33.202503 33.082268 31.499643 0.95216095 0.99637866 8.566553 4.5454545
 9.314791 8.56255 7.8635693 0.9183678 0.91924226 8.979617 10.227273
 79.87344 72.12329 66.41404 0.9208404 0.90296954 8.473106 12.5
 87.123924 83.29404 77.16905 0.9264655 0.9560409 8.334907 7.9545455
 94.16026 87.184586 80.43404 0.9225718 0.925917 8.463176 9.090909
 26.295002 22.996479 22.079296 0.9601163 0.8745571 5.9904246 12.5
 25.100222 22.48372 20.874691 0.9284358 0.8957578 8.47499 10.227273
 25.77955 24.47385 22.273285 0.910085 0.9493514 6.864016 8.75
 46.71014 44.750267 41.56593 0.92884207 0.9580418 8.416836 3.409091
 93.63512 89.58562 83.00407 0.92653346 0.95675236 8.467432 1.1363636
 6.495443 5.0326195 4.643305 0.9226417 0.7747924 8.348163 13.636364
 8.505621 7.755115 7.1247005 0.9187098 0.91176355 7.9455047 11.363636
 89.343796 84.8128 77.48345 0.913582 0.94928586 7.6237273 6.25
 7.0345592 6.0559144 5.2664165 0.8696319 0.8608805 7.073039 9.523809
 83.22408 77.392494 68.7675 0.88855517 0.9299291 5.578517 12.5
 10.395845 7.60526 6.7323465 0.88522243 0.73156726 5.016527 12.5
 96.5655 90.1234 80.524185 0.8934881 0.93328774 5.6520047 12.5
 7.877951 6.1742764 5.5643115 0.9012087 0.78374135 7.9936867 13.636364
 98.83341 90.10065 75.5272 0.8382537 0.91164154 4.0137267 10.416667
 86.68829 84.367966 78.39807 0.9292398 0.97323364 8.455507 0.0
 39.709454 37.00751 34.308285 0.92706275 0.9319572 9.204817 9.090909
 5.948437 4.7235174 4.2702336 0.90403676 0.7940771 8.52707 13.636364
 103.19211 92.32016 85.57706 0.92695963 0.8946436 8.464643 6.818182
 6.92716 2.3540487 1.8180045 0.7722883 0.33982885 8.628084 13.636364
 9.224262 6.8529396 6.3874793 0.9320787 0.74292547 8.62545 13.636364
 6.817362 5.543549 5.142138 0.9275895 0.81315166 8.547212 17.045454
 102.35896 97.4975 90.40281 0.9272321 0.95250577 8.509692 1.1363636
 86.55589 81.17828 74.326836 0.9156 0.9378712 8.491484 3.409091
 104.69822 80.500946 73.67718 0.9152337 0.7688855 8.17372 18.181818
 6.087574 3.7200508 0.8991457 0.24170254 0.6110892 2.6394002 14.772727
 6.418301 5.9455047 5.3711057 0.9033894 0.92633617 8.174777 13.636364
 5.697304 1.4486011 0.48010272 0.33142507 0.2542608 2.0293007 17.857143
 2.860534 0.71481556 0.31458718 0.4400956 0.24988885 5.6995955 17.045454
 14.6458645 13.291363 12.33849 0.92830884 0.9075165 8.254168 6.818182
 47.086834 41.888775 38.51404 0.91943586 0.88960695 8.5474205 14.772727
 2.3137934 0.5996209 0.2540169 0.4236292 0.25915056 4.3898892 22.222221
 1.5956962 0.3845932 0.16289195 0.4235435 0.24101907 4.353925 22.368422
 4.552477 3.0315902 2.4961934 0.82339406 0.66592103 7.918347 13.636364
 101.16877 83.35779 73.35556 0.88000846 0.82394785 5.2183723 15.0
 8.713779 7.480757 6.83337 0.9134597 0.8584974 8.622862 15.909091
 21.92756 21.036661 19.520538 0.9279295 0.9593708 8.521871 7.9545455
 80.3842 69.20039 61.097157 0.8829018 0.8608706 5.1637936 6.6666665
 32.052666 25.729864 23.593298 0.91696167 0.80273706 8.372764 10.227273
 3.3191087 0.7952639 0.18890111 0.23753262 0.23960164 1.9032006 17.045454
 94.018486 91.907585 85.009 0.92494005 0.977548 8.0739565 5.952381
 11.160347 7.600142 6.9864097 0.9192472 0.68099517 8.023148 13.636364
 10.599786 7.9117565 7.1590996 0.90486854 0.7464073 8.641813 13.636364
 8.739574 3.9476652 3.406844 0.8630022 0.4516999 7.382044 15.909091
 90.20051 84.85514 78.19735 0.92153937 0.94073904 8.395991 11.363636
 103.787346 99.9929 93.07894 0.9308556 0.9634401 8.478834 2.2727273
 26.313515 25.555119 23.886969 0.9347235 0.9711785 8.291238 3.409091
 92.78917 85.42514 78.79817 0.92242366 0.920637 8.511864 12.5
 95.06668 91.393135 84.853195 0.9284417 0.9613582 8.557839 9.090909
 96.78926 92.80917 86.30148 0.9298809 0.9588789 8.519174 3.409091
 5.9230285 3.6361089 2.7822344 0.7651681 0.6138935 8.787706 13.636364
 93.370804 91.8364 85.8903 0.93525326 0.9835666 8.487725 1.1363636
 42.710712 42.25946 39.825165 0.94239646 0.98943466 8.59826 10.227273
 89.24879 82.68409 74.0396 0.89545155 0.92644495 5.5770473 4.6875
 2.091988 0.4435584 0.0643139 0.14499535 0.21202722 1.4628805 16.25
 6.0415673 5.5389166 5.059619 0.9134672 0.9168012 8.4033785 9.523809
 92.736855 91.550446 85.89158 0.93818855 0.98720676 5.866141 6.25
 81.79563 85.201935 76.644775 0.89956605 1.0416441 4.2580028 8.333333
 1.0 46.312035 42.524456 38.87101 0.914086 0.91821617 321.0144 10.629363 64.0
