 100.82774 93.16399 87.30688 0.93713117 0.9239916 7.2801237 6.5789475
 98.51892 91.74318 83.49924 0.9101411 0.931224 5.3160453 8.333333
 100.15771 78.10991 58.176723 0.74480593 0.77986914 4.855914 12.5
 103.318375 100.53319 95.09808 0.9459373 0.97304267 8.710423 14.772727
 19.397058 19.88398 17.928253 0.90164304 1.0251029 10.517997 11.363636
 97.899025 89.89873 81.48301 0.9063867 0.9182801 4.8434896 7.142857
 91.66147 87.006165 81.420006 0.9357958 0.949212 8.733926 8.333333
 3.832973 2.1293204 1.2172264 0.5716502 0.5555271 6.477211 18.421053
 1.9204441 0.3794277 0.071488544 0.1884115 0.1975729 2.1159267 20.588236
 99.73192 91.90048 84.994316 0.9248517 0.9214752 8.924201 5.681818
 96.873825 93.61176 84.4947 0.9026077 0.9663267 4.3804107 11.538462
 29.390104 7.7805037 5.5815086 0.7173711 0.2647321 5.073883 14.0625
 93.724174 86.302536 80.15721 0.9287932 0.92081404 8.375845 8.333333
 8.178136 8.530962 8.157639 0.956239 1.0431426 10.996272 13.095238
 101.392395 99.44657 94.8193 0.95346975 0.980809 8.66353 5.681818
 103.54443 98.501114 93.207275 0.94625604 0.9512932 8.650772 5.681818
 84.56634 76.167656 70.97355 0.9318069 0.9006853 8.844482 5.681818
 82.120605 74.072464 68.511 0.92491865 0.9019961 7.9020157 13.75
 100.01696 79.37448 73.59156 0.92714375 0.7936103 8.816716 15.909091
 108.906456 105.083694 99.08273 0.94289356 0.96489865 8.906345 5.681818
 103.67949 98.8785 90.13611 0.9115845 0.953694 5.381296 1.6666666
 100.96074 96.47197 90.43711 0.9374444 0.95553946 8.593735 5.681818
 87.54881 80.70557 76.19039 0.94405377 0.92183506 8.497982 3.409091
 103.49715 97.610275 91.00326 0.93231225 0.9431205 8.55678 6.818182
 98.24681 94.90945 89.632835 0.9444037 0.96603084 8.812786 1.1363636
 100.82953 98.03158 92.9229 0.94788736 0.9722507 8.975813 14.772727
 104.524895 99.73886 94.124306 0.94370747 0.95421153 8.853605 10.227273
 113.811874 111.51849 105.23832 0.94368494 0.97984934 8.821834 6.818182
 102.71385 95.860054 90.905815 0.948318 0.93327296 9.020124 10.227273
 90.32748 79.38821 73.75601 0.92905504 0.87889326 8.860577 5.681818
 76.748314 76.127045 72.2664 0.9492869 0.99190515 8.390085 1.1904762
 100.307785 96.583206 91.39155 0.94624674 0.9628685 8.713791 14.772727
 7.312964 5.703145 5.0261264 0.8812903 0.77986777 7.6614966 11.904762
 84.93524 82.33302 78.17423 0.9494882 0.9693623 8.864338 7.9545455
 91.94214 84.95352 80.09355 0.94279253 0.92398894 8.864739 5.681818
 93.08729 91.12082 86.17734 0.94574803 0.978875 8.91177 7.9545455
 12.689538 10.41488 7.9418693 0.7625503 0.82074535 9.600936 15.476191
 113.18651 98.83454 91.54047 0.9261991 0.8732007 8.737071 15.909091
 108.79721 101.46744 95.554245 0.9417232 0.93262905 8.700759 7.9545455
 95.8263 90.671486 82.77356 0.9128952 0.9462067 5.2883954 5.0
 12.219631 7.8344264 6.4861994 0.8279099 0.64113444 8.694638 14.772727
 116.656975 113.47024 106.933105 0.942389 0.97268283 8.735715 5.681818
 86.175804 84.07974 78.6138 0.93499094 0.97567683 8.4948845 1.1363636
 112.34355 105.86379 99.34985 0.93846864 0.94232196 8.817807 7.9545455
 93.9968 91.63082 86.46423 0.9436152 0.97482914 9.076164 9.090909
 91.7735 81.57878 74.28489 0.91059077 0.8889144 5.649449 14.0625
 102.22484 95.33936 88.78343 0.93123585 0.9326438 8.709385 5.681818
 10.818827 9.006098 8.40776 0.93356305 0.8324468 9.170239 12.5
 113.30959 107.08849 100.94008 0.9425857 0.94509643 7.1694546 5.263158
 89.17485 83.58268 76.91407 0.9202154 0.9372898 5.3415127 6.6666665
 115.70216 112.56393 106.89393 0.9496286 0.97287655 8.792049 6.818182
 89.08741 86.63382 81.759735 0.94373924 0.9724586 8.93916 3.409091
 108.97087 101.61876 95.88297 0.94355583 0.9325314 8.894735 13.636364
 106.27537 102.15234 95.642784 0.93627596 0.9612043 8.2781725 1.1904762
 81.54155 82.53099 78.24204 0.94803226 1.0121342 9.196257 10.227273
 74.67951 73.273125 69.345024 0.946391 0.9811676 8.812923 1.1363636
 87.44357 83.4096 78.88633 0.9457704 0.9538676 8.737238 7.9545455
 17.23762 18.559769 17.547235 0.9454447 1.0767014 8.710628 10.227273
 15.588685 11.42008 5.9406266 0.5201913 0.73258775 5.4748745 11.363636
 111.01706 94.32101 80.58415 0.85436064 0.8496082 9.307123 2.2727273
 89.29997 66.3545 57.05623 0.8598697 0.74305177 3.6768649 10.416667
 104.86498 96.626175 88.232056 0.9131279 0.9214341 5.341935 1.6666666
 100.12673 92.69983 82.36925 0.8885588 0.92582494 3.7699242 6.25
 89.3249 82.35873 75.353775 0.9149458 0.9220131 5.876139 7.8125
 103.460945 95.78287 84.63881 0.8836529 0.9257876 4.2666016 11.538462
 14.086421 9.38848 7.335095 0.7812867 0.6664915 7.107464 11.363636
 106.62941 104.61928 99.09346 0.94718164 0.9811485 8.9437895 0.0
 98.98021 95.17242 88.78311 0.93286604 0.9615298 8.7469425 4.5454545
 97.94481 95.62219 90.11876 0.94244605 0.97628653 8.859149 3.409091
 86.57126 76.20105 71.12849 0.93343186 0.8802119 8.937805 9.090909
 117.85223 114.137 107.638885 0.9430674 0.9684756 8.991507 1.1363636
 105.01553 101.855804 96.1889 0.94436353 0.9699118 8.846295 11.363636
 86.52742 81.14372 74.78896 0.9216851 0.93778044 8.434884 7.9545455
 84.525696 82.5054 76.87309 0.9317341 0.9760984 6.7961802 1.3888888
 91.67627 88.67412 83.818245 0.9452392 0.9672527 8.799175 1.1363636
 112.78485 108.104195 101.88961 0.942513 0.95849925 8.887309 7.9545455
 13.767827 11.750215 10.146021 0.8634754 0.85345453 10.303519 13.636364
 12.105619 7.2603593 5.5125046 0.7592606 0.5997511 8.342791 13.636364
 94.76943 92.02345 86.075005 0.9353595 0.97102463 7.401839 1.3157895
 105.75805 78.25403 72.23973 0.9231439 0.73993444 8.793693 18.181818
 93.59387 88.21496 83.127975 0.94233423 0.94252926 9.026249 12.5
 86.32845 75.070076 70.7051 0.94185466 0.86958677 8.813551 5.681818
 93.68198 91.49579 86.380165 0.944089 0.97666365 8.795597 3.409091
 15.701485 12.324316 9.258325 0.7512243 0.784914 10.193752 15.909091
 87.897964 82.17053 76.09094 0.9260125 0.93484 6.801926 6.9444447
 114.49134 110.96897 103.89642 0.9362656 0.96923465 8.979915 5.681818
 88.57877 76.51764 69.223946 0.90467966 0.8638371 4.7995386 1.7857143
 97.70386 90.18145 84.16874 0.93332654 0.9230081 8.710595 11.363636
 95.757965 93.78957 87.92659 0.9374879 0.9794441 8.263145 5.952381
 101.422 96.83068 90.21086 0.9316351 0.95473063 8.827378 9.090909
 75.91097 73.47136 69.3568 0.9439976 0.96786225 9.018633 2.2727273
 64.10126 29.766083 26.923138 0.9044905 0.46436033 8.383706 13.636364
 96.38585 90.60515 84.56158 0.9332977 0.9400254 8.832037 4.5454545
 4.5989046 1.8157698 0.6688529 0.36835778 0.3948266 3.9111905 13.095238
 103.72288 98.74387 93.256 0.94442314 0.95199704 8.945905 0.0
 108.52154 103.189804 92.85117 0.8998096 0.9508693 4.2467303 5.769231
 2.351301 0.6621174 0.09778347 0.14768296 0.2815962 1.4124706 17.857143
 99.86997 94.84776 89.488686 0.9434981 0.9497126 8.864489 6.818182
 91.00153 87.4935 82.691025 0.9451105 0.9614508 8.746968 3.409091
 102.49082 94.082184 87.7378 0.9325655 0.9179572 8.698364 5.681818
 91.720726 91.623436 84.79742 0.92549914 0.9989393 8.604382 1.1363636
 103.57033 94.77234 86.4515 0.9122018 0.91505295 5.311242 11.666667
 0.40570104 0.17898408 0.044422343 0.2481916 0.44117233 2.0434885 33.333332
 112.989334 113.41991 107.87916 0.95114833 1.0038108 8.828452 5.681818
 87.26933 84.87682 77.15205 0.90898836 0.9725848 8.432184 3.409091
 92.02986 86.6186 81.99894 0.9466666 0.941201 8.765157 7.9545455
 87.903725 84.406715 79.82013 0.9456608 0.96021783 8.830866 3.409091
 87.93822 82.858315 78.56016 0.94812644 0.94223326 8.904902 6.818182
 97.06101 94.69176 89.28489 0.94290036 0.97559005 8.727651 3.409091
 114.427505 112.820114 106.72792 0.9460008 0.9859528 9.012425 3.409091
 112.51331 108.6355 102.066795 0.9395345 0.9655346 9.015971 2.2727273
 113.17598 102.691185 94.32678 0.918548 0.9073585 5.803903 12.5
 98.369446 95.50128 90.34629 0.94602174 0.9708429 8.874502 9.090909
 95.55059 88.215965 80.09084 0.90789515 0.9232383 5.2034526 11.666667
 89.01443 84.05771 79.024605 0.94012326 0.9443155 8.88999 10.227273
 90.59375 76.08927 70.37413 0.924889 0.83989537 9.258912 12.5
 102.14147 95.16434 89.48756 0.9403476 0.9316914 8.90158 12.5
 84.44712 76.67751 72.7078 0.9482284 0.9079944 8.809064 7.9545455
 109.41876 101.2698 93.33782 0.9216748 0.92552495 5.844504 4.6875
 91.355804 86.23763 82.457855 0.9561702 0.94397545 8.835589 3.409091
 113.1731 108.186714 101.785034 0.9408275 0.9559401 8.995298 1.1363636
 11.27442 8.736656 7.9151506 0.9059703 0.7749096 4.6758256 10.9375
 10.273019 9.69842 9.004151 0.92841434 0.9440671 9.353032 16.25
 17.104399 8.361585 7.4868536 0.89538693 0.48885578 8.621386 19.318182
 90.2266 68.61046 63.15049 0.9204208 0.7604238 8.963158 15.909091
 97.16442 91.03984 85.56731 0.93988854 0.9369669 8.90694 9.090909
 88.98711 83.657555 79.0695 0.94515675 0.9401088 8.7220335 0.0
 111.754814 108.70629 102.76434 0.9453394 0.97272134 8.830505 3.409091
 106.54075 94.11844 88.298935 0.9381683 0.8834032 8.757824 9.090909
 91.94242 83.93544 77.21531 0.9199369 0.91291314 5.876818 10.9375
 94.999 89.24578 82.98369 0.9298332 0.9394391 7.184831 9.210526
 110.88983 101.09972 95.36133 0.94324034 0.9117131 8.815663 5.681818
 114.95497 102.445946 92.01668 0.8981974 0.89118326 4.797071 12.5
 82.251595 80.35095 76.76045 0.95531476 0.97689235 8.710432 6.818182
 96.11815 89.12078 84.42912 0.9473561 0.9272004 8.807269 12.5
 93.18196 85.99303 80.55454 0.9367567 0.9228506 8.772737 7.9545455
 103.18144 98.46708 93.00796 0.9445589 0.95430994 8.881218 1.1363636
 66.95915 42.312916 37.84115 0.89431673 0.6319213 8.401313 13.636364
 95.027115 91.758125 86.92863 0.9473671 0.9655995 8.818056 9.090909
 94.63013 91.62756 86.893135 0.9483296 0.9682706 8.790835 3.409091
 77.204895 59.862137 55.877106 0.93342984 0.7753671 8.855096 12.5
 103.38567 101.02483 95.65313 0.9468279 0.97716475 8.933609 1.1363636
 103.90941 96.76529 89.47515 0.9246616 0.9312467 8.82671 10.227273
 94.929634 91.77953 86.14219 0.9385773 0.96681654 9.087603 2.2727273
 100.180145 95.71598 90.28943 0.94330573 0.9554386 8.968646 4.5454545
 106.32503 99.16567 90.62357 0.9138603 0.93266535 9.101064 9.090909
 95.43854 91.68565 86.39738 0.9423217 0.96067744 7.649929 1.25
 96.779396 93.13061 88.10012 0.94598454 0.96229786 9.004595 1.1363636
 96.13922 90.73035 84.45145 0.930796 0.9437392 7.383078 3.9473684
 113.059044 114.18465 109.245995 0.9567486 1.0099559 8.600881 7.142857
 104.47358 101.434875 96.466934 0.9510234 0.9709141 8.873455 8.333333
 93.7461 88.4125 82.08955 0.92848355 0.9431059 5.950253 7.8125
 23.008137 19.160418 17.261728 0.9009057 0.832767 10.653863 10.714286
 11.608556 12.6059475 12.071307 0.9575883 1.0859187 8.420216 13.095238
 95.94453 90.46694 85.69731 0.9472777 0.9429088 8.731148 11.904762
 76.69684 76.20145 72.61124 0.9528852 0.99354094 8.488427 1.1904762
 95.32814 97.73194 92.60721 0.94756335 1.0252161 8.590822 4.7619047
 97.47851 99.76094 95.44484 0.9567355 1.0234147 8.643476 11.904762
 113.37758 115.67038 110.6927 0.9569667 1.0202228 8.623978 3.5714285
 81.253136 82.286476 78.51941 0.9542201 1.0127176 8.701536 4.7619047
 100.13274 97.0103 92.34049 0.95186275 0.96881706 8.626856 11.904762
 108.40218 104.47136 99.27311 0.95024234 0.9637385 8.519947 9.523809
 95.5519 91.39072 86.50659 0.9465577 0.95645106 8.419022 13.095238
 94.605705 100.56359 96.53475 0.9599374 1.0629759 8.499204 5.952381
 73.63721 62.08768 57.857357 0.93186533 0.8431564 8.028766 13.75
 102.41567 105.89007 100.5526 0.9495942 1.0339245 8.239349 5.0
 105.92345 104.16922 98.33275 0.9439713 0.9834388 8.202741 10.0
 91.71595 86.66349 78.31251 0.90363896 0.9449119 5.212035 1.7857143
 85.018616 87.8175 83.28938 0.9484373 1.0329207 8.168416 0.0
 99.35765 95.66809 88.72443 0.92741925 0.96286595 7.545232 5.263158
 103.52893 105.19917 93.387596 0.8877218 1.0161331 4.10882 2.0833333
 92.1415 92.81855 86.97523 0.93704575 1.0073478 7.4789686 7.894737
 95.58672 90.984856 84.34762 0.9270512 0.9518567 7.7712092 9.210526
 98.71044 94.02468 87.38858 0.9294218 0.95253026 7.2559443 10.526316
 112.61387 111.77145 103.86013 0.92921877 0.9925194 6.539304 2.9411764
 89.16324 87.99412 82.221306 0.93439543 0.9868879 7.7757387 1.3157895
 76.46155 76.58942 71.331375 0.93134767 1.0016723 7.7547784 14.473684
 93.35801 97.526825 91.881805 0.9421182 1.0446541 7.1168485 1.3888888
 98.16287 100.196335 93.216194 0.93033534 1.0207152 7.3593693 6.9444447
 80.14088 81.31163 76.283005 0.9381561 1.0146086 7.2985806 4.1666665
 87.91817 91.67345 86.07731 0.9389557 1.0427134 7.1200356 1.3888888
 75.19052 77.48386 73.47187 0.9482216 1.0305003 7.1881914 12.5
 99.107025 102.78893 96.81705 0.94190145 1.0371507 7.1941633 6.9444447
 74.7426 63.55358 59.571396 0.93734133 0.85029936 7.379386 5.5555553
 7.3007255 4.299945 3.8472314 0.89471644 0.588975 6.49662 11.111111
 109.92692 120.53631 111.208015 0.9226101 1.096513 6.7663336 1.4705882
 103.42481 100.67671 91.87214 0.9125461 0.973429 6.102692 14.0625
 95.41653 96.86522 88.813515 0.9168772 1.0151829 6.0279355 6.25
 103.75126 89.31648 78.48634 0.87874424 0.8608713 3.9339185 6.25
 91.677124 89.61003 80.43643 0.8976276 0.97745246 4.57632 5.769231
 95.10292 93.25817 84.11902 0.90200156 0.98060256 4.5493064 5.769231
 93.7306 88.88132 79.855156 0.89844704 0.94826365 4.4140763 5.769231
 4.2530746 3.8522513 3.3856816 0.8788839 0.90575683 4.606595 12.5
 100.474594 99.648384 89.09249 0.8940686 0.99177694 4.548472 9.615385
 93.64396 64.312645 56.017498 0.8710184 0.6867784 4.2864137 13.461538
 92.37406 89.99479 80.74102 0.89717436 0.9742431 4.4898415 7.6923075
 102.6419 103.54659 92.072296 0.88918716 1.008814 4.020274 8.333333
 87.48478 86.686386 76.14349 0.87837887 0.99087393 4.018493 12.5
 96.69284 95.24305 84.415665 0.8863184 0.9850062 4.0447984 14.583333
 97.89416 98.88481 88.68268 0.8968281 1.0101196 3.9273548 2.0833333
 99.04883 86.87513 72.671974 0.83651066 0.87709403 3.8395991 12.5
 85.33266 86.11173 76.059235 0.8832622 1.0091299 4.073885 4.1666665
 1.0 86.23729 81.27714 75.510025 0.9290439 0.9424825 627.3497 7.987471 202.0
