 11.81361 10.768104 9.718218 0.9025004 0.9114998 8.597137 13.636364
 15.438939 14.03935 13.16351 0.9376154 0.90934676 8.54378 5.681818
 12.756335 11.060522 7.7289796 0.6987898 0.86706114 8.598601 11.363636
 7.154606 5.359594 4.9062014 0.91540545 0.749111 6.5751076 13.636364
 18.562988 18.914728 18.099789 0.95691514 1.0189484 8.465333 7.9545455
 16.756472 10.752413 8.110234 0.7542711 0.64168715 6.4041057 14.772727
 21.968134 20.659454 19.192402 0.9289888 0.9404283 9.0545845 5.681818
 16.284832 12.41783 11.319065 0.91151714 0.7625397 9.24426 10.227273
 13.3196125 12.820996 11.506888 0.89750344 0.9625653 4.1560664 7.6923075
 16.089516 15.329548 14.727212 0.96070755 0.95276624 8.445297 2.2727273
 27.297783 20.374754 19.14035 0.9394151 0.74638855 7.9974575 15.909091
 19.464174 18.141878 17.189344 0.9474953 0.9320651 8.322694 14.772727
 18.030762 17.424738 14.183629 0.8139938 0.9663895 6.9456806 6.818182
 141.25722 132.0436 122.20618 0.92549866 0.93477416 5.638536 4.6875
 132.8488 128.99779 118.7383 0.9204676 0.9710122 5.74551 1.5625
 130.3667 124.40894 111.71916 0.8979994 0.95430005 4.1897645 9.615385
 146.59584 141.97487 127.71595 0.8995673 0.96847814 4.169241 1.9230769
 125.0509 116.547165 104.735275 0.8986514 0.9319977 4.178274 9.615385
 138.64049 133.2698 120.55628 0.90460306 0.9612618 4.1926117 1.9230769
 128.97957 122.2459 109.85479 0.89863783 0.9477928 4.1918135 5.769231
 113.16738 106.40969 96.017746 0.9023402 0.94028586 4.035279 5.769231
 140.77907 137.02896 124.10185 0.9056615 0.97336173 4.252218 5.769231
 142.93256 134.3981 121.16131 0.9015106 0.94029033 4.1750727 1.9230769
 139.11005 131.4391 119.19574 0.9068514 0.94485706 4.201155 9.615385
 120.56214 114.50961 103.24743 0.9016486 0.94979745 4.2138186 0.0
 119.73086 113.93721 102.522415 0.899815 0.9516111 4.143978 5.769231
 144.6652 139.59833 125.84616 0.90148765 0.9649751 4.2310576 1.9230769
 136.1008 133.18184 121.06055 0.9089869 0.97855294 4.193193 9.615385
 130.81017 123.56892 111.225876 0.9001121 0.9446431 4.1371007 9.615385
 132.84982 123.978386 111.24149 0.8972652 0.93322206 4.2121797 7.6923075
 113.92798 108.45975 98.09386 0.9044264 0.95200276 4.181106 9.615385
 126.90883 122.92363 110.76575 0.901094 0.9685979 4.204304 1.9230769
 137.98596 133.65611 120.798035 0.9037973 0.968621 4.1804624 1.9230769
 126.003426 117.248146 105.927284 0.9034453 0.9305155 4.213051 3.8461537
 138.64693 135.36414 122.2232 0.9029216 0.97632253 4.209782 0.0
 133.00122 126.61065 113.41371 0.89576757 0.95195097 4.1647043 0.0
 134.44655 131.37181 118.837135 0.90458626 0.9771304 4.145614 0.0
 114.46771 112.390785 102.10783 0.9085071 0.9818558 4.140288 1.9230769
 140.86044 133.58548 119.82156 0.8969655 0.94835335 4.084396 1.9230769
 140.06218 135.59148 122.57826 0.9040263 0.96808064 4.192761 1.9230769
 142.97003 137.99742 124.870895 0.90487844 0.96521926 4.2121177 1.9230769
 132.57306 126.83632 114.317604 0.90130025 0.9567277 4.243064 13.461538
 124.94092 117.78566 106.66819 0.90561265 0.94273084 4.1159434 0.0
 139.9893 133.10405 119.79479 0.90000856 0.950816 4.178841 1.9230769
 132.24596 125.732704 113.604744 0.90354174 0.950749 4.191856 1.9230769
 17.023026 11.107131 5.643173 0.5080676 0.6524769 3.747789 13.333333
 1.0 97.29215 92.50799 83.46953 0.90229535 0.9508268 410.53015 6.0619364 46.0
