 7.8765993 2.0423787 0.54591125 0.26729187 0.259297 2.7083552 19.318182
 1.7839891 0.46171767 0.07327143 0.15869315 0.25881192 1.6482301 17.857143
 2.5214329 0.73980635 0.21410508 0.28940693 0.2934071 2.2873394 18.181818
 2.3207774 0.8992157 0.19806442 0.22026353 0.38746315 1.9982255 17.5
 3.4387805 0.9673782 0.23470996 0.24262483 0.2813143 2.0381303 15.909091
 1.8655863 0.4459136 0.07688744 0.17242676 0.23902063 1.6708848 19.736841
 7.16158 6.335663 5.7615757 0.909388 0.8846739 8.102886 10.227273
 110.763664 108.44467 101.39416 0.93498516 0.9790636 8.620607 2.2727273
 9.994302 9.664381 9.086557 0.940211 0.96698916 8.572498 11.363636
 2.4371076 0.6524426 0.1697446 0.26016787 0.26771185 2.5867913 17.105263
 1.6802058 0.43423897 0.053959243 0.12426163 0.25844392 1.2303978 22.058823
 2.3238053 1.1606879 0.8174635 0.70429224 0.49947724 7.986889 17.105263
 93.88565 91.712326 85.97089 0.93739736 0.97685134 8.499797 15.909091
 32.625717 15.775073 5.8266397 0.36935738 0.4835165 3.385822 10.227273
 91.07124 90.04136 84.15368 0.9346113 0.98869145 8.590159 1.1363636
 2.2061872 0.7453987 0.16717425 0.22427495 0.33786735 1.8259699 21.052631
 104.538 100.63828 93.81589 0.9322088 0.96269566 8.592619 5.681818
 7.2350698 3.525641 2.1236851 0.60235435 0.48729882 7.368825 17.045454
 8.973463 8.64459 8.025944 0.9284353 0.9633506 8.479026 12.5
 10.647947 7.812128 7.358263 0.9419025 0.7336745 8.828228 17.857143
 1.7974603 0.62035877 0.18816449 0.30331558 0.3451307 2.6153119 15.909091
 10.799315 10.099674 9.446795 0.9353565 0.9352142 8.643782 12.5
 3.1809015 0.7574992 0.13106166 0.17301886 0.2381398 1.4764007 19.318182
 110.050896 108.9506 101.89054 0.93519944 0.9900019 8.62849 1.1363636
 2.1104236 0.6119172 0.11462441 0.18732011 0.28994998 1.9828879 15.909091
 2.905603 0.75670856 0.14869116 0.19649726 0.26043084 1.8149288 16.666666
 7.500266 7.132962 6.686008 0.93733966 0.95102787 8.289244 10.227273
 4.3773417 3.6163101 3.2231445 0.8912799 0.82614297 8.26598 12.5
 7.279117 5.277446 4.8338857 0.9159518 0.72501177 8.425653 11.363636
 1.7946024 0.6128196 0.189982 0.3100129 0.34147933 2.5881429 18.421053
 108.67339 107.81121 97.98613 0.9088678 0.99206626 6.3164897 1.4705882
 58.33405 57.423313 53.503513 0.9317385 0.98438764 8.457949 1.1363636
 3.266923 1.6838051 1.1525414 0.6844862 0.5154101 6.5929403 15.476191
 14.600232 8.247379 5.663637 0.6867196 0.56488 6.059504 14.772727
 86.060875 81.405876 74.34005 0.91320246 0.94591045 6.341 13.235294
 3.4744527 2.7745657 2.5269146 0.91074246 0.7985619 8.383607 9.090909
 1.840931 0.7361077 0.1457838 0.19804683 0.3998562 2.0558662 20.833334
 110.47273 109.60324 102.70147 0.9370295 0.9921293 8.768064 3.409091
 2.3353884 0.4788369 0.1287038 0.26878422 0.20503522 3.0227404 15.909091
 97.98854 96.83258 90.47264 0.9343203 0.98820317 8.566199 1.1363636
 2.505207 1.0103498 0.4017244 0.39760923 0.4032999 3.164333 20.238094
 7.927508 7.4502296 6.989009 0.93809307 0.93979466 8.756162 7.9545455
 8.246477 6.4744806 5.956167 0.9199452 0.7851208 8.545874 11.363636
 10.050359 2.7232156 0.4295738 0.15774506 0.27095705 1.1733737 17.045454
 1.0 26.657366 24.414427 22.166348 0.90792006 0.9158604 195.20908 13.115202 44.0
