 12.689583 8.369709 2.6545036 0.31715602 0.6595732 2.9427085 12.5
 17.601942 15.999988 14.669734 0.9168591 0.9089899 7.861965 10.227273
 12.00234 11.414142 10.686775 0.93627495 0.95099306 8.800423 13.636364
 14.358375 12.554397 11.2407055 0.8953601 0.87436056 4.101159 12.5
 25.751791 22.2821 21.695366 0.9736679 0.8652641 10.613128 7.9545455
 48.949047 47.559414 44.85614 0.94316006 0.97161067 9.240557 5.681818
 85.92042 86.26006 82.34548 0.9546188 1.003953 8.969817 3.409091
 2.9845917 1.5499275 0.9844373 0.63515055 0.51930976 7.72446 19.23077
 64.565285 61.046375 57.804287 0.9468913 0.9454984 9.12619 9.090909
 35.541264 32.506287 30.632187 0.9423466 0.91460687 9.373158 4.5454545
 49.375744 50.559086 47.794205 0.9453139 1.0239661 8.572068 2.5
 72.85497 74.57648 71.09168 0.95327216 1.0236292 9.122989 1.1363636
 74.17948 56.865944 50.172398 0.8822925 0.76659936 9.2673025 7.9545455
 98.79701 101.42227 96.7597 0.9540281 1.0265722 9.103163 1.1363636
 58.508213 59.040245 56.310837 0.9537704 1.0090933 8.627021 2.2727273
 21.859232 18.392166 16.696478 0.9078038 0.84139127 5.856993 17.647058
 30.653355 22.98785 21.119688 0.91873264 0.74992937 8.832626 14.772727
 35.149887 33.44514 30.866707 0.9229056 0.95150065 10.530198 1.1363636
 61.50445 58.38726 54.687588 0.9366356 0.94931763 9.224247 11.363636
 36.93411 18.749107 15.49411 0.8263919 0.50763667 9.526942 18.181818
 52.867615 51.774635 49.126823 0.9488589 0.9793261 8.990323 5.681818
 48.55667 46.1029 44.066696 0.95583344 0.9494659 8.941503 1.1363636
 69.25279 67.23376 63.589092 0.9457911 0.9708455 8.930744 1.1363636
 34.470657 35.354492 34.090992 0.964262 1.0256401 9.570057 5.681818
 102.94652 89.16109 84.41457 0.94676477 0.8660913 9.042108 10.227273
 27.445433 26.201626 24.612587 0.93935347 0.95468074 8.686001 13.636364
 10.538719 9.4641285 8.686981 0.917885 0.898034 10.00893 12.5
 49.554382 48.946674 46.41751 0.9483282 0.9877366 8.92174 1.1363636
 13.758488 11.856539 11.202854 0.94486713 0.8617618 9.292183 9.090909
 45.191723 44.054443 40.353413 0.9159897 0.9748343 9.012486 9.090909
 33.619167 34.672264 33.05519 0.9533612 1.0313244 9.267833 10.227273
 68.378784 67.65179 62.307945 0.9210096 0.98936814 9.201948 1.1363636
 78.00102 79.82197 76.099106 0.95336044 1.0233451 9.072115 12.5
 32.92507 34.209827 30.514172 0.89197093 1.0390205 9.156284 5.681818
 28.38115 22.338068 21.076761 0.94353557 0.78707415 8.87027 15.909091
 58.574413 60.961067 58.269936 0.9558549 1.0407457 9.12375 1.1363636
 33.656925 32.596252 31.062386 0.9529435 0.9684857 8.968694 10.227273
 19.966848 16.871712 15.881396 0.94130325 0.84498614 9.499194 9.090909
 60.880623 53.659065 51.022728 0.9508688 0.88138163 7.4712367 13.75
 37.366238 38.816185 36.76163 0.94706964 1.0388036 8.344556 1.1363636
 65.95297 66.58551 62.693737 0.9415523 1.0095907 5.6686788 3.3333333
 34.998043 34.98964 33.381298 0.9540338 0.99975985 9.098431 1.1363636
 37.483646 30.616138 28.937166 0.94516057 0.8167866 9.061362 14.772727
 50.810818 49.721897 47.24514 0.9501878 0.9785691 9.148323 3.409091
 69.56145 68.49541 65.65366 0.9585119 0.9846748 8.980578 11.363636
 37.44184 35.553123 33.80812 0.9509184 0.94955605 9.03788 2.2727273
 40.5539 38.391094 36.574932 0.9526931 0.9466683 8.50211 6.818182
 61.45351 61.79224 58.781895 0.9512828 1.005512 9.036338 3.409091
 74.13306 74.31825 70.75522 0.952057 1.0024981 9.1291065 7.9545455
 13.5485115 12.28976 11.558717 0.9405161 0.907093 9.309167 9.090909
 29.834356 27.577217 26.265186 0.95242333 0.9243443 9.730377 15.909091
 31.344736 30.927952 28.614523 0.9251994 0.9867032 9.927603 6.818182
 35.021408 28.364874 24.34493 0.85827744 0.8099296 8.252091 11.363636
 67.71296 69.69015 65.67731 0.94241875 1.0291996 9.073002 7.9545455
 51.144012 41.823845 38.801086 0.92772645 0.8177662 8.65568 14.772727
 51.986248 50.74727 48.0687 0.94721746 0.97616714 9.116573 6.818182
 25.0943 14.896508 13.655001 0.9166578 0.59362125 9.292144 17.045454
 32.707905 29.722258 28.106567 0.9456404 0.9087179 9.047481 10.227273
 18.725824 19.936981 18.994692 0.95273656 1.0646784 8.609895 10.227273
 48.66901 40.544785 37.049232 0.91378546 0.8330719 5.069865 5.0
 35.441177 33.992226 32.137222 0.9454286 0.95911664 7.963327 9.090909
 30.722261 33.673756 30.042297 0.8921576 1.0960702 3.9663122 2.0833333
 119.7748 121.549706 115.095535 0.94690096 1.0148187 9.116701 2.2727273
 48.525177 52.28456 47.968895 0.91745806 1.0774728 4.142624 0.0
 32.791126 31.333822 29.789003 0.9506981 0.95555794 9.337659 0.0
 66.09818 56.029743 52.540466 0.9377246 0.8476745 9.039145 10.227273
 55.525833 55.765697 53.355507 0.9567801 1.0043199 8.992058 5.681818
 14.557459 15.0528 14.396817 0.9564212 1.0340266 9.95235 5.681818
 32.71094 31.462234 28.897972 0.9184971 0.961826 9.079714 3.409091
 66.010994 68.67727 64.81122 0.94370705 1.0403913 9.181881 3.409091
 2.1776161 0.7669139 0.31297562 0.40809745 0.35218048 5.2285233 17.105263
 38.523045 36.495365 34.264412 0.93887025 0.94736445 9.177045 6.818182
 32.58624 31.362907 29.76909 0.9491815 0.96245867 8.259011 12.5
 36.88103 24.173325 22.078777 0.913353 0.65544057 8.623508 18.181818
 91.32734 67.83649 62.894115 0.9271429 0.74278396 8.936132 15.909091
 8.954917 8.706744 8.249808 0.9475193 0.9722864 7.739239 6.818182
 32.869377 32.122944 30.274755 0.9424651 0.9772909 9.167508 7.9545455
 38.89485 40.35222 38.860027 0.9630208 1.0374694 9.083997 1.1363636
 35.564785 37.218987 35.071945 0.9423134 1.0465122 7.662953 1.3157895
 14.746262 14.123288 13.43796 0.9514753 0.9577538 8.842138 11.363636
 1.6629319 0.2728147 0.10537466 0.38624996 0.16405644 5.8423667 23.4375
 52.035 56.252007 52.732983 0.93744177 1.0810417 5.217968 0.0
 91.41987 90.92888 86.139854 0.9473322 0.99462926 8.722115 10.227273
 18.569092 17.85986 15.717401 0.8800406 0.9618058 8.566415 9.090909
 29.28582 29.164175 27.940613 0.9580457 0.99584633 8.675315 6.818182
 77.39826 78.5942 74.17401 0.94375944 1.0154517 9.328669 7.9545455
 57.255817 56.100822 53.265865 0.94946676 0.97982746 9.511367 12.5
 42.58416 42.869755 40.64945 0.9482081 1.0067066 9.728344 4.5454545
 23.274216 20.78084 19.1606 0.92203206 0.8928696 7.1107655 6.9444447
 67.1263 67.470345 62.30391 0.9234266 1.0051253 5.1905007 1.7857143
 82.13897 84.48374 80.65339 0.95466167 1.0285463 9.280878 1.1363636
 67.73588 61.395027 58.58356 0.95420694 0.9063886 9.034087 12.5
 47.164368 46.24987 42.211166 0.91267633 0.9806105 8.956607 7.9545455
 39.803524 38.481174 35.51194 0.9228393 0.96677804 8.684273 6.818182
 60.25684 58.541714 55.181423 0.9426001 0.9715364 9.172769 3.409091
 63.940964 61.381943 58.020123 0.94523114 0.95997834 8.883976 9.090909
 75.034836 76.24976 72.469406 0.9504214 1.0161915 9.373732 7.9545455
 44.831085 43.647568 40.46372 0.9270555 0.97360057 9.613099 6.818182
 31.150835 28.140038 25.784075 0.9162772 0.90334773 4.2007737 12.5
 20.242167 14.342777 13.328676 0.92929536 0.7085594 8.760951 14.772727
 112.263054 84.41665 78.48558 0.92974055 0.75195396 8.910314 17.045454
 53.23082 53.85684 51.303257 0.95258576 1.0117605 9.223856 9.090909
 24.473408 22.454035 21.396353 0.95289564 0.9174871 9.384393 13.636364
 30.761312 31.675034 30.220207 0.95407027 1.0297035 9.012661 1.1363636
 14.675834 12.360537 11.457258 0.9269224 0.8422374 8.608601 13.636364
 92.00895 93.516525 86.70237 0.9271343 1.0163851 7.6019545 0.0
 30.064018 30.47006 28.150337 0.9238688 1.0135059 9.013393 6.818182
 105.200836 97.696785 92.85221 0.9504121 0.9286693 9.146516 7.9545455
 42.943226 41.9379 39.948463 0.95256233 0.97658944 8.325739 5.681818
 38.908638 35.506256 33.042336 0.93060607 0.91255456 5.916225 12.5
 42.165806 30.497868 27.865469 0.91368574 0.72328436 8.986206 13.636364
 34.088074 35.395916 32.550045 0.91959894 1.0383666 5.9292316 1.5625
 25.064259 26.647615 25.616907 0.96132076 1.0631719 9.271795 12.5
 27.647848 27.45134 26.230944 0.9555433 0.9928925 8.927054 6.818182
 40.10985 40.229076 38.297337 0.9519815 1.0029725 9.150721 1.1363636
 63.528442 64.58373 61.057194 0.9453958 1.0166113 9.157577 0.0
 63.102448 57.60048 50.285988 0.8730133 0.91280895 10.372922 9.090909
 4.5261755 4.455878 4.110329 0.9224511 0.98446864 7.714451 15.476191
 78.7447 78.37342 74.277756 0.94774175 0.9952851 8.689658 1.1363636
 48.89695 48.30693 45.09773 0.93356645 0.9879334 9.053756 1.1363636
 11.021647 7.1148357 6.143245 0.86344165 0.64553285 8.597654 15.909091
 9.316296 6.5992603 5.753649 0.87186277 0.7083566 9.405805 13.636364
 41.646015 41.362614 38.91926 0.9409284 0.993195 9.41487 4.5454545
 38.796234 37.579704 35.34326 0.940488 0.9686431 9.245783 11.363636
 49.859547 50.819668 48.292904 0.95027983 1.0192565 9.202451 4.5454545
 34.558323 36.116917 34.52801 0.9560066 1.0451003 8.786115 0.0
 39.857895 37.06534 34.483723 0.93034965 0.9299372 9.803533 6.818182
 38.470337 32.2602 30.015041 0.9304046 0.8385734 8.816077 9.090909
 49.754803 46.22043 43.318623 0.937218 0.9289642 9.393415 7.9545455
 42.391502 38.949947 36.400856 0.9345547 0.91881496 8.961412 12.5
 32.540127 29.643692 27.888294 0.94078344 0.9109888 6.975957 12.5
 26.072634 26.542803 25.21496 0.9499736 1.018033 9.031839 3.409091
 20.53145 20.864939 19.574335 0.9381449 1.0162427 9.7577505 5.681818
 52.140285 50.67209 48.443966 0.9560286 0.9718414 9.054677 1.1363636
 57.264153 47.24968 44.299683 0.93756574 0.82511795 9.564769 13.636364
 12.814705 11.283541 9.593111 0.8501862 0.88051504 7.9336042 9.090909
 41.47911 39.58896 37.51945 0.9477251 0.9544313 9.20207 5.681818
 2.8164425 1.7638968 1.3151145 0.74557334 0.62628543 7.5581107 17.105263
 34.025925 32.05846 29.999504 0.935775 0.9421774 9.729242 12.5
 21.613546 18.430237 17.36996 0.9424709 0.85271686 9.545994 13.636364
 4.0279427 1.2749398 0.39685255 0.31127164 0.3165238 2.464487 17.045454
 41.156876 39.05126 37.27862 0.95460737 0.9488393 8.857226 10.227273
 48.48868 45.807476 42.86423 0.93574744 0.9447045 9.864723 4.5454545
 64.53623 64.33517 60.797962 0.9450191 0.99688447 9.55717 4.5454545
 14.501598 12.806392 12.053972 0.94124657 0.8831021 8.953409 15.909091
 27.504433 26.37586 25.15617 0.95375735 0.9589676 9.004561 9.090909
 30.24685 29.217094 28.19714 0.96509045 0.96595496 9.7415905 3.409091
 19.136532 17.686182 15.780463 0.89224815 0.9242104 10.009438 9.090909
 4.09997 0.7752948 0.21025118 0.27118868 0.18909767 3.2511718 17.857143
 51.862007 50.781246 48.623726 0.95751345 0.97916085 8.428276 5.681818
 68.42775 68.37168 64.47974 0.94307667 0.9991806 9.093872 7.9545455
 14.336492 14.140429 12.993826 0.9189131 0.9863242 6.0622845 3.125
 49.789787 46.581177 43.906403 0.94257826 0.9355569 9.496808 7.9545455
 57.098724 38.704765 36.087826 0.93238705 0.6778569 8.728325 19.318182
 8.393981 6.504376 5.2641807 0.8093291 0.7748857 11.6304455 10.0
 73.33049 73.68652 69.52884 0.94357604 1.0048552 8.969585 5.681818
 55.730362 55.567745 52.744556 0.9491937 0.99708205 9.463132 4.5454545
 96.18346 87.9011 82.206795 0.9352192 0.91388994 8.816246 12.5
 67.04464 36.11291 32.584167 0.90228575 0.53863984 8.581286 18.181818
 47.255215 48.217987 45.612705 0.9459687 1.0203738 9.474122 10.227273
 32.93581 30.935535 28.316217 0.9153299 0.9392675 6.1845336 6.25
 50.149315 52.123066 49.673958 0.9530129 1.0393575 9.363402 7.9545455
 63.497326 63.073837 59.983337 0.9510018 0.9933306 9.142248 11.363636
 12.57495 10.743894 9.671442 0.9001804 0.85438854 8.631576 5.681818
 70.85047 62.43621 59.05157 0.94579047 0.8812392 8.730214 11.363636
 47.457333 46.247017 43.530827 0.9412678 0.9744967 8.656207 6.818182
 105.98217 105.97896 99.947296 0.9430862 0.9999697 9.010286 2.2727273
 31.727327 29.15512 27.296762 0.9362597 0.9189277 9.125152 7.9545455
 23.026268 20.668495 19.756292 0.9558651 0.89760506 9.000618 12.5
 89.29889 90.79297 86.47337 0.9524237 1.0167311 8.929023 3.409091
 48.87416 50.39902 47.75797 0.9475971 1.0311997 9.29323 11.363636
 18.540312 5.8189816 2.4502256 0.42107463 0.31385568 5.171846 15.909091
 18.232227 15.655944 14.560781 0.9300481 0.85869616 9.058184 13.636364
 73.29247 74.52116 70.78448 0.9498575 1.016764 8.974749 1.1363636
 82.1261 79.492516 75.19598 0.9459503 0.9679324 9.520765 12.5
 5.56293 4.941799 4.5685177 0.9244645 0.88834465 6.5508404 8.333333
 63.364582 58.62093 52.588364 0.897092 0.92513716 4.0482492 8.333333
 18.185093 16.954649 15.878138 0.93650645 0.93233776 8.543648 12.5
 107.34079 91.98932 84.87703 0.92268354 0.8569838 6.368798 17.647058
 30.281319 25.809122 22.76933 0.8822202 0.85231173 3.931098 8.333333
 61.41303 62.87606 59.212276 0.94173014 1.0238228 8.307558 6.818182
 14.61944 14.462073 13.814814 0.95524436 0.98923576 9.426804 10.227273
 19.826084 19.713333 17.663439 0.8960148 0.994313 4.580853 9.615385
 49.119465 49.09077 46.3057 0.9432669 0.9994158 9.307681 13.636364
 20.639013 20.998299 18.892532 0.8997173 1.0174081 9.792975 3.409091
 20.332737 20.398907 19.12356 0.9374796 1.0032543 6.54293 12.5
 30.049517 27.345076 25.85844 0.9456343 0.91000056 9.575852 5.681818
 15.229496 11.06343 9.038419 0.8169635 0.7264476 9.182005 13.636364
 108.74058 109.83978 99.25388 0.9036241 1.0101085 4.5541945 0.0
 41.872795 25.37876 21.980314 0.86609095 0.60609186 8.0175495 15.909091
 45.006218 41.4778 37.689415 0.9086648 0.9216015 5.5427403 13.333333
 39.77784 40.545788 37.57479 0.92672485 1.019306 9.6693125 6.818182
 48.9142 48.29375 45.74922 0.9473114 0.98731554 8.986863 2.2727273
 7.625091 4.701838 3.8349886 0.8156361 0.6166271 6.3456926 11.363636
 34.06282 32.533382 30.337671 0.932509 0.9550995 9.611305 10.227273
 41.5392 40.575706 37.538826 0.9251552 0.9768052 9.598703 10.227273
 17.068438 15.166452 13.966204 0.92086166 0.8885671 10.563901 7.9545455
 19.494553 18.827133 17.576883 0.9335932 0.9657638 6.275422 15.909091
 39.710934 34.003838 31.32139 0.9211133 0.856284 9.537382 13.636364
 89.573875 87.78951 82.52856 0.940073 0.9800795 8.683219 3.409091
 24.569479 22.785118 21.324484 0.9358952 0.9273749 8.293065 10.227273
 43.42695 41.305904 38.926678 0.9423998 0.95115834 9.089101 2.2727273
 17.939348 17.029781 15.675242 0.9204605 0.94929767 6.8173995 10.227273
 32.406414 32.67655 31.138847 0.95294166 1.008336 9.651022 11.363636
 34.96743 35.588886 33.927353 0.9533132 1.0177724 9.023882 7.9545455
 9.432903 7.3156624 4.52423 0.6184306 0.7755473 7.464816 13.636364
 39.661404 37.8845 22.49168 0.5936909 0.9551981 5.481821 12.5
 41.010834 42.65738 39.72022 0.9311453 1.0401491 5.6484694 1.6666666
 39.37856 39.389366 37.414753 0.9498694 1.0002744 8.935913 3.409091
 3.3168879 1.0090535 0.44518867 0.44119433 0.30421695 3.895321 20.454546
 21.567669 21.167057 19.517807 0.9220841 0.98142534 9.515929 14.772727
 59.93508 56.836403 53.005356 0.9325952 0.9482994 7.202274 11.842105
 38.517693 36.791134 34.0938 0.9266853 0.95517486 9.356198 11.363636
 69.984566 70.93771 65.587845 0.92458355 1.0136194 6.249662 1.5625
 28.310442 25.610521 24.142878 0.94269377 0.9046317 8.675732 10.227273
 83.44133 78.6283 74.2399 0.94418794 0.94231844 9.338737 5.681818
 13.288046 10.826352 9.643877 0.8907781 0.8147437 10.257216 9.090909
 13.253659 6.1548314 4.9871635 0.8102844 0.46438733 4.186822 15.0
 16.772766 11.070805 8.710172 0.7867695 0.66004646 8.900403 13.636364
 17.781069 14.556146 13.191984 0.9062828 0.81863165 4.209677 8.333333
 4.4653034 2.310462 2.0668497 0.8945612 0.51742554 5.8152533 15.909091
 70.50125 39.25384 35.968197 0.91629755 0.5567822 8.086408 18.421053
 10.411266 9.257995 8.359753 0.90297663 0.88922846 9.928112 11.363636
 20.420906 15.102389 14.326518 0.9486259 0.7395553 7.790301 15.909091
 33.250107 22.4197 21.204933 0.94581693 0.6742745 8.503852 8.333333
 29.99275 25.767607 23.77351 0.92261225 0.8591278 8.037047 11.904762
 42.152645 29.781319 27.108223 0.9102425 0.70651126 8.365971 14.285714
 81.31749 83.12383 77.87166 0.936815 1.0222136 6.22529 1.5625
 72.567856 72.59542 67.140816 0.924863 1.0003798 7.970973 6.25
 56.612164 55.40009 51.489693 0.92941535 0.97858983 7.8921714 3.75
 54.60908 38.173748 35.126244 0.9201675 0.69903666 7.6779666 16.25
 38.25105 31.13975 28.087666 0.90198755 0.81408876 7.966516 3.75
 0.8416945 0.2569259 0.05261123 0.204772 0.30524844 1.3825598 17.857143
 102.57163 102.593544 95.146065 0.92740786 1.0002136 7.684235 3.9473684
 60.572693 60.951466 57.086582 0.9365908 1.0062532 7.5920005 3.9473684
 8.848713 4.8070846 3.3095682 0.68847716 0.54325247 7.7365804 14.473684
 37.87147 33.281013 27.406473 0.8234867 0.87878853 5.922828 11.842105
 45.83405 43.982723 39.809532 0.90511745 0.9596081 7.6324444 9.210526
 17.569523 11.864824 9.798796 0.82586944 0.67530715 7.8640203 13.888889
 40.80675 40.122616 36.74879 0.91591215 0.98323476 7.401143 6.9444447
 67.61374 44.773216 39.407272 0.8801528 0.6621911 6.0333242 9.722222
 117.06628 80.63688 72.26382 0.8961634 0.6888139 7.037712 15.277778
 31.256416 27.953228 25.402716 0.90875787 0.8943197 6.4689426 4.4117646
 19.172058 14.154929 11.8025 0.8338085 0.7383104 6.6943045 11.764706
 68.14094 70.960724 66.071594 0.93110096 1.0413817 5.936072 1.5625
 161.63283 103.517944 94.91837 0.9169268 0.64045125 5.584682 18.333334
 43.728203 37.042473 33.064743 0.89261705 0.8471071 5.516549 6.6666665
 50.080734 46.590336 42.557568 0.91344196 0.9303045 5.600293 1.6666666
 97.02503 64.542 55.28746 0.85661215 0.66520983 5.189993 13.333333
 109.72496 83.593185 76.31562 0.91294074 0.7618429 5.4753947 16.666666
 74.74926 75.67748 69.64622 0.92030305 1.0124178 5.5106225 10.0
 64.60059 59.73307 54.21769 0.90766615 0.92465204 5.7708497 5.0
 79.4101 77.29962 71.03742 0.91898805 0.973423 5.4946775 0.0
 68.522484 62.723354 56.213184 0.89620817 0.915369 5.337067 11.666667
 59.34046 57.8759 53.094357 0.91738284 0.9753194 5.552819 10.0
 84.16224 82.18681 73.45097 0.8937075 0.97652835 5.204603 3.5714285
 2.7070103 0.7534885 0.18497746 0.24549474 0.2783471 1.7488351 14.285714
 41.974213 37.03097 33.113823 0.8942197 0.8822314 5.129156 3.5714285
 48.47822 47.41158 43.96511 0.9273074 0.97799754 4.8433843 1.7857143
 41.286263 39.5848 34.661648 0.87563026 0.95878863 4.5899405 7.6923075
 16.806395 15.75764 14.128386 0.89660543 0.93759793 4.534452 1.9230769
 51.266937 50.94042 46.2628 0.9081747 0.993631 4.6062083 11.538462
 40.55494 37.44612 31.321749 0.83644843 0.923343 3.943728 10.416667
 51.908447 49.780178 42.833233 0.8604475 0.9589995 4.371949 10.416667
 27.10975 15.38544 11.924994 0.77508307 0.5675242 3.2459002 16.666666
 72.08219 72.82857 63.42107 0.87082684 1.0103544 4.1581492 10.416667
 40.724297 26.218023 22.126225 0.84393185 0.64379317 4.1525846 12.5
 1.0 44.240772 40.931293 38.00226 0.9284402 0.92519397 331.4109 8.79872 267.0
