 95.07313 93.21085 85.72337 0.9196716 0.9804121 8.869592 2.2727273
 102.99386 100.18627 94.063835 0.93888944 0.9727403 8.719822 6.818182
 13.819475 13.309982 12.496973 0.9389174 0.9631322 8.89717 9.090909
 15.482425 12.02217 10.664057 0.8870326 0.7765043 5.965683 9.090909
 6.1153054 4.0969687 3.308109 0.8074529 0.6699532 7.831613 10.227273
 101.28288 99.6275 93.47111 0.9382059 0.9836559 8.875433 5.681818
 17.104046 15.444492 14.269286 0.92390776 0.902973 7.6241703 14.772727
 11.912589 11.345891 10.661151 0.9396486 0.95242864 8.31311 9.090909
 5.1041203 2.8059247 2.106408 0.7507001 0.54973716 7.344725 17.857143
 115.10666 112.67266 106.051056 0.9412315 0.9788544 8.8847275 9.090909
 11.7254305 10.929855 10.104344 0.924472 0.9321496 9.031044 13.636364
 12.614408 13.208294 12.400335 0.9388295 1.0470799 9.264912 9.090909
 4.4466324 1.1438922 0.37246278 0.32561004 0.2572491 2.3636997 17.045454
 10.870686 10.313428 9.689373 0.9394911 0.9487375 8.811483 3.409091
 1.1343061 0.38469756 0.10056131 0.26140356 0.33914793 1.4170836 23.4375
 6.3833985 4.6197777 4.221938 0.9138834 0.72371763 9.200922 14.772727
 11.722677 7.556208 7.133901 0.9441113 0.64458036 8.682157 17.045454
 112.05556 109.60837 103.07543 0.9403975 0.97816086 8.876113 1.1363636
 7.4336367 6.6683016 6.176763 0.92628735 0.8970443 8.87332 14.772727
 9.975554 5.45307 3.9724658 0.7284824 0.5466433 7.435222 10.227273
 14.03949 12.849538 11.7911215 0.9176301 0.9152425 8.786276 10.227273
 3.0209796 0.91335404 0.3087424 0.33803147 0.30233702 1.5037308 16.25
 103.04186 102.33177 96.32608 0.9413116 0.9931087 8.917713 1.1363636
 87.122795 85.351036 80.44901 0.9425664 0.97966367 8.921427 13.636364
 25.108717 24.078049 22.427864 0.9314652 0.95895183 8.814601 12.5
 45.80937 40.709557 37.96564 0.93259776 0.8886731 9.043385 10.227273
 6.43919 2.7912302 2.498669 0.89518553 0.43347535 7.747807 10.227273
 2.7486215 0.79559505 0.2652921 0.33345118 0.28945237 4.0319095 17.045454
 93.620964 90.47618 84.58568 0.93489444 0.9664094 9.028474 10.227273
 17.694044 13.973149 13.196275 0.94440234 0.78970915 8.600848 15.909091
 81.48575 78.26957 73.11985 0.9342053 0.9605308 8.8587265 1.1363636
 79.233444 77.69855 73.32137 0.94366467 0.9806282 8.916509 4.5454545
 9.4896755 8.881373 8.359515 0.94124126 0.9358986 8.87465 13.636364
 21.480377 21.395947 20.267223 0.94724596 0.99606943 8.977967 10.227273
 8.423464 6.60782 6.0822597 0.92046386 0.78445405 8.8038845 13.636364
 21.984203 18.77963 17.51079 0.9324353 0.8542329 8.774757 14.772727
 17.068184 16.529821 15.574938 0.9422326 0.9684582 8.835378 10.227273
 92.84168 89.26574 83.690834 0.9375471 0.9614834 8.834015 3.409091
 24.970644 20.22568 17.96085 0.8880221 0.80997825 7.363903 6.818182
 3.6460125 0.94209856 0.11712709 0.12432573 0.25839147 1.3825778 17.045454
 3.7994862 0.8828891 0.15326878 0.17359914 0.23237066 1.6044408 19.318182
 10.141835 3.6513386 2.442965 0.6690601 0.3600274 6.142612 17.045454
 3.2482395 1.0106784 0.556605 0.5507241 0.31114653 4.4750466 14.473684
 16.547329 15.101447 14.30757 0.94743043 0.91262144 7.3111634 10.526316
 19.415588 10.088958 8.845259 0.8767268 0.5196318 6.818981 12.5
 11.008578 9.043169 7.732841 0.855103 0.8214656 3.8718038 8.333333
 101.165726 95.378136 84.23111 0.88312805 0.94279104 4.4392967 0.0
 1.0 33.977722 31.545338 29.23727 0.9268333 0.9284123 265.91385 10.927772 47.0
