 3.3277597 0.78586763 0.27894926 0.35495707 0.23615515 4.411139 18.055555
 89.8905 52.51305 47.490856 0.904363 0.5841891 8.175828 18.181818
 12.705911 3.452748 1.6014118 0.46380788 0.27174345 3.956027 17.045454
 8.319838 5.0234323 3.2964048 0.6562057 0.6037897 6.9020567 15.909091
 65.47877 33.020782 28.442232 0.8613433 0.50429755 8.02707 14.772727
 103.80721 67.73454 62.915142 0.92884874 0.65250325 8.59522 14.772727
 116.87231 68.36771 60.456806 0.8842889 0.5849778 6.3659954 16.17647
 102.794846 89.2941 84.49758 0.946284 0.8686632 8.847098 12.5
 2.8053293 0.7358605 0.112469904 0.15284133 0.26230806 1.6360608 19.047619
 27.793354 14.340463 12.701146 0.8856859 0.51596737 8.147069 14.772727
 2.642562 0.7802922 0.2232876 0.28615895 0.2952787 2.1218903 20.0
 16.970572 14.962045 14.380922 0.9611602 0.88164645 8.932827 7.9545455
 14.223721 12.404974 10.958421 0.88338923 0.87213284 7.681331 6.818182
 106.54997 103.50735 97.394165 0.9409396 0.97144413 8.908561 1.1363636
 6.3127337 5.6589575 5.191181 0.9173388 0.89643526 9.839861 9.090909
 12.311502 7.8807282 6.5344796 0.8291721 0.640111 9.095148 9.523809
 3.576847 0.9458452 0.13982572 0.1478315 0.26443547 1.3036417 17.857143
 97.92987 65.48186 59.62798 0.91060305 0.6686607 8.534923 12.5
 7.515418 1.6327046 0.34758276 0.21288772 0.21724734 1.6151923 16.25
 100.080605 81.09737 76.2309 0.93999237 0.8103205 8.920959 13.636364
 2.9184308 0.7700293 0.11063512 0.1436765 0.26385045 1.1706915 16.666666
 1.8570656 0.56020564 0.23974678 0.42796212 0.30166173 4.574015 18.333334
 103.986626 79.81563 74.79001 0.93703467 0.7675566 8.76119 10.227273
 2.9362223 0.9957584 0.19587494 0.19670932 0.3391291 1.7489607 15.909091
 10.95078 4.463651 1.0995581 0.24633604 0.40761036 2.8446152 17.045454
 21.421326 4.192353 0.55730456 0.1329336 0.1957093 0.9494509 18.181818
 81.98247 78.70097 73.99596 0.94021654 0.9599732 9.25767 1.1363636
 93.272804 87.96477 83.87887 0.9535507 0.9430913 8.637325 15.909091
 3.6652899 1.0353903 0.20942365 0.20226541 0.28248522 1.5034963 17.5
 4.714436 1.8532078 1.0525379 0.56795454 0.39309216 5.6585917 14.285714
 2.8766546 1.7612514 0.7619346 0.43260977 0.6122568 3.55376 13.75
 105.382 74.13074 68.461334 0.92352164 0.70344776 8.644547 17.045454
 1.0308992 0.39839044 0.37333062 0.9370973 0.3864495 2.5091968 29.166666
 8.7255945 7.2132187 6.6891603 0.9273475 0.8266736 8.798363 7.9545455
 4.205621 1.0832393 0.59433013 0.54866004 0.25756943 5.3322296 15.625
 1.7285717 0.2767472 0.08858312 0.32008678 0.16010168 4.224671 20.0
 9.084361 8.778694 8.414901 0.95855945 0.9663524 9.412833 14.772727
 103.99946 99.79752 93.56698 0.9375682 0.9595965 8.648422 2.2727273
 95.11929 91.28027 86.79976 0.9509148 0.95963997 8.86606 1.1363636
 92.632454 89.44229 85.025566 0.9506192 0.9655611 8.810902 0.0
 89.22249 72.86707 68.08003 0.9343045 0.81668955 7.8878026 14.285714
 85.15662 82.758156 74.86734 0.90465206 0.9718348 5.3655505 0.0
 10.028766 9.4663725 8.914134 0.9416631 0.943922 8.93543 11.363636
 5.6339087 2.923856 1.4951952 0.5113779 0.51897466 6.1862717 13.636364
 87.03011 84.06604 77.06085 0.91667044 0.96594197 5.778307 0.0
 104.29685 100.329956 93.940285 0.93631345 0.96196526 8.825268 1.1363636
 8.924772 6.9317336 5.60317 0.808336 0.77668464 7.993849 11.363636
 2.427197 0.9457615 0.23861378 0.25229806 0.38965172 2.2014697 20.588236
 109.277596 102.01716 94.18722 0.9232488 0.93355966 6.78748 5.882353
 76.574615 54.008953 48.842243 0.90433604 0.7053115 6.0362287 15.625
 7.124238 6.229186 5.6865034 0.9128807 0.8743652 9.003476 16.666666
 105.432365 72.92843 67.37235 0.9238147 0.69170815 8.6249895 14.772727
 115.53891 109.88905 101.979385 0.92802125 0.9511 8.791755 3.409091
 1.684635 0.5248412 0.11626961 0.22153296 0.3115459 2.313326 23.4375
 104.09018 76.2601 70.79985 0.92839956 0.73263496 8.739515 17.045454
 3.976005 1.5818404 0.846416 0.53508306 0.39784667 6.1566663 15.789474
 89.21431 84.576706 71.3768 0.8439298 0.94801724 9.69236 6.818182
 68.45971 33.48323 28.807775 0.86036426 0.48909396 8.115471 15.909091
 10.149482 8.020365 7.284292 0.9082245 0.7902241 7.1866627 10.227273
 112.764175 88.50997 82.856094 0.9361215 0.78491217 8.656405 13.636364
 2.3317323 1.0712708 0.7337895 0.68497103 0.45943132 5.80977 18.421053
 1.726783 0.6374101 0.36237773 0.56851584 0.36913154 2.9586656 21.052631
 100.032776 91.61037 86.35304 0.9426121 0.9158035 9.132274 12.5
 11.936317 10.400186 9.312858 0.8954511 0.871306 5.865413 10.0
 9.490048 7.6040587 6.6567965 0.8754267 0.8012666 11.151135 7.9545455
 2.7610314 1.0206754 0.47966483 0.46994847 0.36967176 3.4836748 20.0
 4.4189835 4.2201667 4.097316 0.9708895 0.9550085 5.2864537 13.333333
 106.47091 88.13754 83.58351 0.9483304 0.8278087 8.612286 13.636364
 98.22138 94.84768 87.81712 0.9258753 0.9656521 8.7361355 1.1363636
 107.86569 104.76708 97.81669 0.9336586 0.9712734 8.750813 1.1363636
 3.461998 2.6071298 2.3870761 0.9155954 0.75307083 7.8264656 21.25
 81.26894 50.121815 44.34155 0.8846756 0.6167401 8.029891 9.090909
 10.19857 9.095878 8.45884 0.9299641 0.8918778 8.282854 14.772727
 6.1220455 2.24447 0.5008432 0.22314546 0.3666209 2.3596914 17.857143
 14.12181 10.090121 9.124377 0.9042881 0.71450627 9.593008 15.909091
 2.0646877 0.46132198 0.098304555 0.21309315 0.22343425 1.8359938 19.736841
 112.10678 108.8966 103.71575 0.95242417 0.971365 8.829004 1.1363636
 102.11381 99.15066 94.28291 0.9509056 0.97098184 8.820349 1.1363636
 9.819302 8.260426 7.654688 0.92666996 0.8412436 8.374858 13.636364
 113.47433 111.01514 105.59132 0.95114344 0.9783282 8.814175 0.0
 0.8309915 0.21178992 0.038975794 0.18403044 0.25486413 2.2726536 28.571428
 7.8411202 6.220402 4.917982 0.7906213 0.7933053 6.845176 13.636364
 2.3397095 0.73773855 0.08921643 0.120932326 0.31531203 1.1793666 19.047619
 115.84079 84.61385 78.45161 0.9271721 0.7304323 8.220516 15.909091
 73.92228 67.93455 61.52573 0.90566194 0.9189996 9.1810875 12.5
 112.66711 79.27692 73.68782 0.9294991 0.7036385 8.468431 15.909091
 12.326879 8.016867 6.9336658 0.8648847 0.6503566 9.905922 14.772727
 106.08213 99.04139 90.675125 0.9155276 0.93362933 7.079358 8.333333
 2.043551 0.34398013 0.06875251 0.19987349 0.16832471 2.9812355 20.3125
 62.766777 58.274723 55.85671 0.95850664 0.92843264 9.016978 6.818182
 111.52013 106.7339 100.98431 0.9461315 0.9570819 9.018895 3.409091
 5.127143 3.7544816 3.1939485 0.85070294 0.7322756 10.249565 11.363636
 12.115219 12.130884 11.0666485 0.9122706 1.001293 10.339885 10.227273
 1.8605838 0.56557274 0.083303235 0.14729005 0.30397594 1.7720292 18.75
 90.53693 86.99506 80.86022 0.92948055 0.9608793 8.698751 2.2727273
 103.80763 80.20535 71.14323 0.88701355 0.77263445 4.2230325 8.333333
 10.183831 2.2588499 0.5435115 0.24061428 0.22180746 2.1134276 16.666666
 104.42241 72.79597 66.538216 0.9140371 0.6971298 7.889506 17.857143
 45.877304 10.012093 3.7831733 0.37786043 0.21823628 3.8741162 16.666666
 93.2718 57.099167 46.559944 0.8154225 0.6121804 4.2375565 13.461538
 97.1078 94.85986 88.001015 0.927695 0.97685105 6.4177475 2.7777777
 87.51437 58.818954 49.144665 0.83552426 0.6721062 3.7369885 12.5
 105.49336 103.00972 94.96069 0.92186147 0.9764569 6.007175 1.4705882
 103.33051 63.5788 57.060493 0.89747673 0.61529547 6.075891 16.17647
 98.33597 72.847534 66.75109 0.9163123 0.7408025 5.691913 14.0625
 103.772934 67.133415 60.799046 0.9056451 0.64692605 5.5193577 15.625
 100.71832 79.78364 73.00801 0.91507494 0.7921462 5.471096 15.0
 106.880745 76.12074 69.965256 0.91913515 0.7122026 5.2028265 13.333333
 92.91983 69.109856 62.41645 0.90314835 0.7437579 4.627297 14.285714
 98.518486 107.090164 97.59327 0.9113187 1.0870059 4.411588 0.0
 89.152336 61.473595 55.380222 0.9008782 0.6895343 4.3236904 13.461538
 110.44438 87.67191 78.38247 0.8940431 0.79381055 4.358576 15.384615
 3.311942 1.1503415 0.5167966 0.44925496 0.3473314 2.9836197 13.636364
 57.78219 48.94758 33.409027 0.68254703 0.847105 3.8569279 14.583333
 10.571794 5.4623075 4.3724008 0.8004677 0.5166869 3.5988812 14.583333
 21.302898 21.014408 19.14242 0.91091883 0.9864577 3.995095 6.25
 70.87189 13.221737 4.226798 0.31968552 0.18655828 1.3560717 14.583333
 90.96317 69.42947 61.528347 0.8861993 0.7632701 3.9004762 14.583333
 1.0 53.184677 42.429333 38.61959 0.9102097 0.7977736 317.2873 12.672246 118.0
