 9.940172 9.553209 8.964157 0.9383399 0.9610709 8.746912 7.9545455
 9.566567 3.018838 2.3741786 0.7864545 0.31556126 6.8513923 19.318182
 20.558449 19.708685 18.549189 0.94116825 0.9586659 8.774593 13.636364
 7.379245 4.4756374 4.2243857 0.9438624 0.60651696 8.054869 15.909091
 8.091424 8.134134 7.587392 0.9327842 1.0052785 9.215022 11.363636
 40.60524 39.807804 37.636402 0.94545287 0.9803612 8.93022 1.1363636
 9.3068075 8.866339 7.995589 0.9017915 0.9526725 7.800635 7.142857
 4.297245 3.4823022 3.1728852 0.91114587 0.8103569 7.9835787 13.636364
 83.90982 82.823166 78.51078 0.94793266 0.9870497 8.852344 1.1363636
 12.701018 11.820941 11.089592 0.9381311 0.93070817 8.639369 2.2727273
 7.4738703 6.444031 5.9452634 0.92260015 0.862208 8.706535 12.5
 85.87334 68.68854 64.49702 0.9389779 0.799882 8.768418 11.363636
 15.685487 14.209975 13.375853 0.9413002 0.9059314 8.6722975 9.090909
 58.79869 46.23362 43.44401 0.93966275 0.7863035 8.90251 12.5
 33.10111 33.181976 30.888306 0.930876 1.002443 8.722419 1.1363636
 0.75769174 0.27321 0.052931994 0.19374107 0.360582 2.6419787 27.083334
 2.3537512 1.0288001 0.6437538 0.6257326 0.4370896 7.630429 12.5
 7.2855654 6.047024 5.6492076 0.9342129 0.8300006 8.326861 14.772727
 99.70533 97.113144 92.11451 0.9485277 0.9740015 8.81983 0.0
 24.908056 8.079924 3.459933 0.4282136 0.32438996 3.8803663 15.909091
 96.32479 76.177895 70.32009 0.9231037 0.7908441 8.614529 17.045454
 6.2282667 4.8754864 4.4970117 0.9223719 0.78279984 8.811394 13.636364
 82.67839 81.8554 77.556274 0.947479 0.99004585 8.849321 3.409091
 69.016396 46.283844 42.901188 0.92691493 0.67062104 8.654251 12.5
 77.23126 76.8546 73.159485 0.9519207 0.99512297 8.766042 1.1363636
 2.9331357 0.68447953 0.23380129 0.34157526 0.23336102 3.4440885 19.047619
 0.7708327 0.23349197 0.03586102 0.15358567 0.30290875 1.4556947 25.0
 1.4769875 0.45981663 0.073271364 0.1593491 0.3113206 1.5179455 21.052631
 1.0 31.39139 27.157724 25.319725 0.9323213 0.8651329 235.9506 11.542502 28.0
