 5.946557 1.5526218 0.5796481 0.373335 0.2610959 3.9135308 11.363636
 2.325038 0.54158163 0.17199658 0.31758198 0.23293453 3.8229036 17.105263
 17.547474 17.14349 16.565044 0.9662585 0.97697765 8.93643 6.818182
 16.54858 13.208703 12.6092415 0.9546162 0.79817736 8.842182 17.045454
 12.074889 7.733225 7.140888 0.9234036 0.64043856 7.5066023 14.772727
 10.204369 7.78337 7.245547 0.930901 0.76274884 8.385174 17.045454
 16.545906 16.883766 16.266815 0.9634589 1.0204195 8.960691 14.772727
 13.640105 11.864214 11.427806 0.9632164 0.8698037 9.167606 11.363636
 10.608694 5.7999387 5.25316 0.90572685 0.5467156 9.274565 18.181818
 125.21353 132.74767 126.42091 0.95234007 1.0601703 8.80732 4.5454545
 128.44435 130.95892 123.955864 0.9465248 1.0195771 5.4390516 0.0
 16.776237 16.76859 15.978385 0.9528759 0.9995442 8.772525 6.818182
 5.6152053 5.3246202 4.9753203 0.9343991 0.9482503 8.522242 13.095238
 15.554786 13.736229 12.867974 0.93679094 0.883087 8.709096 13.636364
 1.6286288 0.47877938 0.19304456 0.4032015 0.29397696 3.7752423 22.058823
 13.603576 12.096193 11.664721 0.96432996 0.8891922 9.299894 5.681818
 7.8224015 7.202892 6.875282 0.9545169 0.9208031 8.838113 12.5
 14.889136 15.031658 14.386602 0.95708686 1.0095721 8.71461 13.636364
 13.657553 13.129895 12.745737 0.9707417 0.9613651 8.976424 3.409091
 11.503078 10.165094 9.737698 0.9579545 0.88368475 8.986975 11.363636
 5.4022794 2.2256215 0.96655846 0.434287 0.41197821 5.991755 12.5
 10.066421 8.487849 8.086751 0.95274436 0.8431845 8.767591 10.227273
 16.290257 16.672579 15.958188 0.9571518 1.0234693 8.941276 3.409091
 17.415617 18.114561 17.311638 0.95567524 1.0401331 9.061529 4.5454545
 118.86507 124.73192 120.173386 0.96345335 1.0493573 8.924591 5.681818
 13.770364 13.590223 13.128704 0.9660403 0.9869183 8.855214 12.5
 16.36772 15.496325 14.636607 0.9445212 0.9467613 8.846189 3.409091
 15.950338 15.114869 14.247192 0.9425944 0.94762063 4.4436536 8.928572
 101.089836 103.593636 95.34948 0.9204184 1.024768 8.757618 6.818182
 13.408478 11.939576 11.514783 0.9644214 0.89044976 9.2536 7.9545455
 25.975586 27.14352 26.007057 0.9581314 1.0449628 8.871891 10.227273
 17.444029 17.209217 16.398865 0.9529118 0.9865391 8.951367 4.5454545
 4.4579315 1.0986961 0.4387054 0.39929643 0.24645871 3.6247704 14.285714
 20.849566 21.505241 20.834473 0.968809 1.031448 8.500255 11.363636
 14.469 10.123499 9.101709 0.8990675 0.69966817 8.43186 12.5
 18.77639 13.397 12.504629 0.9333902 0.71350247 8.21283 17.045454
 11.305432 9.887311 9.380136 0.94870436 0.87456286 9.267865 14.772727
 12.544337 11.758549 11.366912 0.96669346 0.9373591 9.116401 6.818182
 11.88457 5.204683 4.892443 0.940008 0.43793616 8.368779 14.772727
 19.383665 19.404472 18.649721 0.9611043 1.0010735 8.8402405 3.409091
 98.84048 101.429756 94.27163 0.9294278 1.0261965 5.4401 1.5625
 10.493553 8.320967 7.876873 0.9466295 0.7929599 8.700772 14.772727
 18.717707 19.365211 18.675716 0.9643951 1.0345932 8.933683 5.681818
 10.865343 10.932456 10.41788 0.95293134 1.0061768 8.115167 5.952381
 1.9012529 0.8226948 0.70255196 0.85396427 0.43271193 9.487977 18.055555
 13.23447 11.549528 10.99118 0.9516562 0.8726853 8.792778 11.363636
 6.5941243 5.867117 5.45592 0.9299151 0.8897492 8.383374 12.5
 11.778733 10.8916855 10.158872 0.93271804 0.9246907 6.92145 9.090909
 2.7964554 1.8884344 1.5662242 0.8293771 0.6752957 7.433438 19.444445
 10.95087 9.743938 9.204509 0.94463944 0.8897867 8.7528105 10.227273
 8.295024 7.919292 7.6199126 0.9621962 0.95470387 8.838833 9.090909
 6.0604267 1.9607115 1.515185 0.772773 0.32352698 7.371381 15.909091
 10.614033 3.1045349 0.9610109 0.30955067 0.29249343 1.9449018 10.9375
 22.535585 22.564545 21.65512 0.95969677 1.0012851 8.967365 10.227273
 86.095795 58.245888 54.07127 0.92832774 0.67652416 8.714594 14.772727
 95.94733 96.864494 93.380974 0.96403724 1.009559 9.036508 11.363636
 8.022867 5.555212 5.2310476 0.94164675 0.6924223 9.764192 17.045454
 7.6146407 6.2321763 5.688823 0.9128149 0.81844646 8.77332 12.5
 12.995166 10.87611 10.28072 0.94525707 0.8369351 8.779207 12.5
 4.0173235 1.0657752 0.28398272 0.2664565 0.26529482 2.0452366 15.909091
 7.067916 2.4248743 0.6174234 0.2546208 0.34308195 2.4861965 15.909091
 17.583868 16.384773 15.658081 0.95564836 0.9318071 9.03493 10.227273
 36.659645 40.964306 39.839317 0.97253734 1.1174223 8.565375 5.681818
 17.43259 17.502525 16.726795 0.9556789 1.0040119 8.872599 7.9545455
 1.2677063 0.36830455 0.07060394 0.19169988 0.2905283 1.4951168 19.117647
 54.82589 56.78853 54.32886 0.9566873 1.0357977 8.777354 3.409091
 13.889252 13.8662195 13.2708645 0.9570644 0.99834174 9.025608 14.772727
 8.52423 7.8710837 7.5065713 0.9536897 0.92337763 8.518007 5.681818
 19.680927 20.675629 19.849888 0.9600621 1.0505413 9.298764 12.5
 15.922925 16.087437 15.456526 0.96078247 1.0103316 9.118981 7.9545455
 5.9933205 1.3897581 0.5413327 0.38951582 0.2318845 3.0301256 19.318182
 12.774319 9.739622 9.302792 0.9551492 0.76243764 8.684046 12.5
 12.441441 9.8977585 9.24339 0.93388724 0.79554766 8.496856 13.636364
 99.66886 82.31609 78.52992 0.9540045 0.8258958 8.834255 11.363636
 15.272924 13.298584 12.402468 0.9326157 0.8707294 4.923714 7.8125
 6.6893716 4.5538034 4.19398 0.92098397 0.6807521 8.178786 16.666666
 11.881561 9.207893 7.321572 0.79514074 0.7749734 7.7523365 11.363636
 17.616852 17.05776 15.837393 0.9284567 0.96826386 8.7170925 5.681818
 97.51265 97.13527 93.2574 0.96007764 0.99612993 8.94541 3.409091
 1.4472736 1.141502 0.25459743 0.22303721 0.7887258 2.4198267 25.0
 19.518927 19.660727 18.59167 0.9456247 1.0072647 9.473592 4.5454545
 12.669561 11.825473 11.074227 0.9364723 0.93337667 9.007578 6.818182
 8.805425 7.402001 7.048131 0.95219266 0.84061825 8.523847 14.772727
 2.335115 0.6448767 0.13253687 0.2055228 0.27616486 2.1492047 17.045454
 126.217125 132.52563 127.235245 0.9600802 1.0499814 8.987795 1.1363636
 10.161553 9.09242 8.722209 0.9592836 0.8947864 9.235749 12.5
 15.6519375 10.545492 4.160723 0.3945499 0.67375 4.4323564 14.772727
 18.437206 17.04194 15.483939 0.90857846 0.9243233 10.619112 12.5
 15.895785 13.677035 12.9259615 0.945085 0.86041903 8.834056 11.363636
 12.842052 12.308025 11.7503195 0.9546876 0.9584158 8.746217 13.636364
 5.1140723 4.8291745 4.425995 0.9165117 0.9442914 9.073161 9.090909
 136.85168 142.96123 137.72038 0.96334076 1.0446436 8.912186 0.0
 4.973166 3.7738345 3.2234397 0.854155 0.7588395 8.185154 14.772727
 109.30551 100.271324 92.46129 0.9221109 0.9173492 4.0254493 9.615385
 46.533455 49.65088 46.57794 0.9381091 1.0669931 5.7068825 1.5625
 17.069256 15.033471 14.276826 0.9496693 0.88073385 8.915125 11.363636
 2.4016278 1.2207224 0.6268089 0.51347375 0.50828964 2.5724978 10.416667
 4.29143 1.9358172 1.5162861 0.78327954 0.45108908 10.636627 13.636364
 11.051895 10.857817 10.569959 0.9734884 0.9824394 9.068447 4.5454545
 2.6273968 1.0372642 0.8777772 0.84624267 0.3947878 8.749739 13.157895
 3.3368766 1.90276 1.5186507 0.7981304 0.5702219 5.30468 12.5
 10.208554 8.428791 7.5854106 0.89994055 0.82565963 3.7637196 9.615385
 23.075092 20.66611 20.15069 0.9750597 0.89560246 9.428825 2.2727273
 13.163099 10.153471 9.516536 0.9372693 0.77135867 4.5423884 12.5
 11.8910475 11.249912 10.770851 0.9574165 0.94608253 9.305073 9.090909
 12.878804 10.690467 9.999255 0.9353432 0.83008224 8.6640835 7.9545455
 13.492305 13.258994 12.750845 0.9616751 0.98270786 8.817732 11.363636
 13.009948 6.79743 5.838358 0.8589067 0.5224794 8.364965 13.636364
 15.969053 3.6763792 1.3466771 0.3663053 0.23021898 3.0962498 17.045454
 16.637856 16.766102 16.119864 0.96145564 1.0077082 8.398839 11.363636
 3.991321 1.0367104 0.30753994 0.2966498 0.25974116 3.0912182 17.857143
 15.99821 13.641908 12.933107 0.9480424 0.85271466 8.798142 13.636364
 5.7237115 3.029901 1.0888299 0.35936156 0.5293595 3.802579 13.636364
 12.545694 12.427868 11.817871 0.950917 0.9906082 9.120077 12.5
 8.632772 5.984906 4.4775057 0.748133 0.6932775 8.413717 13.636364
 15.971258 14.880229 13.947316 0.9373053 0.93168795 9.378519 11.363636
 8.631284 7.4699497 7.153255 0.95760417 0.8654507 8.478536 15.909091
 6.7938867 1.8060634 0.771313 0.42706865 0.26583657 2.4835913 12.5
 9.963626 2.1153393 0.25708973 0.121535935 0.21230619 1.0590476 12.5
 11.758512 11.350709 10.935799 0.96344626 0.9653185 8.394746 12.5
 18.746567 18.364697 17.69307 0.9634284 0.9796298 8.883326 5.681818
 7.310595 2.2749815 0.9640937 0.4237809 0.31118965 3.242009 19.318182
 14.442312 13.054883 11.675955 0.8943745 0.90393305 3.403378 12.5
 4.8938947 4.5557833 4.271768 0.9376583 0.9309116 8.952123 14.772727
 19.962181 16.588177 15.855278 0.95581806 0.8309801 8.908462 17.045454
 6.201064 2.4022791 1.6372352 0.6815341 0.3873979 4.962792 17.045454
 16.39038 16.307215 15.692852 0.9623257 0.9949259 8.648744 3.409091
 6.483203 4.4628816 4.198548 0.94077057 0.68837607 8.909564 13.636364
 26.775316 28.671326 27.852901 0.971455 1.0708117 9.116404 4.5454545
 15.504766 16.042755 15.46944 0.9642634 1.0346982 8.551973 6.818182
 8.755635 6.6718874 6.281037 0.94141823 0.7620107 8.903048 12.5
 16.188723 16.246798 15.639998 0.96265113 1.0035875 8.954119 7.9545455
 14.287905 12.329734 11.854036 0.9614187 0.8629491 8.917478 9.090909
 60.433605 60.63206 57.509823 0.94850516 1.0032839 9.335626 3.409091
 13.009097 11.812717 10.88879 0.92178535 0.9080352 9.25825 10.227273
 8.451625 8.33339 7.9058027 0.9486898 0.9860104 8.956949 11.363636
 12.540524 11.193778 10.650789 0.95149195 0.89260846 8.865166 17.045454
 13.659188 9.387912 8.935269 0.95178443 0.6872965 8.999805 19.318182
 6.6917796 4.973368 4.714691 0.9479875 0.7432056 9.00673 14.772727
 12.791333 12.810658 12.384248 0.9667143 1.0015109 9.062693 3.409091
 19.920721 15.309777 14.708701 0.9607391 0.7685353 8.7096405 12.5
 15.375892 14.473819 13.809398 0.95409495 0.9413319 8.604074 13.636364
 9.6450615 9.27735 8.744003 0.94251084 0.96187574 8.555344 9.090909
 139.65244 143.60506 134.78476 0.93857944 1.0283034 5.8470154 1.4705882
 12.269951 9.426854 8.868435 0.94076294 0.7682878 8.533945 14.772727
 54.17755 55.49368 52.885 0.95299137 1.0242928 9.973037 12.5
 37.154285 38.74429 37.781075 0.97513914 1.0427946 9.688187 1.1363636
 7.255281 5.586399 4.7758327 0.8549036 0.769977 7.8260174 17.045454
 14.890684 13.089403 12.385735 0.9462413 0.8790331 8.3812685 10.714286
 11.936964 13.036398 12.555652 0.9631228 1.0921032 8.024536 14.473684
 13.229887 10.448385 6.7349787 0.6445952 0.7897562 7.071558 9.210526
 16.17022 18.27083 17.087479 0.93523276 1.1299062 6.522585 1.5625
 89.65463 83.26067 70.355095 0.8449979 0.9286823 5.570028 8.928572
 26.217047 31.025513 27.855211 0.8978163 1.1834098 4.922304 11.538462
 45.99036 44.652405 37.939095 0.84965396 0.970908 4.3934665 4.1666665
 1.0 22.59277 21.078518 19.704924 0.9348344 0.93297625 167.83315 10.9486475 155.0
