 13.082697 11.118307 9.534587 0.8575574 0.8498482 4.6196914 5.263158
 18.014389 13.157697 10.71439 0.8143059 0.73039925 6.7298336 10.227273
 110.56384 105.834816 96.06567 0.90769434 0.95722806 5.7290406 4.6875
 9.370866 9.046269 8.445891 0.93363255 0.9653611 8.353898 7.9545455
 1.4303805 0.6407332 0.20155856 0.31457487 0.44794595 2.701527 18.75
 115.64087 113.42391 103.036385 0.90841854 0.98082894 5.360347 10.0
 89.49811 91.88178 81.02052 0.88179094 1.0266339 4.019338 6.25
 12.758999 12.168385 10.519509 0.86449516 0.95371 3.5411572 12.5
 26.750946 23.981647 20.765339 0.8658846 0.8964785 5.304445 5.357143
 25.951881 27.101408 25.577116 0.943756 1.0442945 8.453546 9.090909
 1.8672137 0.72991246 0.23937096 0.32794476 0.39090997 3.0235572 16.666666
 5.4325323 4.424202 1.5507671 0.35051903 0.8143904 3.8436136 14.285714
 119.90388 98.30979 89.51498 0.9105398 0.819905 6.4994597 12.5
 51.86342 56.02324 52.497395 0.9370646 1.0802072 8.893706 3.409091
 21.754042 22.264154 19.97289 0.89708734 1.0234491 5.7893806 6.818182
 111.47437 113.32931 105.61653 0.93194366 1.0166401 6.5496016 1.3888888
 5.8012977 4.943309 4.161373 0.8418194 0.852104 10.989182 6.818182
 24.179226 20.40594 17.976967 0.8809674 0.8439451 5.1261406 8.928572
 18.390596 18.766977 15.573379 0.82982886 1.0204659 6.925881 5.681818
 21.157442 20.908438 19.29343 0.92275816 0.9882309 7.1731133 7.9545455
 97.307785 99.652596 94.05223 0.9438011 1.0240968 8.331324 6.818182
 29.179752 31.350563 30.30455 0.9666349 1.0743945 7.560958 6.818182
 8.324405 6.0716915 5.424727 0.89344573 0.7293845 7.378322 10.227273
 10.063389 6.9092803 2.9792683 0.4311981 0.6865759 3.5164385 14.772727
 118.95876 100.710655 71.27186 0.7076894 0.84660137 6.810421 15.789474
 15.826914 15.691386 14.575467 0.9288833 0.9914369 6.621388 11.764706
 29.284903 27.982765 24.026403 0.8586144 0.95553553 3.954861 2.0833333
 107.830475 103.600296 95.498955 0.9218019 0.9607701 6.6907845 1.3888888
 85.30301 86.85204 81.56685 0.9391472 1.0181592 8.297972 12.5
 21.779491 22.798346 21.580631 0.9465876 1.0467803 7.5169578 10.227273
 24.441885 24.951658 23.279585 0.93298745 1.0208566 8.01426 4.5454545
 14.990543 15.653714 14.771762 0.9436586 1.0442393 8.042905 5.681818
 122.112335 127.72488 118.92997 0.9311418 1.0459621 8.13 6.818182
 89.02885 88.12694 78.22467 0.8876363 0.98986953 5.1317296 1.7857143
 78.718796 46.01101 37.578056 0.8167188 0.5844984 4.947389 15.0
 6.8147817 1.4875764 0.8322027 0.55943525 0.21828672 9.120046 18.421053
 108.43691 115.35219 109.31293 0.94764507 1.0637723 8.463101 1.1363636
 111.58691 117.40032 107.763824 0.91791767 1.0520977 8.254828 0.0
 109.40754 86.66237 78.13541 0.9016071 0.79210603 5.4296374 16.666666
 15.770269 13.889981 10.971158 0.78986126 0.8807701 8.416779 6.818182
 16.698095 12.912727 11.869342 0.91919714 0.7733054 8.606505 6.818182
 102.699814 100.69689 90.03395 0.8941086 0.9804973 5.037591 14.285714
 15.772614 13.460586 9.570912 0.7110324 0.853415 4.323253 11.25
 23.287228 23.678734 22.417128 0.9467198 1.0168121 8.027866 3.409091
 9.6687355 8.782098 7.44299 0.84751844 0.9082985 4.915335 12.5
 63.118866 56.591766 51.024746 0.9016285 0.8965903 11.004722 7.9545455
 111.68353 113.75763 105.63683 0.9286132 1.0185711 8.15073 7.9545455
 119.89206 124.94504 118.19277 0.94595814 1.0421461 8.110584 14.772727
 80.061386 45.166653 38.89023 0.8610385 0.5641503 7.7560773 15.909091
 0.12239772 0.04026241 0.020131204 0.5 0.32894737 2.0 75.0
 44.712067 12.577529 9.268639 0.7369205 0.28130057 4.52981 16.071428
 19.41829 19.748055 18.408186 0.9321519 1.0169821 8.1428175 10.227273
 101.10174 104.8343 98.47847 0.9393727 1.0369188 8.652163 7.9545455
 101.09712 106.98671 101.26537 0.94652295 1.0582567 8.349897 0.0
 140.04944 138.80609 126.68258 0.9126586 0.9911222 5.5053577 5.0
 111.58482 118.1743 112.22346 0.9496435 1.0590535 8.280194 0.0
 21.756262 22.009254 19.174639 0.871208 1.0116285 7.7239847 4.5454545
 121.58223 109.94228 103.87062 0.9447741 0.9042628 8.041256 13.636364
 113.65215 119.87009 111.65718 0.93148494 1.0547101 8.302435 1.1363636
 114.8682 114.44728 106.37883 0.9295007 0.9963356 7.2311206 0.0
 97.78541 99.96485 91.50884 0.9154102 1.022288 8.594012 3.409091
 32.03165 34.148037 30.602869 0.8961824 1.0660716 8.339465 4.5454545
 90.13044 91.91556 86.996155 0.9464791 1.0198059 8.345526 11.363636
 115.505264 119.63822 113.29747 0.94700056 1.0357816 8.3004055 3.409091
 26.586184 27.514677 25.93909 0.9427365 1.0349239 8.407814 3.409091
 117.09451 120.51779 113.447815 0.9413366 1.0292352 8.140279 12.5
 99.57556 95.74306 85.373665 0.8916956 0.96151155 4.9312787 5.357143
 14.291444 11.199209 8.322281 0.7431133 0.7836304 3.072267 14.772727
 6.667373 6.3097353 5.7793674 0.9159446 0.94635993 8.114118 10.227273
 113.166245 119.869095 113.95469 0.95065945 1.0592301 8.081079 1.1363636
 110.69486 113.89516 107.69155 0.9455323 1.028911 8.226942 1.1363636
 12.938647 11.690929 11.054787 0.9455867 0.9035666 7.902168 11.363636
 19.823511 20.052788 16.827639 0.83916706 1.0115659 4.60241 6.25
 102.14061 105.36707 99.34124 0.9428111 1.0315884 8.356281 1.1363636
 109.8204 104.21377 93.319496 0.8954622 0.9489473 4.7694736 1.7857143
 49.41273 46.97202 43.221455 0.9201532 0.95060563 6.84894 2.3809524
 119.62459 120.04629 110.7095 0.92222345 1.0035253 7.1863065 8.75
 89.36159 90.03287 84.099304 0.93409556 1.007512 7.150611 1.25
 86.729225 89.892044 83.86932 0.9330005 1.0364678 6.769802 2.631579
 88.766846 77.62079 71.52046 0.92140853 0.8744345 6.516405 2.7777777
 38.40483 30.743 29.385704 0.9558503 0.8004982 6.4556336 9.210526
 120.43674 124.43075 114.564476 0.9207087 1.0331627 6.8011503 3.9473684
 13.789648 4.8553624 3.450989 0.71075827 0.35210198 3.9864845 11.666667
 52.94559 27.277622 23.81711 0.87313735 0.51520103 5.486644 13.235294
 86.83933 85.63674 79.772415 0.93152094 0.9861516 5.9524 1.4705882
 1.9714383 0.2985801 0.14630711 0.49000952 0.15145293 4.7188206 20.833334
 119.58342 125.404396 117.66585 0.9382912 1.0486772 5.7066092 1.5625
 107.80564 113.837326 105.18252 0.9239722 1.0559496 5.69722 1.5625
 136.843 146.26137 131.86153 0.90154725 1.0688261 3.632542 2.0833333
 132.29027 150.10672 140.09285 0.9332884 1.1346769 5.1646266 0.0
 128.0343 147.88719 137.9955 0.9331132 1.1550591 5.2772284 6.6666665
 113.612976 126.50416 115.702415 0.91461354 1.1134658 5.21924 1.6666666
 145.87758 159.52429 143.80197 0.90144247 1.0935491 3.632659 2.0833333
 128.17682 143.08052 133.2217 0.9310959 1.1162746 5.1619563 0.0
 125.17931 140.90579 129.13708 0.91647816 1.1256316 5.1708393 1.6666666
 142.66408 161.17786 149.63391 0.9283776 1.1297718 5.2244725 1.6666666
 116.506905 132.17926 123.43634 0.93385553 1.1345187 5.173726 1.6666666
 122.8489 140.18504 129.18214 0.9215116 1.1411176 5.1370525 3.3333333
 118.86974 131.88521 121.67966 0.922618 1.1094935 5.41749 1.6666666
 123.35069 138.17418 126.56115 0.9159537 1.1201735 5.229345 1.6666666
 108.612274 119.37768 109.952545 0.92104775 1.0991178 5.3236747 3.3333333
 125.780655 143.6124 132.75981 0.9244314 1.1417686 5.166353 1.6666666
 139.25221 151.40187 138.8711 0.91723496 1.0872493 4.095191 0.0
 116.17465 129.73473 119.011986 0.9173487 1.1167215 5.1793194 1.6666666
 130.9661 146.6082 132.68163 0.90500826 1.1194363 5.1373935 0.0
 120.78847 131.49747 121.60286 0.9247544 1.0886592 5.187057 1.6666666
 129.42162 145.8121 131.66983 0.90301037 1.126644 5.322522 1.6666666
 127.06255 144.15707 134.06512 0.92999333 1.1345364 5.338417 1.6666666
 79.46567 66.1124 60.511395 0.9152806 0.8319618 5.08046 13.333333
 136.71217 153.72429 143.0111 0.93030906 1.1244373 5.154802 1.6666666
 129.3083 141.78156 130.5662 0.9208968 1.0964613 5.233926 1.6666666
 119.09424 132.82626 123.10427 0.9268067 1.1153039 5.2596555 5.0
 113.07178 128.72797 119.248055 0.92635703 1.1384623 5.2161226 1.6666666
 134.00375 147.62062 137.32675 0.93026805 1.1016155 5.132674 1.6666666
 123.69422 128.73749 117.64662 0.91384894 1.0407721 4.15047 9.615385
 122.63087 138.32457 128.49713 0.92895377 1.1279752 5.20912 1.6666666
 127.61218 142.57843 133.07841 0.9333698 1.1172792 5.1253443 1.6666666
 126.999916 144.00562 134.09828 0.93120176 1.1339033 5.1847544 0.0
 129.14954 143.18958 133.70226 0.933743 1.1087115 5.2255745 1.6666666
 112.27923 124.25864 114.5847 0.9221468 1.106693 5.264713 1.6666666
 124.27964 123.84262 115.02757 0.9288206 0.99648356 5.266467 8.333333
 106.5531 119.03078 108.73558 0.91350806 1.1171029 5.209801 6.6666665
 23.59242 24.435787 22.027967 0.9014634 1.0357473 4.745577 6.6666665
 123.05339 139.78314 130.28065 0.9320198 1.1359552 5.230884 1.6666666
 137.98535 152.90129 140.76108 0.92060095 1.108098 5.1992593 5.0
 108.14421 122.4122 113.498436 0.9271824 1.1319349 5.2625346 6.6666665
 128.89246 145.9554 135.59282 0.92900175 1.1323811 5.216412 1.6666666
 119.13249 133.97377 124.26059 0.9274994 1.1245779 5.285047 1.6666666
 115.08498 129.98828 120.7605 0.9290106 1.1294984 5.217276 0.0
 115.08428 128.13127 116.04647 0.9056842 1.113369 5.1691337 0.0
 112.28624 125.70702 114.682396 0.91229904 1.119523 5.3856297 3.3333333
 109.84358 122.7956 113.6607 0.9256089 1.1179132 5.3773804 1.6666666
 27.573511 27.710262 24.586718 0.88727844 1.0049596 3.9230566 8.333333
 114.98112 128.49936 118.768234 0.924271 1.1175693 5.279483 6.6666665
 129.72893 141.78647 124.98002 0.8814665 1.092944 3.6636014 2.0833333
 137.83687 146.28278 135.66571 0.927421 1.0612748 4.254478 3.8461537
 126.85845 140.49219 127.15036 0.90503514 1.107472 3.6508517 8.333333
 112.7465 127.71902 118.10843 0.9247521 1.1327981 5.18708 1.6666666
 127.00028 128.5056 115.94513 0.90225744 1.0118529 4.1293497 5.769231
 129.92615 142.48799 130.12804 0.9132561 1.0966845 5.284802 1.6666666
 115.76384 131.59117 122.937225 0.9342361 1.1367209 5.1791577 0.0
 13.992592 13.750594 12.202892 0.8874448 0.9827053 4.971477 6.6666665
 129.1807 136.31197 126.58537 0.9286446 1.0552038 4.9051175 12.5
 15.748787 14.013333 12.535338 0.8945294 0.88980395 5.000713 12.5
 32.426083 31.320974 25.453747 0.8126741 0.96591914 5.329902 1.7857143
 131.43614 145.16644 134.53825 0.92678624 1.1044636 4.832591 1.7857143
 18.668242 15.946819 14.5977 0.91539884 0.8542218 4.8335285 7.142857
 122.519714 137.26819 128.0668 0.9329679 1.1203762 4.9988194 1.7857143
 5.416624 2.170975 1.6218139 0.747044 0.40079853 4.581921 9.615385
 140.68738 154.7091 140.46725 0.9079443 1.0996659 4.5619526 3.8461537
 127.05208 138.94946 126.267845 0.9087321 1.0936418 4.159257 8.333333
 123.289024 140.73688 128.02634 0.90968573 1.14152 4.056668 0.0
 1.0 83.42043 87.04075 79.92758 0.91827774 1.0433984 505.61395 6.38209 152.0
