 3.7066891 1.5028255 0.42547047 0.2831137 0.40543607 2.1356769 14.473684
 10.53514 9.743453 9.060777 0.92993486 0.9248527 9.323789 13.636364
 2.8036032 0.75388944 0.11925645 0.15818824 0.26890022 1.511808 20.238094
 111.84611 111.86436 104.79505 0.93680465 1.0001632 8.978665 13.636364
 22.060837 23.343414 21.688467 0.9291043 1.0581381 6.009757 11.904762
 117.95158 115.57421 108.26687 0.9367736 0.97984457 9.151996 3.409091
 16.797632 16.459686 15.437985 0.93792707 0.9798813 9.266347 13.636364
 101.16175 100.529076 94.203835 0.9370805 0.9937459 9.146137 15.909091
 12.797409 11.821124 10.97454 0.9283838 0.92371225 9.5939245 12.5
 4.090018 2.8934119 2.1185567 0.73220026 0.70743257 8.134712 12.5
 130.96822 132.69617 124.640236 0.93929046 1.0131936 9.102315 1.1363636
 116.624504 115.34618 108.50092 0.94065464 0.989039 8.985939 9.090909
 112.5182 113.98191 107.23957 0.9408473 1.0130086 9.092055 3.409091
 14.7986355 15.217369 14.309809 0.94036025 1.0282954 9.102751 6.818182
 108.835815 107.561325 100.78808 0.937029 0.9882898 9.028522 4.5454545
 1.0354284 0.23208605 0.04741177 0.20428531 0.22414495 1.9089772 20.833334
 2.9638343 0.7167534 0.13272554 0.185176 0.24183317 1.6773907 17.045454
 2.8233478 0.7252663 0.1463903 0.20184353 0.25688168 1.4607064 14.285714
 129.88197 131.50748 119.59787 0.90943784 1.0125152 5.367048 3.3333333
 111.35154 112.063965 102.30415 0.91290855 1.006398 8.964969 5.681818
 24.338099 18.390331 16.585264 0.90184695 0.75561905 9.273811 18.181818
 111.4056 112.70425 105.997955 0.94049656 1.0116569 9.086214 0.0
 106.57897 106.156944 98.65355 0.9293179 0.9960403 9.016063 3.409091
 15.6763525 12.157395 10.765192 0.88548505 0.7755245 8.113475 17.045454
 105.43732 106.25095 99.992256 0.9410951 1.0077168 9.041319 5.681818
 16.41214 15.876122 14.836372 0.93450856 0.96734023 9.099399 12.5
 0.53902626 0.18380795 0.02378808 0.12941812 0.341 1.1496564 17.857143
 0.90316945 0.20874675 0.046627168 0.22336715 0.23112689 2.1872947 20.3125
 106.87923 106.74042 98.65131 0.9242171 0.9987013 6.9165196 15.277778
 41.26715 42.726715 39.86361 0.9329902 1.0353687 9.295644 10.227273
 122.852715 123.09919 115.68166 0.9397435 1.0020063 9.065505 17.045454
 108.724884 103.14265 95.44366 0.925356 0.9486572 8.980927 5.681818
 103.54128 103.23341 96.42234 0.9340226 0.99702656 9.186091 9.090909
 127.613815 126.75147 119.045296 0.9392024 0.9932426 9.103872 2.2727273
 17.736395 18.022408 16.912502 0.9384153 1.0161258 9.180222 7.9545455
 0.8742114 0.20728715 0.028158544 0.13584317 0.23711331 2.0038154 25.0
 103.36039 103.20682 94.96746 0.9201666 0.99851424 8.968293 5.681818
 2.7450302 0.75290674 0.17912428 0.23791032 0.27427995 2.1379313 17.857143
 99.64197 100.60802 94.70748 0.94135123 1.0096952 9.057145 1.1363636
 97.94192 95.63954 88.562355 0.9260014 0.9764924 8.989358 11.363636
 1.259142 0.40953708 0.07830191 0.19119614 0.3252509 1.6166172 23.214285
 121.18154 119.59834 111.08642 0.9288291 0.9869354 7.1124773 6.9444447
 98.02531 99.708725 92.7857 0.93056744 1.0171733 6.2553105 7.8125
 16.554924 15.911311 14.738482 0.9262896 0.9611226 5.6431575 9.375
 102.45122 102.446785 91.94223 0.8974633 0.9999567 4.7157555 3.8461537
 1.0 61.988758 61.303734 56.951 0.9289973 0.98894924 514.62305 10.950958 45.0
