 8.71675 8.942865 8.282394 0.92614555 1.0259402 8.468002 17.857143
 115.81303 112.984215 105.94413 0.93768966 0.9755743 8.7820425 3.409091
 38.10499 38.998016 37.47825 0.96102965 1.023436 8.472255 15.909091
 108.79089 108.07272 100.97645 0.934338 0.99339855 8.923896 3.409091
 10.199112 9.672435 8.836423 0.91356754 0.9483605 10.006637 5.681818
 92.6215 89.29789 82.1352 0.9197888 0.9641162 8.834329 11.363636
 121.88246 125.57761 110.10629 0.87679875 1.0303173 3.8473847 2.0833333
 57.410378 45.07811 29.227365 0.6483716 0.78519094 6.315447 10.227273
 97.585304 97.58036 88.83958 0.9104248 0.99994934 6.0881777 12.5
 82.60081 84.400734 75.870056 0.89892644 1.0217906 5.540383 6.6666665
 107.339966 80.34972 73.0761 0.90947556 0.74855363 8.524883 17.045454
 108.006386 106.42112 100.04483 0.94008434 0.9853225 8.7768955 1.1363636
 8.822064 7.643899 7.0056124 0.91649723 0.86645234 8.224576 12.5
 100.75856 96.64805 90.26965 0.93400383 0.9592044 8.892185 12.5
 56.618065 59.49618 56.89084 0.9562099 1.050834 8.455828 5.681818
 94.738396 90.81486 83.7491 0.92219603 0.9585855 8.491275 5.952381
 4.695022 2.6268182 1.9123785 0.7280209 0.5594901 6.1934643 14.772727
 15.918749 15.880448 14.252526 0.8974889 0.99759406 8.648492 6.818182
 11.376215 11.094437 10.135321 0.91354984 0.9752309 9.179606 15.909091
 88.193344 86.13129 80.91779 0.93947035 0.97661895 8.641509 3.409091
 94.78067 91.06703 83.36163 0.91538763 0.96081865 8.837038 2.2727273
 9.730093 8.225893 7.5525575 0.91814435 0.8454075 9.058425 13.636364
 2.4779038 1.4917554 1.1470616 0.7689341 0.6020231 8.872383 22.058823
 91.16723 92.785194 88.86185 0.95771575 1.0177473 8.927019 10.227273
 88.02607 88.382576 83.012596 0.93924165 1.00405 8.794447 7.9545455
 73.01939 68.37651 63.75335 0.93238676 0.9364158 8.86246 11.363636
 117.14467 116.19088 108.678795 0.935347 0.991858 9.074487 0.0
 96.451645 94.95308 89.171036 0.93910635 0.984463 8.80607 3.409091
 86.75358 82.8134 75.437904 0.9109384 0.954582 8.68335 6.818182
 103.09212 100.85796 93.63296 0.9283645 0.9783286 8.993979 5.681818
 10.69344 9.684755 8.810789 0.90975857 0.90567255 7.344123 13.636364
 98.4637 96.72915 90.82394 0.938951 0.98238385 8.890218 1.1363636
 81.714714 80.840836 76.442924 0.9455979 0.98930573 8.805738 9.090909
 114.22402 117.74316 104.36937 0.88641554 1.0308092 4.455437 9.615385
 90.99234 86.7508 81.37012 0.93797535 0.9533858 8.888887 5.681818
 99.990105 98.80052 92.26078 0.9338086 0.988103 8.866279 1.1363636
 119.43505 120.45851 106.81627 0.88674736 1.0085691 4.4259496 13.461538
 99.03263 95.52737 87.99608 0.9211609 0.9646049 8.814283 9.090909
 13.806018 11.586662 10.763167 0.92892736 0.8392472 8.550597 14.772727
 88.02588 85.67425 78.86715 0.9205467 0.97328484 8.702717 3.409091
 9.78688 9.915038 9.170079 0.9248658 1.0130949 10.366009 5.681818
 101.72108 98.288086 91.57307 0.9316802 0.96625096 8.501479 8.333333
 88.27461 72.55805 66.82881 0.9210392 0.8219583 8.376511 13.095238
 1.8616258 0.3771307 0.06170691 0.1636221 0.20258136 1.6022651 20.238094
 98.10625 95.25914 89.151535 0.9358843 0.9709794 8.86255 4.5454545
 111.43424 110.16736 103.41736 0.9387296 0.9886311 8.848622 1.1363636
 10.819767 8.303553 7.3285513 0.8825802 0.7674428 6.1220155 14.772727
 88.88738 79.080185 73.66801 0.9315609 0.88966715 8.899149 11.363636
 6.9913373 5.300956 4.892839 0.9230107 0.75821775 8.575891 15.909091
 8.249383 7.5987835 5.8640347 0.77170706 0.9211336 9.432807 12.5
 92.27925 91.13069 84.825714 0.93081385 0.98755354 9.165229 1.1363636
 89.90769 89.29237 81.100525 0.90825814 0.9931561 6.477781 4.4117646
 15.000204 13.773009 12.674741 0.9202594 0.91818815 9.925864 13.636364
 12.414154 12.811693 11.710929 0.9140813 1.0320231 7.390044 10.227273
 113.327415 112.40573 105.26257 0.93645203 0.991867 8.971718 7.9545455
 107.88685 106.710266 100.39891 0.9408552 0.9890943 8.640666 3.409091
 13.3949175 13.576408 13.100222 0.9649254 1.0135493 8.207134 10.227273
 88.74957 86.586044 75.13589 0.86775976 0.9756221 4.389728 7.6923075
 10.133975 8.976048 7.883993 0.8783367 0.88573813 10.28342 10.227273
 13.365771 13.466446 11.3024 0.8393009 1.0075322 3.9587197 14.583333
 98.99446 91.516235 85.59981 0.9353511 0.92445815 8.78472 9.090909
 87.67755 87.053856 77.20718 0.88688976 0.9928865 4.4001217 5.769231
 116.55126 115.94207 109.05497 0.9405988 0.99477315 8.983133 1.1363636
 99.17334 96.84459 90.77482 0.93732464 0.97651833 8.904752 3.409091
 80.80909 79.951195 74.20374 0.92811304 0.9893837 9.906106 3.409091
 100.85164 98.901344 91.780754 0.92800313 0.98066175 8.844471 0.0
 99.09495 80.97791 74.72668 0.9228033 0.817175 8.625884 14.772727
 40.831116 37.793293 35.754326 0.9460495 0.9256003 9.068241 9.090909
 11.124376 8.433323 6.1027193 0.7236435 0.758094 9.476386 12.5
 11.960037 10.920551 10.325538 0.9455143 0.9130867 8.684574 7.9545455
 106.09062 103.8267 94.38354 0.9090488 0.97866046 5.983959 4.6875
 84.44701 81.01819 75.62181 0.933393 0.95939684 9.065169 12.5
 104.106636 102.240295 95.57754 0.9348324 0.9820728 8.655002 5.681818
 94.36519 87.77923 78.74618 0.89709353 0.9302077 5.929335 7.8125
 4.214518 1.043356 0.31559944 0.30248493 0.24756233 3.8028636 14.772727
 97.81263 94.01977 88.33176 0.939502 0.96122324 8.977111 14.772727
 101.643936 98.49819 91.762085 0.9316119 0.9690513 8.994849 4.5454545
 12.569537 11.346635 10.372474 0.9141454 0.90270907 8.444554 9.090909
 101.09211 98.56302 92.32435 0.9367038 0.9749823 9.005601 5.681818
 95.26812 93.05284 86.69632 0.9316891 0.9767469 8.043133 5.0
 9.89157 6.263888 5.7120743 0.91190565 0.6332551 7.9862404 12.5
 90.451164 83.99112 78.3414 0.9327343 0.92857975 8.663835 7.9545455
 93.671 89.79681 83.942444 0.9348044 0.9586404 8.845339 2.2727273
 99.688 77.055336 70.30509 0.91239744 0.7729649 8.60559 14.772727
 94.37341 91.95025 84.23943 0.9161414 0.97432363 7.0435762 5.5555553
 75.73518 74.916725 70.052536 0.93507206 0.9891931 9.161057 1.1363636
 112.292984 111.17084 104.04456 0.93589795 0.990007 8.7491865 0.0
 91.53784 88.864876 82.97964 0.93377316 0.9707994 9.065424 1.1363636
 64.22651 64.803314 60.696068 0.9366199 1.0089808 8.975255 14.772727
 105.69712 104.012886 95.16633 0.9149475 0.9840654 7.104038 6.9444447
 16.736914 16.048807 14.657265 0.9132931 0.9588868 10.200268 2.2727273
 101.60089 97.48485 90.40061 0.9273299 0.9594881 8.780143 7.9545455
 100.362526 100.921585 94.87618 0.94009805 1.0055704 8.837431 5.681818
 10.745098 10.393523 9.844957 0.9472203 0.96728045 8.482702 6.818182
 11.2953 9.439482 8.559578 0.9067847 0.8356999 7.8796654 11.363636
 28.12442 26.07493 24.166454 0.926808 0.9271278 8.656004 10.227273
 98.34936 86.74385 80.50208 0.9280437 0.8819971 8.801129 14.772727
 100.890854 98.39284 92.53826 0.940498 0.97524035 8.866079 3.409091
 104.96442 103.88938 97.385376 0.93739486 0.98975813 8.907351 0.0
 24.124865 23.680973 22.410744 0.9463608 0.9816003 8.510097 0.0
 111.63242 109.94233 103.16783 0.9383814 0.9848602 8.843497 1.1363636
 26.905401 19.137974 15.729945 0.82192326 0.711306 7.961462 15.909091
 86.73681 86.51458 81.6479 0.94374734 0.99743795 8.772927 5.681818
 2.8303206 0.80969685 0.15863536 0.19591947 0.28607956 2.1340263 17.045454
 95.80743 93.247345 85.51109 0.9170351 0.9732789 9.057077 6.818182
 95.297516 92.3961 85.68243 0.9273381 0.9695542 8.934597 10.227273
 13.528237 9.521034 8.226365 0.8640202 0.70378965 8.634381 15.909091
 11.463696 9.476736 6.6242948 0.6990059 0.8266738 4.745795 9.722222
 85.48847 77.7992 70.93734 0.9118004 0.91005486 9.181174 12.5
 85.681274 80.5358 73.25361 0.9095782 0.93994635 6.538151 11.764706
 7.042388 5.943649 5.315089 0.89424694 0.84398204 9.652708 14.772727
 96.32285 95.57596 89.32103 0.9345554 0.992246 8.680792 1.1363636
 87.907646 83.92689 78.37653 0.93386686 0.95471656 8.805879 7.9545455
 14.637875 13.405206 12.472407 0.9304152 0.91578907 9.423543 7.9545455
 97.781784 94.751656 88.84034 0.9376126 0.9690113 8.801324 1.1363636
 4.959733 2.3925092 1.9375845 0.80985457 0.48238668 7.446199 17.045454
 99.61443 97.693855 90.66653 0.92806786 0.9807198 6.9478264 1.3888888
 5.06639 2.8531392 2.1345952 0.74815667 0.56315035 5.7803345 16.25
 95.3616 95.164825 89.11848 0.9364645 0.9979365 8.912369 5.681818
 79.05784 76.250565 69.0518 0.9055907 0.9644909 5.5263557 11.666667
 8.928653 7.704596 6.709512 0.8708454 0.86290693 7.621818 18.181818
 104.5543 102.0342 95.02979 0.9313523 0.9758968 8.027751 2.5
 1.6271272 0.46639484 0.15662867 0.33582845 0.28663698 3.7953365 16.25
 104.75358 103.487144 96.75535 0.93495035 0.9879104 8.916887 3.409091
 96.27616 90.53306 83.67541 0.9242525 0.9403477 9.018825 9.090909
 65.714294 39.892273 35.864952 0.89904517 0.60705626 8.491448 19.318182
 52.659336 20.382448 13.821465 0.67810625 0.38706237 6.6165986 17.045454
 94.70109 91.96003 84.093864 0.914461 0.97105575 8.777835 7.9545455
 93.94141 90.47429 83.346054 0.9212126 0.96309274 8.078886 2.5
 8.628973 6.245113 4.7308264 0.75752455 0.7237377 3.9899924 16.071428
 104.67212 104.171524 98.47245 0.94529146 0.9952175 8.537376 13.095238
 101.19716 92.62046 85.94331 0.92790854 0.9152476 8.062958 3.75
 97.63416 80.6441 74.80329 0.927573 0.8259824 8.058013 11.25
 92.68103 83.66802 78.41706 0.9372406 0.90275234 7.79932 2.5
 103.074936 96.37922 88.37124 0.9169118 0.9350403 7.04794 13.888889
 11.076147 6.7622657 6.06847 0.89740187 0.61052513 6.8398337 15.277778
 84.11143 82.78813 75.42349 0.91104233 0.9842674 5.6446943 6.6666665
 115.70334 116.0379 108.54559 0.9354322 1.0028915 6.870014 0.0
 100.16207 92.05601 85.32029 0.9268303 0.9190705 6.91421 0.0
 104.115486 102.11908 94.192604 0.92238003 0.9808251 5.9774475 9.375
 95.389465 91.430664 84.019585 0.91894317 0.95849854 6.149689 4.6875
 86.50541 80.67641 74.561806 0.9242082 0.93261695 6.9884634 4.1666665
 90.54268 87.774734 80.99311 0.9227384 0.9694294 7.031412 2.7777777
 94.64317 94.49112 86.98198 0.92053074 0.99839336 6.2436004 6.25
 104.655304 107.461365 99.042274 0.92165476 1.0268124 6.333961 4.4117646
 101.16111 98.42983 89.05023 0.90470773 0.9730007 6.3270645 1.4705882
 88.57824 87.452576 75.58239 0.8642672 0.9872919 4.109537 6.25
 56.215767 34.60336 28.504648 0.82375383 0.6155454 4.291767 13.461538
 89.35918 82.530426 74.532295 0.9030886 0.9235809 5.269361 8.333333
 77.517456 53.865902 48.188606 0.89460325 0.6948874 4.2653446 9.615385
 2.1330109 0.5535473 0.18832669 0.34021786 0.25951454 2.0750458 11.538462
 95.4267 91.620155 83.37763 0.91003597 0.9601103 4.25831 1.9230769
 13.343093 12.190043 11.323309 0.9288981 0.91358453 3.7369092 14.583333
 103.96821 95.21656 86.22744 0.9055929 0.9158238 3.9214547 0.0
 12.028951 9.295941 8.679288 0.9336642 0.77279735 3.623854 8.333333
 1.0 69.90999 66.407776 61.18764 0.9213926 0.9499041 521.9756 8.382069 155.0
