 16.228996 14.438156 13.653949 0.9456851 0.8896519 9.038075 7.9545455
 12.964967 12.005301 11.432451 0.9522835 0.92598015 9.0383215 11.363636
 7.0855713 2.0148425 0.76036686 0.37738276 0.28435853 1.8886765 19.444445
 14.350799 9.971222 3.625462 0.36359254 0.69482 3.4157248 10.227273
 8.5932255 7.5229416 7.0725503 0.94013095 0.8754503 9.056006 11.363636
 2.615085 0.37835568 0.08320755 0.21991885 0.14468199 2.2366498 16.25
 1.4798951 0.31019402 0.07980527 0.25727534 0.20960541 2.2585194 23.4375
 1.9559913 0.56070286 0.16881013 0.30106875 0.28665918 1.8198385 20.588236
 3.2387118 1.1857473 0.4766415 0.40197563 0.36611694 3.2253609 16.25
 2.0562875 0.43617147 0.04874816 0.11176375 0.21211599 1.2853608 19.444445
 5.7530055 3.9009771 3.748513 0.9609164 0.6780763 9.997596 15.909091
 10.695107 7.604657 7.073938 0.9302113 0.71104074 9.072831 15.909091
 4.937807 3.7704387 3.4782398 0.9225027 0.7635857 8.624838 16.25
 13.561155 12.280171 11.675672 0.9507744 0.90554017 8.537701 4.5454545
 2.1144233 0.7580309 0.22356756 0.294932 0.3585048 3.2510746 15.789474
 1.5883474 0.40263766 0.06309321 0.15669972 0.2534947 1.5417626 17.647058
 2.5017128 0.69391686 0.15941763 0.22973591 0.2773767 2.2917433 20.0
 0.7012339 0.29830983 0.17107031 0.57346517 0.42540705 5.618952 25.0
 101.32851 83.9949 78.45827 0.9340837 0.8289365 9.114191 11.363636
 5.7066965 4.3365035 3.87791 0.8942481 0.7598973 8.74643 12.5
 12.642918 11.816745 11.205626 0.9482837 0.93465334 8.942046 11.363636
 15.539332 8.466838 7.3335733 0.8661525 0.544865 4.95773 16.071428
 99.317314 77.207214 67.861694 0.87895536 0.7773792 4.742942 14.285714
 1.0 15.085091 11.493694 10.118808 0.880379 0.76192415 83.520134 15.346013 23.0
