 5.5721583 4.742303 4.2175097 0.8893379 0.8510711 8.564007 10.714286
 2.2216794 0.5136791 0.07959455 0.15494996 0.23121205 1.7023467 20.454546
 8.317054 2.9059496 1.4813801 0.5097749 0.34939653 3.9501379 14.705882
 24.117754 19.026127 17.590881 0.92456454 0.7888847 8.508365 17.045454
 46.439358 37.7225 35.02623 0.92852354 0.8122959 8.875799 9.090909
 9.124837 6.814642 6.5273805 0.9578464 0.74682343 8.9511 18.181818
 0.7648439 0.2699993 0.066403605 0.24593991 0.3530123 2.7552521 25.0
 9.722044 4.920773 3.477272 0.70665157 0.50614595 6.8085628 19.047619
 6.222285 5.608805 5.014446 0.894031 0.90140605 8.303148 12.5
 6.955525 6.165109 5.621087 0.9117579 0.8863615 9.252721 7.9545455
 19.73612 19.976727 18.577362 0.9299503 1.0121912 8.695245 10.227273
 0.80763036 0.17772867 0.06675494 0.37560028 0.2200619 3.5599613 20.0
 14.135554 14.058357 13.094388 0.9314308 0.99453884 8.362592 12.5
 1.0 11.85668 9.454054 8.526207 0.9018572 0.79736096 80.03271 15.186334 13.0
