 3.1281824 0.7489812 0.15120955 0.20188697 0.23943014 1.803496 15.909091
 15.520959 13.676596 12.7461605 0.93196887 0.8811695 6.958343 13.636364
 30.367065 28.812265 27.370361 0.94995517 0.94879985 9.332225 4.5454545
 11.921135 10.47239 9.405065 0.89808196 0.87847257 10.228533 6.818182
 1.6675771 0.40795594 0.08152285 0.1998325 0.24463992 1.2417485 16.25
 30.858604 31.113537 29.211498 0.93886787 1.0082613 9.660839 9.090909
 21.102848 21.207321 19.278797 0.9090633 1.0049506 9.405303 12.5
 29.042896 30.292543 28.606073 0.94432724 1.0430276 9.531977 9.090909
 17.850924 19.457335 17.983637 0.92426 1.0899904 9.876767 10.227273
 27.88305 28.11702 25.91569 0.9217082 1.0083911 9.826417 7.9545455
 9.154375 4.4628773 2.0021782 0.44862944 0.48751304 3.4091666 16.666666
 21.951363 20.887314 17.71089 0.8479257 0.951527 9.746476 11.363636
 15.246852 11.911387 8.840489 0.74218804 0.7812359 8.4588375 16.666666
 41.838676 39.85089 36.83276 0.9242644 0.9524893 6.9142504 14.0625
 34.07011 31.738644 28.554197 0.8996666 0.9315686 9.089573 11.363636
 11.851429 12.152129 10.863175 0.89393187 1.0253725 9.309829 10.227273
 6.526278 2.9067798 1.3535022 0.46563628 0.44539624 4.2594066 15.909091
 28.603292 30.447119 29.128534 0.9566927 1.064462 10.922449 5.681818
 14.660732 10.378756 9.470572 0.912496 0.7079289 8.935506 10.227273
 86.97257 85.9321 74.34368 0.86514443 0.98803675 4.3823004 2.0833333
 25.202702 24.964462 22.734932 0.91069186 0.99054706 7.889877 9.722222
 83.245636 84.762 78.69828 0.9284618 1.0182155 5.4942026 12.5
 11.55147 8.520215 6.709921 0.7875295 0.7375871 9.605331 14.772727
 9.774891 10.560132 9.676543 0.91632783 1.0803325 11.146388 5.952381
 29.253904 29.712357 27.891804 0.9387274 1.0156715 9.914385 9.090909
 8.966283 1.7402368 0.75948584 0.43642676 0.19408676 5.3102684 13.636364
 37.55716 41.293636 38.3576 0.92889863 1.0994877 8.61912 6.9444447
 97.67355 86.689705 79.39704 0.9158762 0.8875453 9.032646 14.772727
 28.216778 22.909437 20.810417 0.9083774 0.81190836 9.531773 14.772727
 0.29494298 0.07276554 0.024255179 0.33333334 0.24671052 3.6666667 33.333332
 37.209213 40.901917 38.664158 0.9452896 1.0992416 9.30246 0.0
 12.241188 5.948946 5.3529654 0.89981747 0.48597783 3.2801914 17.307692
 15.897406 9.996134 7.485755 0.748865 0.62879026 11.687519 15.909091
 25.869267 14.548216 8.9020405 0.6118991 0.56237453 7.4025183 11.25
 97.26634 71.793785 62.89039 0.87598646 0.73811543 6.6048903 18.055555
 19.939152 19.740326 17.58562 0.8908475 0.9900284 6.942703 10.294118
 9.48416 8.388115 6.652283 0.7930606 0.88443404 5.6980615 10.714286
 21.317266 9.19276 7.936417 0.86333334 0.43123546 4.9893064 13.333333
 17.279207 12.047774 11.106336 0.9218579 0.6972411 5.536568 10.0
 24.58647 23.931847 22.011261 0.9197477 0.9733746 5.6577606 1.6666666
 95.785164 96.57369 88.55917 0.9170114 1.0082322 5.0883718 1.7857143
 104.1119 98.92996 90.34811 0.91325325 0.9502272 5.096613 3.5714285
 89.54454 89.50693 81.51543 0.91071635 0.99958 5.2527146 0.0
 18.41743 17.394388 15.596508 0.89664024 0.9444524 4.4218316 10.714286
 75.66565 69.54809 63.496937 0.91299325 0.9191501 5.015532 0.0
 86.70005 87.04883 78.1679 0.8979777 1.0040227 4.491409 11.538462
 93.82443 93.571686 85.73191 0.9162164 0.99730617 5.1193953 1.7857143
 88.46161 88.15262 80.72986 0.9157965 0.9965071 5.0331054 5.357143
 93.928406 99.56621 92.12769 0.92529076 1.0600224 5.030452 1.7857143
 84.9157 82.2531 74.51102 0.9058749 0.96864414 4.976087 10.714286
 82.11839 82.53346 75.90734 0.91971594 1.0050545 5.0388174 3.5714285
 86.49262 86.5469 79.44472 0.9179384 1.0006275 5.112092 3.5714285
 103.54469 103.186676 95.20702 0.9226678 0.9965424 5.1207037 5.357143
 81.150665 82.13924 75.4539 0.9186098 1.012182 5.0665402 1.7857143
 48.976765 47.13696 42.62336 0.90424496 0.9624351 5.1367273 0.0
 86.26213 85.04383 78.493614 0.9229784 0.9858767 5.048564 0.0
 107.917206 108.13256 99.125114 0.91669995 1.0019956 5.086726 1.7857143
 84.95337 68.70993 62.405945 0.9082522 0.80879587 5.1077094 17.857143
 12.210304 8.1577015 6.857798 0.84065324 0.66809976 4.5613947 12.5
 87.91553 91.60901 84.60071 0.9234976 1.0420117 4.996256 5.357143
 92.45069 89.46758 82.20757 0.91885316 0.967733 5.0760775 5.357143
 78.985695 74.20649 67.73248 0.9127569 0.93949276 5.1748238 8.928572
 86.70818 85.381805 77.86132 0.9119193 0.98470294 5.0969563 5.357143
 84.348915 83.0413 76.39574 0.9199728 0.98449755 5.0669527 7.142857
 102.820175 103.257286 94.805214 0.9181455 1.0042512 5.104582 7.142857
 96.445045 94.16113 86.04462 0.9138018 0.976319 5.1016307 5.357143
 81.32763 77.07608 70.44467 0.9139629 0.94772315 5.156484 10.714286
 92.782684 75.618454 67.64 0.8944906 0.8150062 4.500571 11.538462
 96.81127 92.1198 84.10381 0.91298306 0.95154 5.1404786 8.928572
 91.65293 94.281166 87.02211 0.9230063 1.0286759 5.1238103 7.142857
 91.61473 87.97451 80.3409 0.9132293 0.960266 5.0831256 5.357143
 97.99241 72.78423 65.74979 0.903352 0.7427538 4.908438 14.285714
 87.123474 88.33472 81.208435 0.91932636 1.0139027 5.048421 8.928572
 78.33193 76.134346 68.89299 0.90488714 0.97194517 4.96968 14.285714
 103.42351 105.84812 96.63396 0.91294914 1.0234436 5.1373124 5.357143
 80.43514 80.56679 73.489265 0.91215336 1.0016366 5.0290194 1.7857143
 77.04678 73.86835 66.28107 0.8972865 0.9587467 5.152673 5.357143
 88.037445 90.40015 81.718834 0.9039679 1.0268375 5.0333204 3.5714285
 83.425186 82.360634 74.81 0.9083223 0.98723936 5.044717 8.928572
 92.858406 94.73759 86.91052 0.9173816 1.0202371 5.015685 1.7857143
 89.415306 89.70354 82.19689 0.91631716 1.0032234 5.0825386 1.7857143
 77.869225 75.58058 68.71363 0.909144 0.97060907 5.1210556 3.5714285
 84.466774 82.36341 75.492744 0.91658103 0.9750984 5.0557346 8.928572
 80.60878 77.96622 71.46278 0.9165866 0.96721745 5.0282793 7.142857
 99.74636 99.02891 90.40649 0.9129303 0.9928072 5.0919228 8.928572
 85.613144 84.96202 77.90333 0.9169194 0.99239457 5.1535654 1.7857143
 90.65842 91.56006 83.74409 0.9146356 1.0099455 5.023378 3.5714285
 77.81098 77.841415 71.467026 0.9181106 1.0003911 5.0060096 1.7857143
 92.269615 88.4353 80.741005 0.91299516 0.9584445 5.096274 1.7857143
 86.01942 86.66876 79.54383 0.9177913 1.0075488 5.1900425 1.7857143
 94.60181 94.1056 85.59007 0.9095109 0.99475473 5.0714912 10.714286
 85.73401 85.46792 78.06548 0.9133894 0.99689627 5.0355883 0.0
 85.46997 84.981476 77.53694 0.9123981 0.9942846 5.054746 1.7857143
 96.470245 95.79259 88.114655 0.9198484 0.9929755 5.057159 5.357143
 99.251236 99.38342 91.16169 0.91727257 1.0013318 5.0673327 0.0
 93.63256 90.80799 83.00538 0.9140757 0.96983355 5.062495 12.5
 96.844925 99.969124 92.63826 0.9266687 1.03226 5.005915 1.7857143
 103.88521 109.18322 101.067825 0.9256718 1.0509987 5.066411 7.142857
 90.28793 89.122444 81.61181 0.9157268 0.9870914 4.979643 1.7857143
 85.63355 86.792595 79.23218 0.912891 1.0135349 4.5253406 1.9230769
 95.003654 96.13503 88.564415 0.9212501 1.0119088 4.8967 1.7857143
 78.994606 78.7623 72.523026 0.9207835 0.9970592 5.084993 8.928572
 89.12845 88.72959 81.03999 0.9133367 0.99552494 5.162946 1.7857143
 97.97746 87.46006 79.149475 0.90497845 0.8926549 4.7207475 8.928572
 94.73002 94.55287 86.52572 0.91510403 0.99813 5.1370206 1.7857143
 78.805405 80.99043 74.03111 0.9140723 1.0277269 5.15983 5.357143
 96.53141 97.02985 89.504425 0.92244214 1.0051636 4.991516 5.357143
 87.40482 88.88426 82.33428 0.9263088 1.0169263 5.0170774 0.0
 111.62337 108.62282 99.083916 0.9121833 0.97311896 5.13884 1.7857143
 101.82138 79.47147 73.34722 0.92293775 0.7804988 4.987857 12.5
 95.715034 95.273705 87.52066 0.9186235 0.9953891 5.088695 1.7857143
 96.38544 88.34479 81.48421 0.9223432 0.9165782 5.0528584 14.285714
 87.262825 87.983025 80.91732 0.9196924 1.0082532 5.03877 5.357143
 91.23216 90.634514 83.15328 0.91745716 0.99344915 5.1110215 7.142857
 78.192055 77.023476 70.39526 0.91394556 0.9850551 5.0624304 12.5
 94.249985 92.826035 85.25778 0.9184684 0.9848917 5.0628204 12.5
 99.69278 98.04006 89.51091 0.9130034 0.9834219 5.1106586 8.928572
 101.185616 101.989136 92.764465 0.90955245 1.007941 5.145242 8.928572
 85.57736 82.74658 76.210686 0.92101306 0.96692145 5.1430707 7.142857
 87.989075 89.28616 82.10868 0.91961265 1.0147414 5.021755 7.142857
 102.36623 104.04396 95.84738 0.92122 1.0163896 5.068282 8.928572
 84.52946 79.85503 72.99389 0.9140801 0.9447006 5.013099 14.285714
 95.75798 95.59434 88.37851 0.92451614 0.99829113 4.9232626 1.7857143
 83.34294 81.819725 74.965675 0.91622984 0.98172355 5.070206 1.7857143
 93.521545 88.23341 80.290886 0.90998274 0.94345546 4.9894867 14.285714
 94.4019 97.603714 89.98703 0.92196316 1.0339168 5.056609 0.0
 102.332085 100.76729 92.54992 0.918452 0.9847086 4.994428 1.7857143
 106.96789 80.39631 70.92893 0.88224113 0.75159293 4.9056587 16.071428
 93.872 94.99144 87.26569 0.91866904 1.0119251 5.031215 1.7857143
 94.065155 96.176445 88.4141 0.91929066 1.022445 5.0549064 1.7857143
 87.6492 89.267815 82.160065 0.9203772 1.018467 4.9937644 1.7857143
 91.04728 92.83311 85.522064 0.9212453 1.0196143 5.016543 1.7857143
 82.66742 82.47665 75.53443 0.91582805 0.99769235 5.067088 10.714286
 83.426895 82.28981 74.97463 0.9111047 0.98637027 5.079586 12.5
 81.30282 80.03666 73.10902 0.91344404 0.98442674 5.104593 5.357143
 82.542984 84.23115 77.64133 0.9217651 1.0204519 5.072502 1.7857143
 88.880714 86.23279 78.255974 0.90749675 0.9702081 5.065958 5.357143
 100.4872 99.710396 90.8042 0.9106794 0.99226964 5.178343 1.7857143
 93.1644 97.53371 89.815025 0.92086136 1.0468988 5.086568 0.0
 20.080585 19.446545 16.64427 0.8558986 0.9684252 4.904746 12.5
 104.71324 106.88932 98.32531 0.9198797 1.0207813 5.1633763 1.7857143
 100.18257 101.21045 92.8841 0.91773236 1.01026 5.0268054 5.357143
 86.718704 88.679405 81.77981 0.9221961 1.02261 4.982553 8.928572
 79.27185 81.8984 75.15255 0.9176315 1.0331334 5.1056523 3.5714285
 79.97276 79.020485 72.95727 0.9232703 0.9880925 4.908376 5.357143
 90.345436 92.07791 83.84747 0.9106144 1.0191761 5.17175 1.7857143
 80.52594 82.72376 76.118744 0.92015576 1.0272933 5.077139 1.7857143
 101.635925 104.104095 95.77141 0.9199581 1.0242844 5.080093 5.357143
 106.56564 90.49036 82.175964 0.9081184 0.8491514 5.1232853 12.5
 82.819595 82.44086 75.63052 0.91739124 0.99542695 4.9556494 8.928572
 92.47852 90.98096 83.16522 0.9140948 0.9838064 5.221897 10.714286
 101.44287 90.22641 78.98179 0.8753733 0.88943076 4.98052 8.928572
 91.3181 87.36904 78.6922 0.9006875 0.95675486 4.4603004 5.769231
 88.29057 90.480644 82.529724 0.9121257 1.0248053 4.5164027 5.769231
 99.10266 102.594894 93.34536 0.9098441 1.0352386 4.3732977 5.769231
 88.10733 89.10769 78.60078 0.88208747 1.0113539 4.0075645 6.25
 16.300308 17.540623 15.080655 0.85975593 1.0760915 4.176835 12.5
 88.667915 87.59515 78.099785 0.89159936 0.9879013 3.9780967 2.0833333
 80.656044 83.9913 75.96729 0.90446615 1.0413517 3.98154 2.0833333
 83.801384 82.71838 72.81512 0.88027734 0.98707664 3.986079 6.25
 84.76078 85.1653 75.725006 0.8891533 1.0047725 4.0054593 6.25
 93.41041 96.773445 85.938545 0.88803846 1.0360029 3.9352655 6.25
 84.54973 86.95131 76.75812 0.88277125 1.0284044 4.0017724 6.25
 90.76251 87.291595 76.405464 0.87529004 0.96175826 4.034435 0.0
 93.69525 97.0458 85.71562 0.88324916 1.03576 4.061519 4.1666665
 1.0 73.14461 71.41492 65.081 0.91130817 0.9763525 370.92017 7.206372 165.0
