 0.2394652 0.07877145 0.021245155 0.26970628 0.32894737 1.5628829 33.333332
 26.279049 25.766722 24.66933 0.9574105 0.98050433 9.498329 10.227273
 94.86271 69.530716 63.336937 0.9109203 0.7329615 8.963236 17.045454
 8.544543 7.4163413 6.9448442 0.93642455 0.86796224 9.089985 14.772727
 13.770309 13.9621935 13.20797 0.94598097 1.0139346 9.484778 6.818182
 13.790212 11.754114 10.736181 0.9133977 0.85235196 8.641123 11.363636
 14.8024 14.673883 13.9251 0.94897175 0.99131787 9.536479 10.227273
 7.104545 6.2849298 5.8769975 0.9350935 0.8846351 8.816175 13.636364
 9.3886795 7.8236823 7.3561964 0.94024736 0.83331025 8.316266 13.636364
 95.23126 88.14595 83.1034 0.9427932 0.9255989 9.202679 11.363636
 13.900272 12.268749 11.530206 0.9398028 0.8826266 9.917799 13.636364
 8.14395 5.4144077 4.7927556 0.88518554 0.664838 10.339159 14.772727
 16.180023 5.2615867 1.3553908 0.25760117 0.3251903 3.00588 12.5
 89.26536 63.56671 59.47533 0.9356364 0.7121095 9.05188 12.5
 6.5247197 5.593295 5.203154 0.93024844 0.85724676 9.301605 12.5
 79.008446 80.25969 75.62249 0.94222265 1.0158368 9.252686 9.090909
 13.098842 13.75126 13.15669 0.9567625 1.0498073 9.233173 12.5
 104.85007 87.39562 81.30955 0.93036175 0.8335295 9.131932 17.045454
 91.450325 65.2672 60.58226 0.92821914 0.71369016 9.1572895 14.772727
 13.494318 10.487524 8.123608 0.7745972 0.77718073 8.831876 13.636364
 10.8613 5.8518796 1.9916408 0.34034207 0.5387826 2.270889 20.3125
 86.64614 57.831112 53.5202 0.9254568 0.6674401 8.940131 11.363636
 0.24071223 0.039590828 0.019795414 0.5 0.16447368 7.0 25.0
 6.474785 4.6964912 4.1408324 0.8816864 0.7253509 7.9911895 17.105263
 10.758297 11.1807 10.620542 0.94989944 1.039263 9.391666 5.681818
 13.194072 12.393583 11.841842 0.95548165 0.93932974 9.141047 12.5
 15.068613 4.696338 2.6398275 0.56210333 0.31166363 5.4030137 15.909091
 24.020733 25.07895 23.962013 0.9554631 1.0440544 9.223746 7.9545455
 13.486225 11.846565 11.355848 0.9585773 0.8784197 8.98601 14.772727
 99.24092 77.63375 72.72197 0.93673134 0.7822756 9.163968 12.5
 3.4624875 1.0306386 0.53441054 0.5185237 0.29765844 4.0083594 15.625
 85.568855 61.584072 54.307316 0.88184035 0.71970195 6.6806583 9.375
 83.75972 57.702686 47.704983 0.82673764 0.6889074 4.3264894 11.538462
 1.0 35.53674 28.068779 25.626995 0.91300714 0.78985244 240.7925 13.788389 33.0
