 16.01046 17.628311 16.37663 0.928996 1.1010495 6.654477 0.0
 120.82809 117.83819 110.417625 0.9370275 0.975255 9.698245 3.409091
 1.921554 0.40347907 0.13544661 0.33569673 0.2099754 3.2213507 16.666666
 24.519625 23.219936 21.781694 0.93806005 0.94699395 9.444893 4.5454545
 11.797492 9.238411 8.473442 0.9171969 0.7830826 9.6087675 15.909091
 15.138136 9.886649 8.164152 0.8257754 0.65309554 9.99678 15.909091
 4.4435816 3.679052 3.3916044 0.92186904 0.8279475 9.483371 14.285714
 10.956736 10.002435 9.046753 0.904455 0.91290283 9.35465 10.227273
 2.6096847 0.79631233 0.3432996 0.43111172 0.3051374 6.2136183 18.75
 4.3257833 1.1898108 0.23910204 0.20095804 0.27505094 1.9652239 14.772727
 6.152481 3.3153236 2.6154106 0.7888855 0.5388596 7.6618423 13.636364
 21.316277 21.281809 19.384878 0.910866 0.99838305 8.53121 10.227273
 106.52731 104.26488 95.27719 0.91379946 0.978762 9.389084 4.5454545
 10.072522 6.497301 4.9613156 0.7635964 0.645052 6.1908712 13.235294
 117.31834 115.77778 108.19099 0.9344711 0.98686856 9.472079 7.9545455
 0.14659517 0.04822209 0.024111046 0.5 0.32894737 2.0 75.0
 104.37538 102.72313 96.714554 0.94150704 0.9841701 9.555541 3.409091
 112.88327 110.85002 104.5819 0.9434541 0.981988 9.588902 11.363636
 3.0886297 0.55816084 0.06585198 0.11798029 0.18071471 1.145046 20.238094
 9.952653 9.349965 8.841309 0.945598 0.93944454 9.51321 12.5
 1.2270595 0.39531595 0.08543695 0.21612321 0.32216525 1.9237117 25.0
 109.56189 104.35012 98.2737 0.9417689 0.9524308 9.460485 3.409091
 92.15362 73.12316 67.8816 0.9283188 0.79349196 9.522295 12.5
 105.02699 106.33833 100.56686 0.9457254 1.0124857 9.478323 1.1363636
 106.73846 89.746254 83.86975 0.9345209 0.84080523 9.464893 11.363636
 13.348096 12.893387 12.088041 0.937538 0.9659346 9.488406 5.681818
 12.6142645 5.5189896 4.7329497 0.85757536 0.43751976 8.849521 13.636364
 3.1852822 0.8503893 0.24992391 0.29389355 0.26697457 2.6794262 15.476191
 6.551158 1.6624099 0.37173718 0.22361343 0.2537582 1.6073555 19.047619
 28.780895 27.35429 25.48304 0.9315921 0.9504322 8.72361 12.5
 8.202278 2.334577 0.4789927 0.20517321 0.28462544 2.1676128 18.181818
 19.598862 17.627409 16.707087 0.94779027 0.8994098 9.633053 12.5
 7.6559215 2.580737 0.98834884 0.38297153 0.3370903 1.1529471 14.285714
 1.577425 0.56960756 0.2228869 0.39129907 0.36109963 3.0766797 17.105263
 9.440014 3.3526561 1.1595545 0.34586143 0.35515374 2.6546156 13.636364
 43.08939 42.114166 39.816948 0.94545263 0.9773674 6.7848196 2.7777777
 7.5113378 4.074104 3.5997367 0.88356525 0.5423939 7.7100234 15.909091
 24.264828 18.240318 16.666843 0.9137364 0.75171846 9.355486 11.363636
 12.973285 12.67205 11.340902 0.894954 0.9767804 9.621085 9.090909
 3.3661542 1.4594511 0.9258036 0.63435054 0.43356633 7.6570263 13.636364
 17.528812 14.003024 12.977855 0.92678946 0.7988575 9.670291 15.909091
 5.638307 1.7130677 0.32802916 0.1914864 0.3038266 1.6526619 14.772727
 3.7775095 2.060296 1.7612964 0.8548754 0.5454112 8.150061 15.476191
 25.02947 22.570286 19.80374 0.8774253 0.9017484 9.684733 7.9545455
 4.400824 1.6081972 0.823674 0.5121723 0.3654309 4.468774 18.181818
 3.3161979 1.054294 0.45048583 0.4272867 0.31792253 5.2324142 17.045454
 17.514519 15.417544 13.61671 0.88319576 0.8802722 10.881718 9.090909
 3.7873116 1.6349787 1.055238 0.64541394 0.43169904 8.2639475 15.909091
 1.5177152 0.32799304 0.053909555 0.1643619 0.21610972 1.365548 17.5
 12.949228 12.145683 11.224245 0.92413455 0.9379465 10.530191 10.227273
 33.89252 33.741013 31.452644 0.93217844 0.9955298 9.4975 1.1363636
 10.261366 5.161061 3.9833047 0.7717996 0.5029604 9.090775 10.227273
 1.4019825 0.38420826 0.0510721 0.13292816 0.2740464 1.3536133 21.052631
 2.2409124 0.5130049 0.1136376 0.22151367 0.22892681 1.5946758 19.444445
 2.345033 0.45241278 0.13194782 0.2916536 0.19292386 2.6160612 13.095238
 112.073204 100.34511 93.53014 0.93208474 0.89535326 9.579386 11.363636
 2.7122326 0.9290828 0.4275387 0.46017286 0.3425528 5.249953 19.318182
 20.127481 16.400766 15.1948185 0.9264701 0.81484437 9.263337 5.681818
 1.6436498 0.44147784 0.09473667 0.21458986 0.26859605 1.709349 17.857143
 2.7085369 0.94033486 0.15899949 0.16908817 0.34717447 1.6432835 17.045454
 129.50258 130.36674 117.7074 0.90289444 1.006673 4.612827 9.615385
 15.045596 11.565939 7.843324 0.67813987 0.7687259 5.9105387 11.363636
 2.2053611 0.5386042 0.07277066 0.13510972 0.24422494 1.3866214 20.238094
 6.222783 5.9207826 5.635845 0.95187503 0.9514686 9.750671 7.142857
 128.57451 123.68392 109.22855 0.88312656 0.961963 4.0047264 10.416667
 12.3298645 12.268094 11.50619 0.93789554 0.9949901 9.39367 12.5
 97.21609 91.4675 85.88924 0.9390137 0.94086796 9.480817 11.363636
 17.68254 13.386827 12.320684 0.9203588 0.75706476 8.670093 14.772727
 2.5463984 0.8288253 0.58085245 0.7008141 0.32548925 6.888957 17.857143
 13.910368 13.743115 13.010431 0.94668716 0.98797643 8.615821 6.818182
 6.529726 3.706479 3.360055 0.9065355 0.56763166 9.977046 13.636364
 110.37422 107.22637 99.18847 0.925038 0.97148025 7.4455795 5.5555553
 2.0735145 1.1254957 0.73910195 0.6566902 0.54279613 9.402179 19.736841
 7.507561 6.1067595 5.409448 0.88581324 0.8134146 10.596776 7.9545455
 1.8693908 0.5241732 0.25803366 0.49226794 0.2803979 5.520142 20.588236
 13.37849 9.413558 8.719163 0.92623454 0.7036338 9.060242 17.045454
 1.5592034 0.32358894 0.06587101 0.20356384 0.20753478 2.5453084 16.666666
 7.634654 7.0835285 6.662112 0.94050753 0.92781264 9.458113 13.636364
 114.81101 113.76263 107.10118 0.94144434 0.9908686 9.474947 10.227273
 108.17663 92.509445 86.13067 0.9310473 0.85517037 9.373173 13.636364
 14.43066 11.633576 10.703943 0.92009044 0.80617076 9.49656 11.363636
 30.72964 26.983963 25.274263 0.93664014 0.8781087 9.6877 13.636364
 30.774809 29.580069 27.80228 0.93989915 0.96117795 9.194187 6.818182
 109.83259 96.15318 89.88754 0.9348369 0.87545216 9.483296 17.045454
 14.2281475 13.805553 12.693435 0.9194441 0.9702987 6.3148746 3.125
 93.81975 82.2719 76.718475 0.9324992 0.87691444 9.427638 12.5
 20.838858 14.892019 13.561594 0.9106618 0.7146274 9.623056 15.909091
 10.451154 5.8202314 5.0553503 0.86858237 0.5568985 8.001538 18.181818
 10.179184 9.390869 8.6194 0.917849 0.9225562 9.4326515 9.090909
 19.97632 17.760828 16.568464 0.93286556 0.8890941 9.249234 13.636364
 15.560994 15.5521965 14.440674 0.92852956 0.99943465 9.861629 7.9545455
 7.335579 6.1132913 5.373269 0.8789486 0.83337545 8.180264 12.5
 17.972752 17.553156 16.507267 0.94041586 0.9766538 8.943766 14.772727
 15.047832 10.887949 10.106218 0.9282023 0.723556 9.54509 13.636364
 16.690798 14.986584 13.24798 0.88398933 0.897895 5.306882 11.666667
 13.244989 11.60117 10.587261 0.9126029 0.8758912 9.396405 15.909091
 11.519383 10.310954 9.323166 0.90420014 0.895096 9.320976 12.5
 10.247199 9.582124 9.015672 0.94088453 0.9350969 9.613907 5.681818
 101.63514 81.652985 75.8319 0.92870945 0.80339324 9.37209 11.363636
 2.23829 0.59887105 0.20563039 0.3433634 0.26755738 2.5974426 13.157895
 1.4356996 0.47051004 0.07871664 0.16730066 0.3277218 1.1054232 19.23077
 8.702732 7.880301 7.1612415 0.90875226 0.9054973 8.961297 7.142857
 2.0553737 0.51405543 0.094006225 0.18287176 0.25010315 1.5724053 21.052631
 2.195464 0.51669574 0.08917433 0.17258579 0.23534693 1.9835496 19.736841
 11.256556 8.087566 7.035764 0.8699483 0.7184761 11.370986 10.227273
 41.56177 41.44674 38.430737 0.92723185 0.99723226 8.88052 8.333333
 18.429993 16.838959 15.343193 0.9111723 0.9136715 7.194498 16.666666
 118.46269 113.57703 104.76099 0.92237836 0.95875776 7.2653484 0.0
 86.83016 81.52602 75.59241 0.9272182 0.9389135 6.911371 4.4117646
 10.19318 7.9994345 6.926152 0.86583024 0.784783 6.5635653 9.375
 17.11622 15.975385 14.658532 0.9175699 0.93334764 5.9973135 14.0625
 97.09549 86.58208 78.825485 0.91041344 0.8917209 6.2388425 10.9375
 21.723007 18.581806 16.859888 0.90733314 0.85539746 5.5845714 11.666667
 100.99813 97.38764 85.58325 0.87878966 0.96425194 5.0936446 10.714286
 108.140114 104.639534 91.12523 0.87084895 0.9676292 3.9001796 2.0833333
 1.0 31.46278 28.368334 25.976429 0.915684 0.9016474 233.73158 12.8693495 115.0
