 134.49956 129.25165 122.76261 0.94979525 0.96098197 8.931913 1.1363636
 123.20291 119.10222 112.6342 0.9456936 0.9667159 9.026343 0.0
 135.918 130.70749 123.84307 0.9474826 0.9616644 8.98376 1.1363636
 1.0799322 0.39416265 0.14286187 0.36244395 0.36498836 2.6283069 25.0
 127.53644 121.700264 112.604195 0.9252584 0.9542392 8.874801 2.2727273
 14.146014 13.338703 12.346413 0.9256082 0.94293016 9.671376 9.090909
 122.96402 117.948296 111.58426 0.94604385 0.9592098 8.957269 3.409091
 1.2834289 0.33236933 0.118953824 0.3578965 0.2589698 3.3493972 22.058823
 14.66502 13.62532 12.863604 0.94409555 0.92910343 9.095112 10.227273
 143.96544 138.31381 130.8763 0.9462273 0.9607431 8.975704 0.0
 84.40327 79.887474 75.00645 0.9389013 0.9464974 9.0681715 2.2727273
 10.208933 8.184619 6.9953623 0.85469615 0.8017115 7.4321547 11.764706
 121.05817 115.30429 106.28066 0.9217408 0.9524701 8.898411 1.1363636
 100.52995 96.54988 91.181244 0.9443951 0.9604091 9.056156 1.1363636
 13.359608 13.137878 12.632789 0.96155465 0.98340297 9.1529255 0.0
 133.26938 129.52762 122.52054 0.94590276 0.9719234 8.863679 0.0
 63.715343 60.652225 57.50986 0.94819045 0.951925 8.786712 12.5
 14.292426 13.562672 12.778616 0.9421902 0.9489412 9.097747 10.227273
 76.31524 69.058044 65.12342 0.94302434 0.9049051 8.986974 15.909091
 116.99952 106.974335 95.39376 0.8917444 0.9143143 3.8389385 12.5
 1.8135986 0.49500012 0.13306718 0.26882252 0.27293807 1.9960405 17.105263
 15.916162 15.03387 14.256109 0.9482661 0.9445663 9.012424 1.1363636
 11.243376 10.594868 9.898961 0.93431664 0.9423209 8.891129 6.818182
 125.63361 119.554016 109.9285 0.9194881 0.95160854 8.850432 2.2727273
 105.53983 100.54787 95.107796 0.9458958 0.9527007 8.99732 12.5
 114.257675 110.00637 103.61135 0.9418668 0.962792 9.098664 0.0
 14.058787 12.828266 11.9589205 0.932232 0.91247314 9.16715 5.681818
 134.30481 128.69078 121.748505 0.94605464 0.95819926 8.975614 1.1363636
 128.49135 122.045616 114.82063 0.94080096 0.9498353 8.859229 7.9545455
 14.13165 13.263453 12.567486 0.94752747 0.93856364 9.182139 2.2727273
 14.3322935 13.777217 11.309664 0.8208961 0.9612709 9.650203 11.363636
 16.475426 15.705546 13.840267 0.8812343 0.9532711 3.8362744 4.1666665
 13.1251955 11.556122 10.819928 0.936294 0.8804533 8.752469 5.952381
 105.93278 101.21612 95.67888 0.9452929 0.955475 8.953458 1.1363636
 122.24888 118.94519 113.041916 0.95036983 0.97297573 8.633496 1.1904762
 12.076206 9.641258 8.893515 0.92244333 0.7983681 8.335289 13.095238
 63.041843 45.423782 42.5391 0.93649405 0.7205339 8.692928 14.285714
 100.06619 94.60494 87.239105 0.9221411 0.9454236 8.479307 0.0
 137.45532 139.59377 132.78328 0.9512121 1.0155574 8.178378 1.25
 105.69581 106.4479 98.266075 0.9231378 1.0071156 6.1692395 1.5625
 128.50565 132.85669 120.07218 0.9037722 1.0338589 4.6887074 1.9230769
 125.34873 124.849304 110.74835 0.8870562 0.9960157 4.503316 9.615385
 1.0 75.31209 72.02932 67.249115 0.9336353 0.95641106 591.3561 6.2904167 42.0
