 7.9387183 7.457055 6.933243 0.92975616 0.9393273 9.594853 10.227273
 9.016781 7.4341235 6.872343 0.92443216 0.8244764 9.303574 14.772727
 3.1756153 0.86734825 0.20494343 0.23628736 0.27312762 2.4516013 17.045454
 76.566895 78.44803 74.6881 0.9520712 1.0245684 9.174602 1.1363636
 113.24269 115.632095 110.066124 0.95186484 1.0210998 9.092937 1.1363636
 8.98864 8.5026455 8.03677 0.94520813 0.9459324 8.043738 18.75
 126.94299 130.31836 123.93037 0.9509817 1.0265895 9.101015 1.1363636
 9.536098 7.3163033 6.9076457 0.94414425 0.7672219 8.549675 18.181818
 7.6758575 6.548959 6.0981107 0.93115723 0.85318923 8.878033 11.363636
 112.66693 115.94145 110.419586 0.9523737 1.0290637 9.101627 1.1363636
 18.18026 19.454847 9.715365 0.49938017 1.0701084 4.7010865 4.5454545
 124.765526 122.79422 113.884605 0.92744267 0.98419994 8.976828 2.2727273
 122.54 125.348076 119.30669 0.9518031 1.0229156 9.1258 1.1363636
 7.823312 5.191383 4.647977 0.89532536 0.6635787 7.987064 13.636364
 124.94314 128.15948 122.09237 0.9526596 1.0257425 9.13061 1.1363636
 1.997186 0.55684346 0.21474262 0.38564268 0.27881402 2.726996 17.045454
 127.23977 133.699 126.59236 0.9468459 1.0507643 8.108169 1.25
 2.8735375 2.6606667 2.4888992 0.9354419 0.9259203 8.418808 17.5
 132.56113 133.03041 121.8899 0.91625595 1.00354 6.0312085 1.5625
 133.36719 145.8319 129.41188 0.88740444 1.0934616 4.320858 0.0
 123.92006 134.717 119.42672 0.8865008 1.0871283 4.3113546 2.0833333
 125.06795 136.02531 120.87645 0.88863206 1.0876112 4.323829 0.0
 119.14526 129.49367 114.800446 0.8865333 1.0868553 4.2985196 2.0833333
 118.373695 129.24376 115.31067 0.8921953 1.0918283 4.355319 2.0833333
 128.0632 139.16481 123.58868 0.88807416 1.0866885 4.337135 2.0833333
 126.15744 136.56076 120.66143 0.88357323 1.082463 4.319673 2.0833333
 124.090576 134.58438 119.82854 0.8903599 1.0845656 4.3391247 2.0833333
 133.25249 145.53804 129.41078 0.88918877 1.0921975 4.3230295 2.0833333
 129.66553 141.62436 125.445595 0.8857628 1.0922284 4.330755 2.0833333
 1.0 82.750984 86.97053 79.09487 0.9094446 1.0509909 542.8467 5.9185605 29.0
