 76.952965 37.38241 31.520695 0.843196 0.48578253 8.499126 14.772727
 16.694918 13.609873 10.6847515 0.7850736 0.8152105 7.962213 12.5
 98.1098 96.23257 89.35876 0.9285708 0.980866 9.3661375 0.0
 20.58414 12.281686 4.5937934 0.37403607 0.59665763 3.7770636 17.045454
 22.94828 24.183544 16.197893 0.6697899 1.0538282 8.252258 9.090909
 133.49341 110.78575 62.460964 0.5637996 0.8298968 3.8950996 4.7619047
 32.76226 29.550104 27.636505 0.93524224 0.90195566 9.445319 5.681818
 23.174751 20.96468 18.969011 0.90480804 0.90463454 9.527151 9.090909
 45.43135 43.745285 38.991474 0.8913298 0.9628876 3.8827043 4.1666665
 82.41986 76.74745 71.21303 0.92788786 0.93117666 9.447059 2.2727273
 13.961834 9.843865 7.4192114 0.7536889 0.70505536 6.221714 11.363636
 42.940586 31.28447 26.968 0.8620252 0.72855246 8.3446865 6.818182
 93.44507 83.60546 76.65368 0.91685015 0.89470166 9.733936 13.636364
 21.310015 17.51775 13.971389 0.7975561 0.82204306 10.626719 7.9545455
 17.64788 10.7627945 9.546101 0.88695365 0.6098633 3.2148879 10.416667
 92.25595 89.66645 83.95218 0.9362719 0.97193134 9.757384 3.409091
 35.88229 31.811779 29.092232 0.9145113 0.8865593 9.54942 3.409091
 11.989631 9.828682 6.0180926 0.612299 0.8197652 8.274419 13.636364
 20.91696 16.039808 14.325272 0.8931074 0.76683265 9.739216 12.5
 18.490047 13.414103 9.612473 0.7165945 0.7254769 6.5670834 10.227273
 65.458916 62.85677 55.3685 0.8808677 0.96024764 4.312064 10.416667
 17.856636 16.990091 14.907301 0.8774115 0.9514721 4.5603833 8.333333
 98.2137 92.18588 85.48615 0.9273237 0.93862545 8.644035 6.25
 51.523247 40.530796 35.81863 0.8837386 0.78665066 8.972106 10.714286
 20.526123 18.548119 17.36688 0.93631494 0.9036348 7.5094547 12.5
 77.57835 57.965797 50.37967 0.8691275 0.7471905 6.95319 9.722222
 49.15909 40.194763 34.516945 0.8587423 0.8176467 6.5831842 5.882353
 11.595792 9.117297 8.438732 0.9255739 0.7862591 5.5981436 10.294118
 18.90436 14.980806 13.755214 0.9181891 0.7924525 5.394662 12.5
 109.767586 105.521416 97.01019 0.91934127 0.96131676 4.8405113 0.0
 19.487858 9.577104 8.185007 0.8546433 0.49143952 5.803339 7.142857
 113.22266 109.71714 101.024574 0.9207729 0.9690387 4.8688645 0.0
 106.76312 103.74314 95.957855 0.92495614 0.97171324 4.7633824 1.7857143
 85.816895 80.700294 72.962975 0.90412277 0.9403777 4.899626 1.7857143
 110.11727 102.20659 93.62342 0.9160214 0.92816126 4.8443823 7.142857
 64.30146 66.01952 61.06333 0.92492837 1.0267189 4.754481 0.0
 108.58196 103.94129 94.75974 0.91166604 0.95726115 4.983518 1.7857143
 110.7923 105.903114 97.92448 0.924661 0.95587075 4.8321147 1.7857143
 101.42486 93.44079 84.739555 0.9068798 0.9212809 4.8468785 3.5714285
 91.33462 81.838455 74.847206 0.9145726 0.8960288 4.810451 12.5
 105.16617 99.62403 91.28178 0.91626257 0.9473012 4.7995725 14.285714
 118.11194 110.66803 100.841896 0.9112107 0.93697584 4.8559203 1.7857143
 97.70662 91.04396 83.08492 0.9125802 0.93180954 4.9052057 8.928572
 99.92204 77.50549 71.24627 0.9192415 0.7756597 4.7519054 8.928572
 119.52074 115.35952 106.077194 0.9195357 0.9651841 4.8568177 3.5714285
 113.63713 113.058815 103.444756 0.91496414 0.99491084 4.81022 3.5714285
 104.77858 102.50842 93.86387 0.9156698 0.9783338 4.864098 0.0
 117.268005 115.67778 105.6405 0.9132307 0.9864394 4.978085 12.5
 109.08468 103.7228 95.17029 0.91754454 0.9508467 5.0226607 10.714286
 110.61412 105.46578 96.552795 0.9154893 0.95345676 4.8605123 1.7857143
 94.85694 87.76703 81.93135 0.9335094 0.9252568 4.6752186 5.357143
 93.45306 95.616905 90.06435 0.9419291 1.0231545 4.767219 1.7857143
 116.55833 110.617355 101.88058 0.921018 0.94903004 4.879692 1.7857143
 115.476746 108.1124 98.45455 0.9106685 0.93622655 4.881229 8.928572
 114.54278 110.421425 100.833244 0.9131674 0.9640191 4.8583207 3.5714285
 121.12532 117.580414 107.50487 0.9143093 0.9707336 4.870221 1.7857143
 101.88376 95.75799 86.99897 0.90852964 0.93987495 4.8854475 1.7857143
 114.34879 109.0616 96.79894 0.8875621 0.95376253 4.6444726 3.5714285
 88.65835 81.084755 74.65014 0.9206433 0.9145756 4.732761 7.142857
 113.56582 107.338684 98.28581 0.91566074 0.9451671 4.8791356 1.7857143
 92.12381 84.09015 75.91152 0.9027397 0.912795 4.916068 1.7857143
 113.50569 107.65798 98.74326 0.91719407 0.94848096 4.8631506 7.142857
 117.714355 112.08784 101.76956 0.90794474 0.95220196 4.8870125 1.7857143
 116.985 110.04593 97.946175 0.8900482 0.9406841 4.765959 3.5714285
 106.4293 98.42819 88.56288 0.8997715 0.92482233 3.7721877 2.0833333
 110.98365 108.74629 100.05896 0.9201138 0.9798406 4.837173 5.357143
 116.336136 108.72354 99.512245 0.91527784 0.93456376 4.8577085 5.357143
 111.160416 104.69457 95.096756 0.90832555 0.94183326 4.8198833 1.7857143
 111.41038 104.663704 95.51311 0.91257143 0.939443 4.895387 8.928572
 95.085884 92.40647 84.8679 0.9184195 0.97182107 4.7317896 1.7857143
 97.833626 93.567215 85.89653 0.91801953 0.95639116 4.9434657 1.7857143
 103.46169 89.579636 81.6773 0.91178423 0.86582416 4.7069807 10.714286
 113.31262 108.63968 99.59338 0.9167312 0.9587606 4.853611 1.7857143
 109.194954 101.25399 92.79715 0.91647893 0.9272772 4.84699 7.142857
 108.60326 105.36528 96.43632 0.9152571 0.9701853 4.828501 3.5714285
 87.45313 81.56524 74.391655 0.91205096 0.93267375 4.861951 8.928572
 95.171745 93.2594 85.05547 0.9120311 0.97990644 5.011775 1.7857143
 99.170906 92.04149 83.51823 0.9073976 0.92810977 4.8832154 10.714286
 105.97426 101.230446 91.86146 0.90744895 0.95523614 4.9040093 0.0
 107.68728 104.58007 96.56633 0.9233722 0.97114605 4.94387 1.7857143
 117.460045 110.23176 101.84184 0.9238884 0.9384618 4.68542 1.7857143
 104.35376 99.63605 91.52475 0.9185907 0.9547912 4.8827486 3.5714285
 113.25096 106.131256 96.3105 0.907466 0.9371334 4.92604 0.0
 104.5717 101.057396 92.857544 0.9188595 0.9663933 4.8544383 0.0
 117.24514 110.40142 100.43267 0.9097045 0.941629 4.80484 5.357143
 115.34914 101.76177 91.626785 0.9004048 0.8822066 3.776175 10.416667
 109.11317 104.68171 94.47617 0.9025089 0.9593866 4.4652953 7.6923075
 103.413635 102.704185 92.40079 0.8996789 0.9931397 3.965087 8.333333
 116.180405 114.006584 103.4417 0.907331 0.98128927 3.9905198 6.25
 1.0 85.895 79.84798 72.164246 0.9037705 0.9295999 418.17746 5.9735165 89.0
