 120.18813 126.31557 120.51003 0.9540394 1.050982 8.374645 5.681818
 7.566161 6.3076587 6.035024 0.9567773 0.8336669 8.195502 13.636364
 7.212437 6.6730504 6.335908 0.949477 0.92521435 8.367886 5.952381
 42.488056 28.551334 21.593464 0.75630313 0.6719849 12.226695 17.045454
 2.417194 1.392811 0.8956694 0.64306605 0.57620984 6.912774 17.105263
 74.32248 36.021633 31.416727 0.87216276 0.4846667 7.82417 18.181818
 2.3435705 0.95223886 0.59910864 0.6291579 0.4063197 6.8090262 20.0
 139.24887 147.89554 141.34953 0.955739 1.062095 8.46303 1.1363636
 9.316177 8.661058 7.7489343 0.89468676 0.9296794 8.583706 11.363636
 10.045789 10.697594 10.153409 0.94913024 1.0648834 7.835475 13.095238
 3.6326663 0.7378292 0.22063716 0.29903555 0.20310955 3.6041307 15.909091
 123.2303 125.481636 119.51673 0.9524639 1.0182693 8.485135 1.1363636
 115.38643 119.926704 114.4564 0.95438623 1.0393485 8.4097805 1.1363636
 7.161716 6.7173033 6.308372 0.9391227 0.9379461 7.444363 10.0
 127.75096 127.80497 121.21073 0.9484039 1.0004228 8.281068 0.0
 123.00795 129.62448 123.4233 0.95216036 1.0537895 8.341518 5.681818
 128.03421 132.25555 120.93232 0.91438365 1.0329704 6.723298 5.263158
 102.097855 99.868904 94.94537 0.95070004 0.9781685 8.288142 10.227273
 24.846436 22.899626 20.6656 0.9024427 0.9216463 5.927275 10.227273
 131.49199 111.88098 105.18641 0.94016343 0.8508578 8.259699 12.5
 10.069978 9.22916 8.147626 0.88281333 0.91650254 4.313386 10.714286
 6.038736 3.5117135 3.0166502 0.8590251 0.5815312 5.1589327 17.045454
 64.74917 58.57602 54.559853 0.93143666 0.90466064 9.243707 5.681818
 20.340843 18.254068 11.2640505 0.6170707 0.89740956 6.5128818 9.090909
 2.7274806 0.5875175 0.08994691 0.15309656 0.21540666 1.5148379 19.047619
 94.52767 96.79976 92.31696 0.95369 1.0240363 8.3712635 3.409091
 122.26721 126.035324 119.06705 0.94471174 1.0308187 6.8848004 1.3157895
 9.55202 8.302151 7.8254924 0.9425861 0.86915135 8.704542 11.363636
 11.542529 11.171556 10.534233 0.9429513 0.96786034 8.636944 9.090909
 105.45329 97.595604 91.52409 0.93778914 0.9254865 8.491134 11.363636
 64.13986 33.11278 28.525309 0.86145914 0.516259 7.0354056 10.227273
 5.2430096 4.251124 3.9111366 0.9200241 0.81081754 7.7647166 12.5
 127.80371 135.89734 126.37207 0.9299083 1.0633286 5.18475 1.6666666
 11.780137 12.599807 12.072091 0.95811725 1.0695806 9.018144 9.090909
 5.1634517 3.4808378 3.0243037 0.8688436 0.67413 7.119209 14.772727
 76.98488 77.91593 74.0611 0.9505257 1.012094 8.471541 7.9545455
 1.9156853 0.4035239 0.047307916 0.117236964 0.21064207 1.1075064 17.045454
 3.3319137 1.5537654 0.7369389 0.47429225 0.46632823 5.104332 17.045454
 104.122086 88.833725 84.13173 0.9470697 0.8531689 8.38886 14.772727
 9.815375 9.585807 9.155951 0.95515704 0.9766114 8.19929 17.045454
 107.976555 109.70526 100.10756 0.9125138 1.0160099 5.2536635 1.6666666
 70.43277 53.65458 48.67457 0.9071839 0.76178426 5.144261 16.666666
 10.113091 7.97939 4.7872477 0.59995157 0.7890159 6.2414823 14.772727
 103.97992 109.70095 104.62919 0.9537674 1.0550206 8.462292 0.0
 113.76251 119.80187 113.65337 0.9486778 1.0530875 8.44961 2.2727273
 118.34802 125.133446 118.93013 0.9504264 1.0573345 8.445477 1.1363636
 111.82457 118.47835 112.9928 0.9537 1.0595019 8.406453 1.1363636
 7.5056286 8.285409 8.012649 0.96707934 1.1038928 7.703447 7.9545455
 11.618716 11.558971 10.510455 0.90928984 0.9948579 8.579519 7.9545455
 131.29529 138.55302 128.76134 0.9293289 1.055278 8.115586 5.681818
 9.679305 9.639546 9.196724 0.954062 0.9958924 7.8379545 6.818182
 9.397469 9.16291 8.59509 0.9380305 0.9750403 8.663029 14.772727
 1.5699438 0.43996838 0.1620336 0.36828467 0.28024465 4.7590103 23.4375
 120.69068 127.393234 121.38703 0.952853 1.055535 8.330343 1.1363636
 2.8599203 0.7053842 0.13011292 0.18445681 0.24664472 1.3752294 18.181818
 112.01278 119.020706 113.55532 0.9540804 1.0625635 8.450015 1.1363636
 9.567854 8.289669 7.6293535 0.9203447 0.86640847 9.630029 10.227273
 68.99882 70.98504 67.26017 0.9475261 1.0287863 8.481099 10.227273
 130.54791 108.1107 100.68311 0.9312964 0.8281304 8.302334 13.636364
 137.28127 145.11371 132.16812 0.91078997 1.057054 8.195027 1.1363636
 114.05545 119.18384 113.49861 0.95229864 1.044964 8.416387 5.681818
 140.7793 148.48764 141.73337 0.95451283 1.0547549 8.452602 1.1363636
 92.845184 84.904175 80.48122 0.94790643 0.91447043 8.30912 12.5
 7.495912 2.8558972 2.1060526 0.73743993 0.38099396 8.117854 17.045454
 131.34077 137.66931 123.77098 0.89904547 1.0481842 8.352847 1.1363636
 5.424291 1.0036678 0.26683554 0.2658604 0.18503207 2.266992 19.318182
 84.55247 53.37789 48.76665 0.9136114 0.6312991 6.087081 12.5
 120.6985 123.337555 116.54747 0.9449472 1.0218649 8.606797 9.090909
 102.398796 106.58852 101.377754 0.9511133 1.0409157 8.482066 1.1363636
 111.165596 104.84358 99.507545 0.9491048 0.9431297 8.372353 11.363636
 9.653535 9.087155 8.183522 0.90055925 0.94132936 6.9174056 8.333333
 4.256725 1.0473664 0.29360974 0.28033146 0.24604982 3.0601745 15.909091
 3.8369856 0.78976506 0.33898446 0.42922193 0.20582956 3.4044147 18.181818
 1.9044746 0.4832292 0.08184378 0.16936843 0.2537336 1.1091937 20.238094
 2.8669803 1.3527449 0.3815924 0.28208748 0.47183612 1.7837714 14.583333
 97.98055 41.010498 36.0205 0.878324 0.41855752 7.819144 18.181818
 112.80022 118.01688 112.56145 0.95377415 1.0462469 8.458569 0.0
 126.25868 133.24586 127.20758 0.9546832 1.0553402 8.42738 5.681818
 2.5834916 0.9127331 0.3075836 0.33699185 0.35329437 3.488628 17.045454
 10.991074 10.573197 8.221816 0.7776093 0.9619804 9.80993 6.818182
 10.170934 9.763886 8.896628 0.911177 0.9599793 6.3387194 6.25
 109.66361 114.870415 103.75478 0.9032333 1.0474797 4.5823684 5.357143
 81.609795 81.30779 77.66033 0.9551401 0.9962994 6.7526193 2.7777777
 119.71047 124.685425 117.01513 0.9384828 1.0415583 6.6658587 0.0
 132.86353 142.56255 132.59251 0.9300655 1.073 6.3948097 2.9411764
 142.00569 161.29239 145.31416 0.9009363 1.1358165 4.5502124 1.9230769
 115.500404 105.75265 93.031136 0.879705 0.9156042 4.655658 11.538462
 135.33917 150.49188 133.83221 0.8892985 1.1119611 4.1054907 2.0833333
 1.0 64.54061 62.94971 58.630295 0.931383 0.9753504 478.28558 9.366246 88.0
