 11.958 8.088072 6.794338 0.84004426 0.6763733 7.7558804 7.9545455
 105.75596 99.094376 93.75822 0.9461507 0.9370099 8.832141 0.0
 123.57643 114.12278 108.067245 0.94693846 0.9234996 8.935531 1.1363636
 13.880793 11.103175 10.327119 0.93010503 0.79989487 9.2967825 11.363636
 100.56091 92.79589 82.72418 0.8914639 0.9227829 4.4896574 7.6923075
 111.66713 100.22808 92.60975 0.92399 0.8975612 6.281468 0.0
 112.09378 104.30987 98.37186 0.94307333 0.930559 8.89202 3.409091
 119.67668 112.78419 106.48857 0.94417995 0.94240737 8.281282 1.1904762
 7.980386 6.4630837 6.0635805 0.93818694 0.8098711 8.5457325 13.636364
 117.15251 110.13308 104.14393 0.94561905 0.9400829 8.915411 1.1363636
 3.7408104 1.067273 0.16773494 0.15716216 0.2853053 1.4407661 17.045454
 10.461253 8.645985 8.267801 0.9562591 0.826477 8.302232 7.9545455
 120.148026 109.51924 103.58082 0.94577736 0.9115359 9.007861 1.1363636
 6.486908 5.12322 4.80469 0.9378262 0.7897784 9.229333 13.636364
 118.97424 110.0969 103.85728 0.9433261 0.92538434 8.929323 0.0
 99.59586 92.43322 87.51129 0.94675153 0.92808294 8.901804 1.1363636
 6.882255 4.4138317 3.811448 0.8635237 0.64133507 7.993695 14.772727
 120.11764 113.01058 103.099236 0.9122972 0.94083256 5.465851 1.6666666
 12.960957 12.10618 9.33278 0.7709104 0.93404984 10.404129 5.681818
 11.173408 10.860961 9.735924 0.8964146 0.97203654 10.087061 9.090909
 121.331764 110.15328 100.249275 0.9100889 0.90786844 5.4791327 1.6666666
 2.4245448 0.9144103 0.43867612 0.47973666 0.3771472 4.9945498 17.857143
 13.576783 11.737911 9.4915695 0.80862504 0.8645576 4.902953 5.681818
 101.86113 98.23284 93.06364 0.9473781 0.9643801 9.046886 1.1363636
 106.505035 97.05601 91.096954 0.9386019 0.91128093 9.00328 5.681818
 118.115135 110.35486 104.424416 0.9462602 0.93429905 8.855023 1.1363636
 91.493355 85.54893 80.94616 0.94619733 0.93502885 8.801279 7.9545455
 114.877426 109.10301 103.557274 0.9491697 0.94973415 8.762767 0.0
 126.654686 115.429184 105.117744 0.9106687 0.9113692 5.52284 1.6666666
 95.5759 88.908714 83.85443 0.943152 0.93024194 8.334665 1.1904762
 110.279686 102.693954 96.79049 0.942514 0.93121374 8.888412 1.1363636
 119.772545 111.233925 105.268295 0.94636863 0.9287097 8.889961 14.772727
 104.416855 97.60817 91.68938 0.9393617 0.9347933 8.884658 5.681818
 104.31966 97.950356 92.66117 0.94600135 0.93894446 8.812942 2.2727273
 7.1327934 6.113343 5.390484 0.88175714 0.8570755 9.307169 11.363636
 117.43019 109.21979 102.887634 0.94202375 0.93008274 8.907524 2.2727273
 2.1706784 0.5241878 0.13122003 0.25033018 0.24148573 2.0859823 18.181818
 8.724867 6.256863 5.5979333 0.8946869 0.7171299 5.1559606 14.285714
 108.629196 100.7208 95.37555 0.94693 0.92719823 8.770578 1.1363636
 115.35588 108.48352 102.486145 0.9447163 0.94042474 8.959316 3.409091
 98.65343 91.36086 86.105774 0.94247985 0.926079 8.796849 5.681818
 1.9242399 0.8194374 0.406022 0.49548876 0.4258499 4.9569745 23.214285
 91.07285 86.47873 81.35374 0.94073695 0.9495556 8.809825 0.0
 106.01876 99.28056 93.79962 0.9447934 0.9364434 8.818815 1.1363636
 134.44191 122.468475 108.44233 0.88547134 0.9109397 3.9960387 2.0833333
 96.33037 89.56013 83.170654 0.9286572 0.9297185 8.70164 9.090909
 127.23378 114.48055 106.129974 0.9270568 0.89976543 6.3985443 1.4705882
 124.68213 116.18977 109.91377 0.9459849 0.931888 8.835915 0.0
 96.91964 90.71788 85.90323 0.9469272 0.9360113 8.8559885 1.1363636
 9.525049 8.254828 7.831513 0.948719 0.86664414 9.117211 14.772727
 111.38975 101.99307 96.601456 0.9471374 0.9156415 8.847049 5.681818
 119.82373 109.43997 99.615456 0.91022915 0.91334134 5.490451 1.6666666
 9.596254 8.609171 8.243185 0.95748883 0.8971388 6.9223332 14.772727
 116.31079 105.93592 96.41144 0.9100921 0.91080046 5.468104 1.6666666
 106.71689 98.54755 93.34351 0.9471927 0.92344844 8.735824 11.363636
 128.0608 116.44583 106.47928 0.91441035 0.90930116 5.3975863 0.0
 109.90108 102.16927 95.46047 0.93433636 0.9296476 9.547204 5.681818
 95.86183 87.22514 80.99678 0.92859435 0.90990484 6.312928 4.4117646
 104.52611 99.44657 93.05323 0.9357108 0.9514041 7.6750393 5.0
 3.8761373 2.4843652 1.927681 0.7759249 0.64093846 8.287553 12.5
 2.8363407 0.7696539 0.115855455 0.15052928 0.27135456 1.2515416 16.25
 3.0597165 0.6736996 0.1811534 0.26889342 0.22018367 2.481402 18.181818
 101.15914 94.8756 89.46541 0.94297594 0.9378846 8.371939 1.1904762
 124.01975 113.760254 103.5465 0.91021687 0.91727525 5.498013 0.0
 109.245094 99.90866 90.31494 0.9039751 0.91453683 4.9893236 1.7857143
 4.867528 1.0783252 0.26763925 0.24819902 0.22153446 2.3681357 19.047619
 2.9206898 0.8079731 0.16593423 0.20537099 0.27663776 1.5111377 11.363636
 2.715939 0.6027159 0.12372883 0.20528547 0.22191806 1.9236252 18.181818
 6.1925383 1.3102822 0.4692902 0.35815963 0.21159048 2.520923 14.772727
 31.546041 25.152798 22.418415 0.8912891 0.7973361 5.830641 5.0
 99.43535 92.42201 87.01682 0.9415162 0.92946833 8.801974 1.1363636
 98.40658 93.27242 87.88367 0.9422256 0.94782716 8.317914 1.1904762
 111.77015 99.033966 89.29548 0.9016652 0.88605016 4.884908 3.5714285
 112.19313 105.98805 99.00601 0.9341243 0.9446929 7.8907456 0.0
 94.73118 92.4939 86.85945 0.93908304 0.97638285 7.2878094 1.3157895
 107.621574 109.37046 103.57028 0.9469676 1.0162504 7.3879166 1.3157895
 10.788455 10.837686 10.063725 0.92858624 1.0045632 5.7449064 7.8125
 92.955345 94.73088 87.43976 0.92303324 1.0191009 5.9213014 6.25
 103.05267 104.75973 97.14572 0.92731935 1.0165648 6.0361943 1.5625
 103.50145 106.13976 99.0009 0.932741 1.0254906 6.0967016 1.5625
 10.513757 10.510429 9.633858 0.91659987 0.99968356 5.323335 10.0
 114.39483 117.034485 106.37384 0.9089102 1.023075 5.0677323 0.0
 1.0 76.418106 71.001045 66.09248 0.93086636 0.92911285 538.57056 6.1091204 82.0
