 3.9295006 0.8260451 0.10761215 0.13027394 0.21021631 1.4342009 17.857143
 99.77793 80.04045 74.187675 0.9268773 0.80218595 8.563109 5.681818
 15.701339 12.401251 10.772559 0.86866707 0.78982127 5.1245027 12.5
 105.29055 83.280525 77.10959 0.9259018 0.7909592 8.424335 11.363636
 9.523648 7.8366246 7.2558017 0.92588353 0.82285947 8.188398 10.227273
 2.103782 0.5715853 0.10595875 0.18537697 0.27169418 2.0765996 18.75
 10.733768 8.981845 8.443434 0.9400556 0.8367839 8.085311 14.772727
 93.35182 69.98659 64.32873 0.9191579 0.74970776 8.396334 17.045454
 99.88811 60.83762 54.94552 0.9031504 0.60905766 8.219605 17.045454
 3.2550726 1.5395626 0.7368357 0.47860065 0.47297338 5.625006 17.045454
 80.67076 65.94235 60.928394 0.9239645 0.81742567 8.430769 6.818182
 19.481836 15.563757 8.359499 0.53711313 0.7988855 5.2990403 12.5
 11.723598 10.058126 8.874861 0.88235724 0.8579385 9.227774 11.363636
 8.887104 7.9931607 7.498561 0.93812215 0.89941114 8.567359 10.227273
 92.239235 60.26421 54.60023 0.90601426 0.6533468 8.190207 12.5
 99.44982 62.39149 56.966923 0.91305596 0.62736654 8.284985 12.5
 96.121994 85.35005 79.18688 0.9277895 0.8879347 8.424008 6.818182
 98.64136 73.40579 67.29206 0.91671324 0.7441685 8.394232 13.636364
 6.4884586 5.2530656 4.75863 0.9058767 0.8096015 8.471822 11.363636
 55.82918 46.541256 43.063908 0.9252846 0.8336367 8.735347 15.909091
 13.01285 9.543301 8.46537 0.8870485 0.73337513 9.538999 12.5
 7.241426 6.160525 5.730604 0.93021363 0.85073364 8.295408 17.045454
 85.221725 65.02448 61.76928 0.9499388 0.76300365 8.080014 13.636364
 23.402008 21.574749 21.156694 0.98062295 0.9219187 3.6415858 15.909091
 109.22513 78.068016 72.2842 0.92591316 0.7147441 7.6081934 12.5
 94.960045 76.07875 70.30765 0.9241431 0.80116594 8.5311365 14.772727
 12.792575 9.806875 9.023776 0.920148 0.7666068 8.319809 9.090909
 96.75546 74.42491 69.155426 0.92919725 0.76920635 8.350007 13.636364
 5.481 4.0133123 3.6664124 0.91356266 0.7322227 8.047622 11.363636
 80.974525 54.2533 50.207645 0.92543024 0.67000455 7.8608556 10.227273
 7.0142937 5.522123 4.923827 0.89165473 0.7872672 8.253655 13.636364
 7.8429937 5.310243 4.8039484 0.904657 0.67706835 7.5874853 16.25
 8.014119 5.734436 5.2460814 0.91483825 0.7155416 8.745551 9.090909
 5.808576 4.223413 3.838436 0.9088469 0.72709954 7.998741 17.045454
 2.3057904 0.66904634 0.27427986 0.40995646 0.29015923 4.7992396 20.454546
 58.24949 49.796204 46.37312 0.93125814 0.85487795 8.113583 10.227273
 2.1592367 0.8635241 0.17538635 0.20310535 0.399921 1.2723916 18.75
 96.08551 63.021233 58.409214 0.926818 0.65588695 8.454446 17.045454
 11.115838 9.86843 9.301389 0.9425398 0.887781 8.628713 9.090909
 99.41392 71.517136 65.56372 0.9167554 0.7193876 7.7828374 15.0
 40.59426 36.198574 33.073006 0.91365486 0.8917166 7.5401497 3.9473684
 1.4350859 0.39634642 0.06137144 0.15484291 0.27618307 1.2843914 19.117647
 105.27295 82.130394 74.94715 0.9125385 0.7801662 8.201017 11.363636
 6.9759154 4.681484 3.9948893 0.8533381 0.6710925 4.334616 14.285714
 13.839371 11.518142 10.699844 0.92895573 0.83227354 7.5426717 12.5
 47.94241 41.752663 38.29462 0.9171779 0.87089205 8.329199 1.25
 76.15818 51.22057 46.360657 0.9051179 0.672555 8.244366 11.363636
 51.211044 45.11681 42.573826 0.9436355 0.88099766 8.317296 5.681818
 4.883865 4.304396 3.8616807 0.897148 0.8813504 7.7881722 10.227273
 4.139398 0.8720707 0.21518259 0.24674901 0.21067575 2.3581488 20.454546
 79.405 71.95726 67.1373 0.93301636 0.90620565 8.497685 6.818182
 118.73401 92.35238 85.8349 0.92942816 0.777809 8.382822 17.045454
 2.5834749 0.70810175 0.2152367 0.30396295 0.27408886 3.479954 17.045454
 1.7913085 0.51831985 0.08469642 0.1634057 0.28935263 1.5798633 19.23077
 27.705069 11.45951 10.632465 0.92782897 0.41362506 8.743979 18.181818
 29.729395 25.953785 24.378328 0.9392976 0.8730008 8.55347 10.227273
 13.539816 9.714359 8.254606 0.84973246 0.7174661 7.0638614 13.636364
 33.17479 23.435211 21.451221 0.9153415 0.70641625 8.441459 13.636364
 2.2144587 0.5821791 0.1932412 0.33192736 0.26289907 4.5307665 17.307692
 92.117714 76.04417 70.18979 0.92301345 0.82551086 8.485913 15.909091
 91.12508 53.285675 46.778095 0.8778738 0.5847531 5.4037404 10.0
 29.602192 25.547369 22.225582 0.8699753 0.8630229 4.344516 5.769231
 46.808926 40.13665 33.959335 0.84609294 0.8574572 7.8700404 9.090909
 97.23133 73.97956 66.54841 0.89955133 0.7608613 7.3324385 15.789474
 92.63231 78.345795 73.12683 0.93338555 0.84577173 8.460429 2.2727273
 10.7681465 9.486504 8.792219 0.9268134 0.8809783 8.490642 6.818182
 3.5325499 1.021788 0.45845678 0.44868094 0.2892494 4.9133835 18.181818
 8.67479 6.993441 6.4418883 0.92113286 0.8061798 8.052896 11.842105
 81.7458 53.713287 49.05157 0.91321117 0.6570771 8.409799 11.363636
 91.46297 76.24563 65.68142 0.86144507 0.833623 4.461378 9.615385
 12.002439 8.817794 8.202157 0.9301824 0.7346668 8.367326 10.227273
 94.5057 77.1982 71.77696 0.92977506 0.8168629 8.446042 15.909091
 94.092354 79.87519 72.457634 0.9071356 0.84890205 6.932365 8.333333
 94.927574 79.50712 74.18787 0.9330971 0.8375555 8.454714 6.818182
 96.17066 62.40977 56.99429 0.913227 0.64894813 8.407589 14.772727
 8.322178 6.629771 6.1744094 0.9313156 0.79663897 7.980907 13.636364
 2.5087647 0.79500425 0.3186012 0.40075406 0.31689072 1.7849929 17.5
 93.73798 75.95505 70.186134 0.92404824 0.81029105 8.427947 6.818182
 56.005478 47.32056 43.59313 0.92123014 0.84492743 8.504273 7.9545455
 12.567516 8.91734 7.8914933 0.8849605 0.7095547 7.725176 11.842105
 13.714934 11.779351 10.82103 0.91864395 0.8588704 8.56345 9.090909
 1.5467875 0.42928308 0.07693457 0.1792164 0.27753204 1.6901945 19.736841
 93.22614 55.692963 50.98124 0.9153982 0.5973964 8.346952 10.227273
 1.8259983 0.44824976 0.15759951 0.3515886 0.24548203 4.0685916 22.368422
 2.338305 0.6375446 0.1122405 0.17605123 0.27265245 1.6868551 20.238094
 6.561967 5.154693 4.851102 0.9411039 0.78554094 8.760837 15.909091
 76.637184 67.784744 63.12346 0.931234 0.88448894 8.62273 1.1363636
 11.327279 8.4155035 5.9754944 0.7100579 0.7429413 7.3562365 11.25
 101.45463 77.4279 71.32863 0.9212264 0.76317763 7.1249557 13.157895
 12.825917 10.933938 10.126305 0.9261352 0.8524878 6.829629 11.111111
 60.808365 56.019672 51.971684 0.92773986 0.9212494 7.12966 0.0
 80.46713 62.330734 56.315845 0.90350044 0.7746111 6.9602847 13.157895
 103.619484 74.08812 67.52524 0.91141784 0.7150018 7.1891327 13.157895
 85.904305 73.60879 68.28519 0.92767704 0.8568697 6.540459 8.333333
 54.37006 49.332474 40.850037 0.82805574 0.9073463 5.815552 5.5555553
 66.9328 65.176155 60.342857 0.9258425 0.9737551 6.5391355 1.3888888
 54.29449 48.235462 40.70875 0.84395903 0.88840437 3.6578772 4.1666665
 10.4994755 7.49875 6.8457932 0.9129245 0.71420234 4.8006773 10.0
 98.51781 69.890335 62.312824 0.89158 0.7094183 4.0345607 11.538462
 100.6095 85.972725 77.78218 0.90473086 0.854519 3.6949544 6.25
 63.123676 60.291172 54.26986 0.90012944 0.9551277 3.6352613 10.416667
 89.87514 86.46054 78.020905 0.90238744 0.96200734 3.663941 2.0833333
 1.0 48.06391 37.345554 34.02241 0.9110163 0.77699786 277.82806 12.031942 102.0
