 4.060386 2.0516562 1.551384 0.7561618 0.505286 7.5271087 15.909091
 105.540016 102.52131 95.002716 0.9266631 0.9713975 8.857263 13.636364
 101.0311 101.86372 95.14192 0.9340118 1.0082413 9.0045 14.772727
 13.80583 13.474131 12.716788 0.9437929 0.97597396 8.654281 13.636364
 94.37252 97.987686 92.06674 0.93957454 1.0383074 8.80858 1.1363636
 13.359304 12.466026 11.918347 0.95606625 0.9331344 8.081352 13.636364
 101.156296 98.16155 86.84751 0.8847406 0.97039485 5.169827 5.357143
 97.66648 98.3589 91.63084 0.93159676 1.0070896 8.956721 1.1363636
 93.62665 75.15746 64.56191 0.8590219 0.80273587 4.49236 11.538462
 105.251434 101.927635 94.347046 0.9256277 0.9684204 9.010905 12.5
 103.53108 88.46033 82.352776 0.9309572 0.8544325 8.917072 17.045454
 93.261314 74.18942 68.495316 0.923249 0.7955005 9.005631 13.636364
 94.103035 95.118515 88.93052 0.93494433 1.0107912 8.892962 13.636364
 95.74403 93.28755 85.95429 0.92139083 0.97434324 6.861278 4.1666665
 101.28941 90.11768 83.53287 0.92693096 0.8897048 8.534407 13.636364
 100.972466 104.26474 97.82727 0.93825835 1.0326056 8.986956 1.1363636
 86.02087 84.71158 78.56279 0.9274151 0.98477936 8.804224 7.9545455
 79.817505 66.30111 61.6591 0.92998594 0.83065873 8.820284 13.636364
 10.67895 11.351059 10.735357 0.9457582 1.0629377 8.151979 6.818182
 77.619446 78.91968 73.7696 0.9347428 1.0167513 9.070235 1.1363636
 90.80951 78.29925 72.827 0.9301112 0.8622362 8.677348 13.636364
 105.109665 108.47527 101.44938 0.93523043 1.03202 8.96305 3.409091
 93.24332 98.41475 92.974365 0.94471985 1.0554616 9.03252 0.0
 85.41517 51.08644 46.512527 0.9104672 0.59809566 8.476049 18.181818
 1.8879704 0.40658227 0.086907275 0.21375078 0.21535414 2.8045635 14.473684
 81.04039 80.727264 75.45279 0.9346631 0.9961362 8.918032 3.409091
 75.66 60.87148 56.230087 0.92375094 0.80453974 8.899714 13.636364
 98.51556 97.451866 90.67148 0.9304232 0.98920286 9.008724 10.227273
 91.59194 81.683716 75.46062 0.92381465 0.89182216 8.821115 14.772727
 12.762842 10.3346195 9.508252 0.92003894 0.8097428 9.538526 9.090909
 98.992744 85.74164 80.17352 0.93505937 0.8661406 8.7409935 19.318182
 102.42262 101.95063 94.97523 0.9315806 0.9953917 9.063162 1.1363636
 118.63942 119.07913 111.43524 0.93580836 1.0037063 8.972328 3.409091
 12.326619 9.447135 8.784462 0.92985463 0.7664011 9.448045 14.772727
 98.69519 101.26149 95.025345 0.93841535 1.0260023 8.960917 1.1363636
 101.240746 104.28744 97.76806 0.9374864 1.0300936 8.911873 1.1363636
 97.85177 100.454865 94.04303 0.93617195 1.0266025 8.993969 7.9545455
 10.332008 9.861131 9.259577 0.93899745 0.95442545 7.931721 11.363636
 15.596413 14.770754 13.357384 0.90431297 0.94706094 8.892102 9.090909
 113.57014 116.26084 109.2075 0.9393317 1.023692 8.865601 0.0
 78.19002 78.681656 74.35777 0.9450459 1.0062877 8.727673 5.681818
 10.464712 9.447353 8.692745 0.9201249 0.902782 9.336517 17.045454
 78.804115 76.64325 71.25124 0.929648 0.9725793 8.925336 7.9545455
 90.65268 77.37751 71.81785 0.9281488 0.8535601 8.93689 9.090909
 98.235245 98.7258 92.42619 0.93619084 1.0049937 9.010569 3.409091
 102.580734 88.24512 81.52925 0.9238953 0.86025035 8.903828 17.045454
 87.39655 90.598465 84.785774 0.93584114 1.0366366 8.985177 1.1363636
 106.49762 72.06043 66.10866 0.9174058 0.6766389 8.755556 17.045454
 68.75549 58.97331 54.6258 0.9262801 0.857725 8.844169 13.636364
 112.89448 115.61168 100.36958 0.8681613 1.0240685 4.0453777 8.333333
 110.044655 111.5761 104.543915 0.93697405 1.0139166 8.939273 0.0
 102.573524 105.674255 99.14666 0.9382291 1.0302293 8.986914 7.9545455
 12.78283 10.591583 9.405337 0.888001 0.8285789 8.796952 13.636364
 92.03461 72.10194 66.21725 0.9183837 0.78342205 8.643062 13.636364
 13.528732 7.2732487 5.17821 0.7119528 0.53761494 8.743022 13.636364
 2.1883714 0.51374555 0.094162144 0.18328558 0.23476158 2.0502956 17.045454
 2.0821838 0.65893316 0.15414459 0.23393053 0.31646255 2.1520839 19.318182
 92.92634 92.10561 85.93351 0.9329889 0.99116796 8.951972 3.409091
 89.87719 91.26633 84.559166 0.92651004 1.015456 8.831607 6.818182
 104.95309 106.14148 99.05658 0.9332504 1.0113231 8.841016 0.0
 95.89847 96.07657 89.66632 0.9332798 1.0018572 8.995414 1.1363636
 79.24448 78.62709 73.273155 0.9319073 0.99220914 8.953391 4.5454545
 106.61376 102.852 94.1459 0.9153531 0.9647159 6.4275165 7.352941
 102.635796 97.04742 89.181305 0.91894567 0.94555134 8.936473 7.9545455
 99.70838 103.74573 97.37228 0.93856657 1.0404916 8.829874 0.0
 18.408808 16.703922 15.812631 0.9466418 0.9073875 5.4793844 6.5789475
 73.99106 65.26463 59.82306 0.9166229 0.88206106 8.797064 13.636364
 95.07511 79.44713 73.28467 0.92243314 0.8356249 8.788516 13.636364
 109.23488 111.523346 104.55702 0.93753487 1.02095 8.911527 1.1363636
 86.618805 78.325935 67.41187 0.8606584 0.90426016 4.072104 12.5
 109.25956 106.31292 97.9468 0.9213066 0.97303087 7.4355936 2.631579
 104.27235 88.5169 77.10315 0.87105566 0.848901 4.037787 12.5
 111.062225 88.055275 80.61532 0.9155081 0.7928463 8.768952 17.045454
 91.690506 88.43805 81.88207 0.9258692 0.9645279 8.90925 4.5454545
 64.647804 60.877266 56.462894 0.9274874 0.9416757 8.951162 7.9545455
 73.64841 73.45324 68.37259 0.93083143 0.9973501 8.835468 6.818182
 17.513884 14.926547 12.637803 0.8466662 0.85226935 6.5352197 17.045454
 8.476316 7.6353445 7.0448203 0.9226591 0.9007857 9.05854 13.636364
 20.03194 11.963667 10.832328 0.9054354 0.59722954 8.360749 15.909091
 89.74475 82.50384 77.231636 0.9360975 0.91931665 8.880233 15.909091
 92.31721 97.32377 84.65714 0.8698507 1.0542321 4.0448804 2.0833333
 81.46496 54.486023 50.518826 0.92718875 0.6688277 9.023966 15.909091
 12.205919 11.030587 9.897565 0.89728355 0.9037081 9.378662 11.363636
 102.00792 97.40895 92.03147 0.94479483 0.95491564 7.9811335 11.25
 11.436334 6.8194833 5.7608533 0.8447639 0.5962998 4.624239 9.615385
 101.40718 99.27001 93.24892 0.9393463 0.9789249 7.5317593 1.3157895
 95.37768 70.850624 65.24392 0.9208658 0.74284285 6.3389387 16.17647
 100.056725 99.56697 90.90991 0.9130529 0.9951052 4.9811487 7.142857
 12.611006 10.966661 9.61495 0.87674356 0.86961037 4.0316143 10.416667
 1.0 75.31166 70.62748 65.276436 0.92423564 0.93780273 581.8287 9.323561 89.0
