 113.46759 120.525665 114.134895 0.9469758 1.0622035 9.231298 0.0
 125.26801 131.88072 124.469086 0.9438004 1.0527885 9.136367 0.0
 122.21715 129.90584 122.48283 0.9428585 1.0629101 9.530805 0.0
 108.52319 116.34635 107.59515 0.92478323 1.0720874 9.364621 1.1363636
 117.44255 126.33062 119.96216 0.94958895 1.0756801 9.37459 3.409091
 39.191296 41.132496 39.19198 0.9528228 1.0495315 8.897124 0.0
 106.991264 115.996 107.527306 0.92699146 1.0841633 7.9735885 2.631579
 18.205292 16.02844 14.798719 0.9232788 0.88042754 8.577965 12.5
 102.14959 92.15277 86.982 0.9438892 0.9021355 8.910188 14.772727
 106.70651 111.7959 105.63675 0.9449072 1.0476952 9.297233 10.227273
 111.24656 121.48471 112.23343 0.9238482 1.0920311 5.1465917 7.142857
 107.393486 116.4607 110.22084 0.9464209 1.0844299 9.275956 6.818182
 19.222385 15.795169 14.949053 0.946432 0.821707 8.178647 13.636364
 119.10688 104.05458 97.69755 0.9389067 0.8736236 9.195438 9.090909
 4.7526293 1.5081894 0.37612608 0.24938914 0.31733793 2.0954542 14.772727
 112.68403 131.67654 118.12598 0.8970919 1.1685467 3.9778166 2.0833333
 10.989949 11.365547 10.792275 0.9495606 1.0341765 7.1638193 6.818182
 123.54136 131.85966 124.96206 0.94768983 1.0673321 9.22339 0.0
 15.931389 17.141193 16.37807 0.95548016 1.0759385 7.710178 4.5454545
 23.021917 22.036064 19.802635 0.89864665 0.95717764 8.762973 6.818182
 97.32402 104.7281 99.3124 0.948288 1.0760766 9.088852 1.1363636
 127.563484 133.93852 124.87409 0.93232393 1.0499755 9.067456 4.5454545
 103.4934 101.75596 96.44411 0.9477981 0.98321205 8.422477 8.333333
 20.8966 21.440615 20.287102 0.9461997 1.0260335 9.365647 14.772727
 55.69224 51.50111 48.690704 0.9454302 0.9247448 9.014052 12.5
 112.71729 101.31155 94.03767 0.9282028 0.89881104 7.1715837 15.277778
 9.485708 6.5879655 5.5815434 0.8472333 0.69451493 9.236137 12.5
 112.57086 117.01743 107.694496 0.9203286 1.0395002 9.045279 1.1363636
 102.66539 109.15748 100.830444 0.9237154 1.0632354 9.197704 2.2727273
 116.91788 117.04309 106.886925 0.91322714 1.001071 9.807749 4.5454545
 62.534416 55.593616 47.199852 0.84901565 0.88900834 9.619542 13.636364
 11.770412 11.233681 10.644886 0.94758666 0.9543999 8.919202 11.363636
 17.615385 16.874231 15.601615 0.92458224 0.95792574 9.839011 9.090909
 27.479368 27.863243 26.263414 0.94258285 1.0139697 9.392212 7.9545455
 129.37898 138.13881 131.15315 0.94943017 1.0677068 9.139264 0.0
 22.628496 24.924946 23.50062 0.9428554 1.1014849 10.279511 2.2727273
 18.559422 19.322842 17.846071 0.9235738 1.0411339 6.540728 5.882353
 17.951126 17.679966 16.161398 0.91410804 0.98489445 8.749295 9.090909
 126.67802 134.28522 127.59111 0.9501501 1.0600516 9.264814 1.1363636
 114.69073 121.07669 109.59977 0.9052095 1.0556798 6.157281 7.8125
 102.02261 105.356125 95.77367 0.909047 1.0326742 9.098544 6.818182
 6.314379 3.3581443 2.4486535 0.7291686 0.53182495 3.718752 16.25
 20.280712 20.99891 19.575874 0.9322329 1.0354128 8.675517 1.1363636
 17.942255 19.51738 17.560781 0.89975095 1.0877886 8.406471 2.2727273
 107.547714 111.75462 103.70223 0.92794585 1.0391166 7.7880673 1.3157895
 13.817332 10.560334 7.12241 0.67444927 0.7642817 9.067943 13.636364
 128.56998 139.7763 128.79935 0.92146766 1.0871614 5.785924 10.0
 87.46691 67.58106 61.026997 0.9030192 0.77264714 8.539095 15.909091
 15.784599 15.849041 14.6372175 0.9235396 1.0040826 9.232422 11.363636
 17.869324 15.547339 12.941971 0.8324235 0.8700575 7.7134743 6.818182
 6.0684724 5.8712716 5.477177 0.9328775 0.967504 9.641681 15.476191
 103.690735 113.79335 105.57329 0.9277632 1.0974302 7.043346 1.4705882
 40.82917 35.603115 32.447723 0.91137314 0.87200195 7.4466496 5.681818
 6.287545 1.9120562 0.5564293 0.29101098 0.30410218 3.1581643 19.444445
 14.878091 15.535681 14.539842 0.9358999 1.0441985 9.063225 5.681818
 0.97034687 0.14180449 0.10099109 0.7121855 0.14613794 9.377982 28.125
 29.519064 30.338724 28.151617 0.9279104 1.0277671 8.971496 12.5
 54.745926 56.781868 53.03663 0.9340416 1.0371889 10.080394 3.409091
 127.51216 136.90028 129.861 0.94858086 1.0736253 9.287654 1.1363636
 17.218836 18.170044 17.33611 0.9541039 1.0552423 9.402368 9.090909
 33.60578 37.218506 35.537502 0.9548342 1.107503 9.850155 6.818182
 2.143049 0.445861 0.07848917 0.17603955 0.20804985 1.5948077 20.588236
 44.4573 45.971416 42.706898 0.92898804 1.0340579 9.486024 3.409091
 12.813706 10.209055 9.148668 0.8961327 0.79672927 10.974225 11.363636
 118.18651 129.43637 118.20005 0.91319036 1.0951873 5.7927966 3.3333333
 131.994 140.6091 127.3129 0.9054385 1.065269 8.850331 2.2727273
 19.072845 19.585064 18.310345 0.93491364 1.0268558 9.594163 7.9545455
 102.244835 112.75592 103.287674 0.91602886 1.102803 5.2260537 1.7857143
 111.702415 116.97367 108.435684 0.92700934 1.0471902 9.107841 1.1363636
 16.672094 13.71979 12.103697 0.88220716 0.8229194 6.220115 13.636364
 7.304366 4.1608777 2.7682555 0.6653057 0.56964254 6.1454525 16.25
 19.833832 20.561588 19.301838 0.93873286 1.0366926 9.452129 6.818182
 2.58517 0.97840214 0.3109957 0.3178608 0.3784672 2.6302323 16.666666
 11.144566 10.485927 9.68919 0.9240185 0.94090044 8.956899 11.904762
 104.74334 110.06908 100.58976 0.91387844 1.0508456 8.920246 11.363636
 17.589218 16.777042 15.82184 0.9430649 0.9538253 9.001445 14.772727
 14.937782 14.546847 12.965653 0.89130336 0.9738291 10.073625 6.818182
 102.97365 107.552505 102.5935 0.95389223 1.0444663 9.224227 13.636364
 104.12128 109.676605 104.01172 0.9483491 1.0533544 9.205605 1.1363636
 92.79595 96.277 90.857666 0.94371104 1.0375129 9.180687 12.5
 40.70972 42.743446 40.18128 0.94005704 1.0499568 9.130638 4.5454545
 19.662825 20.7403 19.898672 0.9594207 1.0547975 9.165913 2.2727273
 18.16928 19.43476 18.368359 0.9451292 1.0696495 9.083506 1.1363636
 100.74721 104.92922 98.51233 0.93884546 1.04151 9.082182 1.1363636
 6.6360555 4.3870826 2.8330598 0.6457731 0.66109794 4.900673 14.772727
 110.56525 125.034225 114.06167 0.9122436 1.1308638 4.535568 1.9230769
 17.823866 16.040348 11.825216 0.73721695 0.8999366 5.9172688 8.333333
 124.25708 132.96353 123.67838 0.93016773 1.070068 7.5424123 2.631579
 56.5183 55.41324 51.834583 0.9354188 0.98044777 8.49147 10.714286
 15.55752 15.300146 13.864386 0.9061603 0.9834567 9.292345 6.818182
 108.40793 96.836624 91.7336 0.94730276 0.8932615 9.425818 17.045454
 94.822945 101.01992 94.33285 0.9338044 1.0653532 9.092242 2.2727273
 4.7751436 1.0340018 0.526089 0.50878924 0.21653837 5.9814153 15.909091
 109.92847 114.20654 105.68343 0.9253711 1.0389168 8.706159 3.5714285
 18.598486 19.837833 18.921461 0.95380676 1.066637 9.214146 7.9545455
 72.421005 81.62945 75.52463 0.925213 1.1271516 4.7940817 1.7857143
 110.717094 116.805916 110.257095 0.94393414 1.0549945 9.262548 1.1363636
 3.7290628 1.2176732 0.2466677 0.20257299 0.32653597 1.550267 14.772727
 2.1637228 1.1666648 0.7257775 0.622096 0.53919333 5.140978 16.666666
 123.92268 127.77155 118.85679 0.9302288 1.0310587 8.254674 11.25
 101.65875 101.69594 94.676254 0.93097377 1.0003659 7.9835196 11.25
 121.12071 120.016106 109.37585 0.91134304 0.9908802 7.688796 10.526316
 126.776276 134.34007 123.933495 0.9225356 1.0596625 7.8426166 1.3157895
 114.63956 119.52298 108.66342 0.9091425 1.042598 7.1648226 4.1666665
 124.97247 127.567406 116.46473 0.9129662 1.020764 7.0919414 1.3888888
 135.1514 139.4693 125.94153 0.90300536 1.0319486 7.133704 9.722222
 106.095665 108.55398 94.568184 0.8711628 1.0231707 4.7511096 1.9230769
 143.16557 147.04248 134.00793 0.91135526 1.0270799 7.168118 4.1666665
 6.6470323 6.2187757 5.500607 0.88451606 0.9355718 7.1924343 5.5555553
 133.91321 144.05786 126.46872 0.8779022 1.0757555 4.714659 7.6923075
 2.3570473 0.5531128 0.21386111 0.38665006 0.23466343 3.5476787 14.705882
 122.14193 113.60591 100.339264 0.8832222 0.9301139 5.809652 9.375
 114.30351 104.61638 93.1637 0.8905269 0.9152508 5.706865 9.375
 1.0100099 0.27903876 0.06919274 0.24796818 0.2762733 2.1522818 18.75
 123.68901 121.44269 110.026764 0.90599746 0.9818389 5.7435207 0.0
 10.799675 11.395764 9.30384 0.8164296 1.0551951 5.2944093 4.6875
 99.95457 92.37671 83.12479 0.8998457 0.924187 5.9805155 12.5
 97.50067 87.239815 76.3724 0.8754305 0.8947612 5.680172 1.6666666
 125.494026 107.35641 96.28362 0.8968596 0.8554703 5.005995 8.333333
 27.116142 22.334177 19.403967 0.86880153 0.82364875 5.4770865 11.666667
 6.504486 3.0541375 1.7503812 0.57311803 0.46954325 3.5353508 14.285714
 49.421276 47.02616 42.074154 0.8946967 0.9515368 4.239173 5.769231
 125.37002 116.51107 105.09857 0.902048 0.92933756 4.308119 1.9230769
 98.656975 87.61202 79.35078 0.90570647 0.888047 4.28902 1.9230769
 95.89049 90.33404 80.21572 0.88799 0.9420542 4.165315 8.333333
 127.737495 120.73025 108.58356 0.8993898 0.9451434 3.9836133 0.0
 113.09523 107.70938 97.815575 0.9081435 0.95237774 4.0060177 2.0833333
 120.64783 115.91406 105.70264 0.9119052 0.96076375 3.9022505 6.25
 38.225983 19.788391 18.372738 0.9284604 0.51766855 4.0440364 10.416667
 89.23635 82.99514 75.17796 0.9058116 0.9300598 4.0168233 2.0833333
 113.32496 87.844826 76.267044 0.86820185 0.7751587 3.9788976 12.5
 1.0 68.57768 68.99258 63.46107 0.91982466 1.00605 520.0388 7.590454 131.0
