 7.2969303 3.1533186 1.8876507 0.5986235 0.43214318 7.336986 13.095238
 107.901505 106.49043 93.7862 0.88070077 0.98692256 4.05237 6.25
 106.060844 106.80918 95.45895 0.89373356 1.0070558 3.9458156 2.0833333
 2.6594512 1.5254298 0.5799897 0.38021395 0.5735882 2.3125665 18.75
 10.553235 3.3911755 2.0189621 0.5953576 0.3213399 3.5897732 13.461538
 116.25512 110.90349 104.58651 0.9430408 0.9539665 8.887542 5.681818
 11.195755 4.5184417 3.1296287 0.69263446 0.40358526 4.8493447 15.277778
 80.04168 75.20258 67.1052 0.8923258 0.9395428 4.561844 7.6923075
 111.74361 108.26549 101.379234 0.93639475 0.9688741 8.854667 9.090909
 80.93733 77.76933 73.36785 0.9434033 0.9608586 8.9332 2.2727273
 3.2741604 0.8577652 0.2901559 0.3382696 0.2619802 2.8744686 17.857143
 109.65739 105.820206 99.45501 0.93984896 0.96500754 9.0390005 3.409091
 89.97553 84.03877 76.873055 0.91473323 0.9340181 9.03294 3.409091
 7.294813 1.9209021 0.6080033 0.31651968 0.26332438 2.9554563 17.045454
 83.97358 79.96185 74.17407 0.9276182 0.95222634 9.035825 3.409091
 5.113083 1.4403778 0.52088237 0.36162898 0.2817044 2.9460835 18.421053
 114.41966 112.58523 105.58509 0.93782365 0.9839675 8.67098 1.1904762
 95.02871 89.868835 84.35594 0.9386563 0.94570196 9.238214 7.9545455
 29.349619 28.517666 26.079031 0.9144869 0.9716537 5.736028 6.6666665
 115.29068 110.72724 104.35541 0.9424547 0.9604179 9.078806 0.0
 103.99878 100.490715 94.97274 0.94508976 0.96626824 8.893537 4.5454545
 107.52201 102.92875 96.67594 0.9392511 0.95728076 8.956664 14.772727
 102.51592 96.9274 89.36674 0.92199665 0.94548625 9.176667 9.090909
 98.47814 94.424515 83.97868 0.8893738 0.9588373 4.508986 1.9230769
 105.74116 99.57483 93.68174 0.94081753 0.9416847 8.848157 6.818182
 102.414505 98.832695 91.47628 0.925567 0.9650264 8.988153 3.409091
 68.31671 66.52068 62.80204 0.94409794 0.97371024 8.962945 0.0
 91.66883 87.043686 80.42748 0.9239899 0.949545 9.10335 1.1363636
 106.98542 99.92734 93.13357 0.9320129 0.9340276 8.996694 9.090909
 19.671331 20.633665 18.498358 0.89651346 1.0489206 8.74558 11.363636
 115.7655 114.001564 102.57437 0.8997628 0.98476285 4.421065 5.769231
 102.51534 88.33305 82.83869 0.9377995 0.8616569 8.918341 11.363636
 101.2674 94.06909 88.21251 0.93774164 0.9289178 9.072508 9.090909
 104.4293 100.64455 95.12165 0.94512475 0.9637577 8.892242 2.2727273
 100.444786 82.878265 73.68612 0.8890886 0.82511264 6.5825944 10.9375
 16.315025 10.19178 9.214417 0.9041029 0.6246867 5.0053325 5.769231
 113.1568 93.391754 87.642265 0.9384368 0.8253305 8.94653 13.636364
 110.489975 107.29789 101.54426 0.94637704 0.97110975 9.067622 2.2727273
 84.41824 81.60273 74.70651 0.9154904 0.966648 5.3814616 8.333333
 108.582695 105.824394 100.16102 0.94648325 0.9745972 9.011401 1.1363636
 17.747528 14.730909 5.746404 0.3900916 0.830026 4.8103495 11.363636
 29.537907 27.682262 25.208666 0.9106433 0.9371775 10.1759615 7.9545455
 1.555034 0.7636535 0.28637955 0.37501243 0.49108475 2.8778033 20.0
 108.4805 105.53192 99.38995 0.94179994 0.97281927 8.870918 3.409091
 93.822495 84.066 74.74123 0.88907784 0.8960112 4.4395003 13.461538
 1.5738657 0.36782387 0.061533898 0.16729175 0.23370728 2.058924 17.105263
 107.140236 86.73023 57.625916 0.6644271 0.80950195 8.737432 11.363636
 121.23834 116.80099 108.27156 0.92697465 0.96339977 6.9921293 4.1666665
 113.781136 107.57932 100.08218 0.93031055 0.9454935 8.820094 10.227273
 92.641304 87.504875 81.37459 0.9299435 0.9445557 9.1690235 2.2727273
 115.752594 111.51589 105.56644 0.94664925 0.9633987 9.026057 1.1363636
 26.246035 23.38025 21.32649 0.9121583 0.8908108 8.8697195 7.9545455
 82.62349 77.12518 72.89044 0.94509256 0.93345356 8.825464 11.363636
 94.52621 93.45633 88.83429 0.95054334 0.9886817 9.235984 1.1363636
 22.65608 18.880735 15.780841 0.83581704 0.8333629 7.310392 12.5
 92.6736 89.12222 84.76124 0.9510674 0.9616786 8.848514 4.5454545
 102.187645 95.71571 88.40466 0.92361695 0.9366662 7.144643 1.3888888
 121.1811 117.78764 111.18678 0.94395965 0.97199684 8.982598 3.409091
 99.5941 86.82516 80.84056 0.93107307 0.8717901 8.989984 11.363636
 101.38795 91.40735 80.09837 0.87627935 0.9015603 4.025595 14.583333
 95.07348 95.133896 86.697105 0.91131663 1.0006355 4.668242 13.461538
 9.442704 9.057053 8.495583 0.9380074 0.95915884 8.725702 18.181818
 18.745949 17.532946 16.059074 0.91593707 0.93529254 6.2342477 12.5
 1.8905126 1.3567162 0.6550639 0.4828305 0.7176446 4.3532715 22.058823
 68.572525 64.417755 60.308834 0.9362145 0.9394105 9.267032 10.227273
 85.52044 79.980545 74.420906 0.9304876 0.93522143 9.021641 2.2727273
 98.05738 95.04494 87.98483 0.9257182 0.96927875 6.3814707 8.823529
 92.5542 85.774475 80.07267 0.93352556 0.92674863 8.956725 6.818182
 107.58421 102.00143 95.33331 0.9346273 0.9481078 9.063325 7.9545455
 102.12934 97.8462 91.23165 0.9323985 0.95806164 6.945252 4.1666665
 87.16063 84.96582 79.97463 0.9412565 0.97481877 9.04374 3.409091
 93.31264 89.72529 84.56682 0.94250816 0.96155566 8.876607 1.1363636
 93.47776 87.21216 81.121956 0.930168 0.93297225 8.888752 5.681818
 1.9370507 0.60650843 0.19308425 0.3183538 0.31310922 2.9615588 19.444445
 24.579605 19.60082 17.486853 0.892149 0.79744244 8.326941 10.227273
 110.52979 108.002075 101.37093 0.9386017 0.97713095 8.922867 2.2727273
 97.90335 92.51629 87.12534 0.9417298 0.9449757 9.0499325 1.1363636
 12.334827 11.12425 10.3951645 0.9344598 0.90185696 9.241555 14.772727
 116.838455 111.50907 104.20885 0.93453246 0.9543867 8.683509 1.1904762
 25.035488 21.308012 18.289995 0.8583624 0.8511123 9.955305 7.9545455
 111.395744 105.60275 99.13888 0.9387906 0.9479963 9.03076 0.0
 8.694846 2.8224277 2.0442963 0.7243042 0.32460928 3.4595008 18.181818
 78.47784 74.39973 69.52539 0.9344845 0.94803494 9.2847395 3.409091
 23.808727 23.47272 22.075853 0.9404898 0.98588717 8.373433 6.818182
 87.79999 82.90345 74.91002 0.90358144 0.9442308 8.955899 5.681818
 96.77028 93.47413 87.71162 0.9383518 0.9659384 8.907478 1.1363636
 101.310715 98.29083 92.91584 0.9453154 0.9701919 8.926305 5.681818
 96.22749 87.93497 81.26063 0.92409915 0.9138237 8.808977 5.681818
 119.3343 113.254654 106.22429 0.9379243 0.94905365 9.11996 11.363636
 103.74692 99.149635 92.109116 0.92899096 0.9556875 8.95517 4.5454545
 116.40034 117.00986 110.41555 0.94364315 1.0052364 9.135008 1.1363636
 60.621956 41.03583 35.614037 0.8678765 0.67691374 8.73206 14.772727
 95.88292 89.39693 84.135414 0.94114435 0.9323551 9.011789 4.5454545
 119.00738 112.42075 100.12702 0.8906454 0.94465363 4.5505443 11.538462
 62.003643 45.8392 42.659508 0.93063384 0.73929846 8.769466 15.909091
 72.25906 65.70132 59.513485 0.90581876 0.90924674 10.877534 7.9545455
 99.994934 95.62521 88.44322 0.9248944 0.9563005 8.998758 4.5454545
 112.64003 107.59214 101.21913 0.940767 0.95518565 8.97981 3.409091
 101.918335 98.124916 91.09765 0.9283844 0.9627799 8.993626 1.1363636
 109.95866 106.480354 100.30783 0.9420314 0.96836716 9.095871 2.2727273
 93.67042 92.66323 87.0361 0.93927336 0.98924756 9.117658 3.409091
 86.81392 84.0905 78.68616 0.93573177 0.96862924 9.232724 1.1363636
 107.936935 102.84047 95.97661 0.93325716 0.9527829 9.12978 2.2727273
 2.3330848 1.3596785 0.8572607 0.6304878 0.58278143 7.8260503 15.789474
 113.76028 94.8154 57.25233 0.60382944 0.8334667 7.230354 5.681818
 96.93364 94.40591 89.23802 0.9452589 0.9739231 9.044877 3.409091
 92.27159 86.217575 81.23116 0.94216484 0.9343892 8.984016 0.0
 103.25792 98.334435 92.897575 0.9447105 0.9523186 9.03444 3.409091
 105.97171 101.96484 94.964676 0.9313473 0.96218926 9.061774 1.1363636
 52.97425 51.541878 46.37583 0.8997699 0.97296095 5.4931674 8.333333
 122.244095 118.47989 106.60023 0.8997327 0.96920747 4.4520464 3.8461537
 113.822495 110.83245 104.87044 0.946207 0.9737307 8.852593 4.5454545
 80.87075 74.08727 68.81456 0.9288311 0.9161195 8.962368 10.227273
 103.782555 100.19071 93.322586 0.9314495 0.9653907 8.8953085 4.5454545
 97.96305 92.601135 86.20681 0.9309477 0.94526595 9.442782 5.681818
 114.86751 108.78497 102.12803 0.9388064 0.9470474 9.371831 4.5454545
 95.00311 95.01047 84.807434 0.8926115 1.0000774 4.5621514 1.9230769
 1.932796 0.7456262 0.33852744 0.4540176 0.38577592 3.519699 20.833334
 96.878586 93.852905 88.059166 0.9382679 0.96876824 8.578831 3.5714285
 84.48502 75.456245 70.771706 0.93791723 0.89313155 9.265763 9.090909
 9.050634 4.0996075 2.387692 0.58241963 0.45296353 4.8199706 13.75
 6.592532 2.30233 1.6450416 0.7145116 0.34923303 3.6995146 15.277778
 90.28271 84.32296 77.84363 0.9231605 0.9339879 9.180652 6.818182
 10.22685 7.6260138 6.696784 0.87815005 0.74568546 10.204493 17.045454
 127.00636 122.14998 116.08778 0.9503709 0.96176267 8.957048 4.5454545
 20.762136 21.507797 20.411547 0.94903016 1.0359144 9.396391 9.090909
 103.63232 100.10447 94.04409 0.9394594 0.96595806 8.63319 11.904762
 99.53311 95.701004 90.23885 0.9429248 0.9614991 9.164525 10.227273
 88.50533 88.1696 81.42245 0.92347527 0.99620664 7.4012322 12.5
 118.134796 115.796234 109.09864 0.94216055 0.9802043 8.8295355 1.1363636
 90.04401 87.62533 77.58402 0.8854064 0.9731389 4.4427094 5.769231
 113.93321 105.93269 98.58486 0.9306368 0.9297789 7.432791 14.473684
 91.17428 86.4371 77.96923 0.9020343 0.9480427 5.410093 5.0
 18.070623 15.624218 14.445961 0.9245878 0.8646198 8.6934185 11.363636
 78.1528 76.25022 71.52336 0.9380085 0.97565573 9.127628 3.409091
 5.4991355 3.49036 3.0552385 0.8753362 0.63471067 7.26113 17.857143
 60.7214 38.91969 31.405928 0.80694187 0.6409551 12.582877 13.636364
 94.01636 73.171135 66.9188 0.91455185 0.7782809 8.92663 13.636364
 92.95693 90.428116 84.70603 0.9367223 0.97279584 8.849256 3.409091
 23.629059 25.16317 23.971714 0.9526508 1.0649248 9.896464 14.772727
 110.155655 106.61257 93.90458 0.88080204 0.9678357 3.9866402 0.0
 98.908615 92.61167 86.32625 0.9321314 0.9363358 8.780374 4.5454545
 95.24636 88.32437 82.69773 0.93629575 0.92732537 8.588286 2.3809524
 77.93361 71.81776 66.61458 0.92755026 0.9215249 8.89147 1.1363636
 20.299494 20.225561 18.752285 0.92715764 0.9963579 8.581003 10.227273
 89.734726 84.20616 79.112625 0.9395112 0.9383899 8.496063 4.7619047
 79.98995 76.173546 71.73967 0.9417924 0.952289 8.906954 1.1363636
 111.75753 105.923836 100.05896 0.9446312 0.94780046 8.975463 3.409091
 75.39733 69.253235 64.50254 0.93140113 0.91851044 9.06682 3.409091
 18.987013 12.453449 10.091409 0.81033045 0.655893 6.3233924 13.636364
 95.76047 83.848755 41.73052 0.49768803 0.8756093 5.3284063 9.090909
 93.981224 88.81356 82.99156 0.93444693 0.9450139 8.579801 13.095238
 110.352234 104.66298 99.558464 0.95122904 0.9484446 8.733029 1.1904762
 112.07528 106.870834 100.886665 0.94400555 0.953563 8.75783 9.523809
 96.84905 91.26371 85.35088 0.93521166 0.9423294 7.9926186 11.25
 115.65189 112.74312 105.01153 0.93142295 0.97484887 8.178987 1.25
 83.13609 77.32512 72.36472 0.93585014 0.9301028 7.687559 2.631579
 101.5771 95.07725 86.40917 0.9088313 0.9360106 7.6964216 3.9473684
 105.425095 99.04261 92.55065 0.9344529 0.93945956 7.6229343 3.9473684
 77.840706 77.31956 70.870186 0.916588 0.99330497 6.481476 1.4705882
 82.01863 77.61011 71.46893 0.9208715 0.9462497 7.0042286 8.333333
 115.583046 113.36584 103.76361 0.91529876 0.98081714 7.0225577 4.1666665
 91.9735 92.635544 83.68092 0.9033349 1.0071982 6.9881587 0.0
 95.27469 95.03773 87.45917 0.9202574 0.9975128 6.8784533 9.722222
 100.783325 98.81578 88.79228 0.89856374 0.98047745 5.941203 4.6875
 90.58341 87.37316 80.6128 0.92262655 0.9645602 6.153333 1.5625
 107.62031 103.91552 95.37815 0.9178432 0.96557534 6.006127 1.5625
 106.59423 95.558914 87.783424 0.91863143 0.8964736 5.6253967 1.6666666
 6.643495 1.2741306 0.24536343 0.19257322 0.19178617 1.1876608 13.333333
 108.28672 103.60194 92.51231 0.8929593 0.9567372 4.5794296 1.9230769
 97.86833 92.950455 85.10576 0.9156034 0.94975007 5.097491 0.0
 112.1292 103.21908 94.42911 0.91484165 0.92053694 5.151726 0.0
 87.95586 81.488 74.91108 0.9192897 0.9264648 5.018889 5.357143
 108.27409 107.99577 96.42506 0.8928596 0.9974295 4.5672736 1.9230769
 78.63423 70.53562 63.973835 0.906972 0.8970091 5.004755 1.7857143
 108.03381 107.6045 95.62502 0.8886712 0.99602616 4.2409883 2.0833333
 110.08032 103.06513 92.98992 0.90224427 0.9362721 4.5773034 11.538462
 102.39247 105.35526 96.1809 0.91291976 1.0289356 4.6161776 3.8461537
 125.85697 123.85613 112.256256 0.90634394 0.98410225 4.6509356 5.769231
 93.234474 88.584435 79.468925 0.89709806 0.95012534 4.548785 7.6923075
 104.89068 104.270454 94.36405 0.9049932 0.9940869 4.6602774 0.0
 96.33341 92.53887 83.497215 0.9022934 0.96061033 4.6774836 5.769231
 86.90774 86.32876 77.97642 0.9032496 0.99333805 4.6838045 0.0
 104.50043 102.94452 89.90255 0.87331074 0.98511094 3.897849 2.0833333
 109.51255 111.599304 97.735016 0.8757673 1.0190549 3.978458 2.0833333
 1.0 81.798515 77.13904 70.7285 0.9168963 0.9430371 592.96783 7.0151787 185.0
