 142.9306 144.53719 132.67946 0.9179607 1.0112402 7.2779584 4.1666665
 15.914227 14.703287 12.214714 0.8307472 0.92390835 6.8380733 13.636364
 128.10042 124.82769 116.404625 0.9325224 0.9744519 7.2377157 1.3888888
 9.700531 9.840043 9.546409 0.9701593 1.0143819 9.3446665 14.772727
 144.8054 145.79614 136.44624 0.93587005 1.0068418 7.2486863 0.0
 133.61769 131.74387 122.26081 0.92801905 0.98597616 7.194024 2.7777777
 9.494743 6.8852572 4.731941 0.687257 0.7251652 8.757592 14.772727
 148.61751 150.38828 140.71034 0.935647 1.011915 7.2134852 1.3888888
 134.88786 135.05003 125.609634 0.93009704 1.0012023 7.2198424 4.1666665
 156.15186 158.77364 148.89793 0.93780017 1.0167899 7.205374 8.333333
 125.58695 126.27314 118.34213 0.9371916 1.0054638 7.0828705 11.111111
 9.765737 6.424964 5.5383034 0.86199754 0.6579088 9.014363 15.909091
 15.903178 12.120173 10.959543 0.90423983 0.76212275 6.2209578 17.045454
 15.013303 14.209356 12.327822 0.8675848 0.946451 7.443037 11.363636
 140.93044 141.8183 131.25021 0.92548156 1.0063 7.1243005 8.333333
 125.404015 124.62849 116.82089 0.9373531 0.9938158 7.250945 8.333333
 136.0425 135.14178 125.53247 0.92889464 0.9933791 6.99011 2.9411764
 7.7511144 7.6819267 6.5796156 0.8565059 0.99107385 7.917105 10.227273
 143.20535 144.08536 135.1075 0.9376907 1.006145 7.297657 0.0
 145.81221 149.24051 139.169 0.932515 1.0235118 7.475405 0.0
 129.12744 127.81648 119.25631 0.9330277 0.9898476 7.0382147 2.7777777
 142.97624 146.61813 138.08315 0.9417876 1.025472 7.172471 6.9444447
 151.35803 152.401 142.80243 0.9370177 1.0068908 7.2186255 5.5555553
 136.64125 145.12802 136.51025 0.9406196 1.0621098 7.28885 1.3888888
 123.930466 107.110794 72.01893 0.6723779 0.86428136 6.3166957 5.5555553
 132.19182 129.88814 123.49874 0.9508084 0.9825733 9.0421915 2.2727273
 14.214911 12.794282 11.622823 0.9084388 0.90006065 8.604338 12.5
 13.292457 11.8877735 8.022884 0.6748854 0.89432484 4.780134 2.9411764
 133.30757 131.13506 121.00498 0.9227508 0.9837031 8.920755 7.9545455
 141.97874 143.10594 129.88985 0.9076482 1.0079392 7.1167564 0.0
 124.92056 124.77808 118.089226 0.9463939 0.99885947 9.000249 7.9545455
 145.76003 147.45982 137.93298 0.93539363 1.0116616 7.228603 5.5555553
 138.83794 137.94936 128.40752 0.9308309 0.9935998 7.219736 8.333333
 131.92918 132.7502 123.790405 0.9325063 1.0062232 7.1099663 1.3888888
 120.637825 120.84682 112.72479 0.93279076 1.0017323 7.1640873 13.888889
 144.76486 144.43454 136.81139 0.9472207 0.9977182 9.120932 4.5454545
 127.25013 126.79212 118.29485 0.9329827 0.9964007 7.1933265 1.3888888
 132.95993 130.87988 121.888115 0.93129754 0.9843558 8.191994 3.75
 122.198975 123.183655 115.20322 0.9352152 1.008058 7.2916503 5.5555553
 137.42563 135.66162 122.445885 0.90258306 0.9871639 4.50049 0.0
 132.30849 129.92213 121.48244 0.9350404 0.9819637 7.2231984 1.3888888
 148.57 149.86452 140.44958 0.937177 1.0087131 7.22968 6.9444447
 135.79637 134.34338 124.48061 0.9265854 0.98930025 7.139194 1.3888888
 140.51468 143.59642 134.67642 0.9378815 1.0219318 7.1992474 5.5555553
 10.156267 8.233885 7.8732095 0.9561962 0.81071967 7.814095 14.772727
 129.94405 129.23463 119.0506 0.9211973 0.99454063 5.586793 1.6666666
 131.95035 133.56796 125.74692 0.9414451 1.0122594 7.240406 0.0
 132.92816 130.52414 121.37288 0.9298884 0.9819149 6.5995793 1.4705882
 122.63989 122.01247 113.73351 0.93214667 0.994884 7.308596 1.3888888
 16.01003 12.271256 10.820579 0.8817825 0.766473 9.160366 11.363636
 139.02391 137.35551 126.79442 0.92311126 0.98799914 7.2539754 8.333333
 130.32397 106.24292 100.11658 0.94233644 0.81522167 8.979504 15.909091
 132.14374 135.86414 127.79359 0.9405983 1.0281543 7.089392 1.3888888
 130.20238 128.9284 117.78999 0.9136078 0.99021536 7.1791677 4.1666665
 5.205025 2.5873606 2.0440876 0.7900282 0.49708897 4.27091 13.888889
 132.27039 130.76605 124.27835 0.95038694 0.9886269 9.261159 3.409091
 127.61587 129.04161 121.76027 0.9435737 1.0111722 8.888721 3.409091
 139.74088 142.59636 133.76746 0.9380846 1.0204341 7.3406134 1.3888888
 125.73902 122.07463 114.07683 0.9344843 0.9708572 7.2176948 1.3888888
 18.17591 16.762596 12.229178 0.72955155 0.92224246 8.254133 7.9545455
 135.18289 136.34586 127.85576 0.93773115 1.0086029 7.111489 6.9444447
 122.98819 120.3266 112.08025 0.931467 0.9783589 9.003193 4.5454545
 128.70564 130.30737 121.48355 0.9322846 1.0124449 6.1570935 0.0
 149.03107 153.647 140.13351 0.91204846 1.030973 4.5445256 0.0
 138.22755 140.98308 129.77538 0.92050314 1.0199348 6.1406035 1.5625
 138.88287 139.2065 127.306725 0.9145171 1.0023302 6.233269 6.25
 138.76184 135.52141 123.21518 0.90919346 0.9766475 6.095988 6.25
 146.70332 139.09041 110.28886 0.7929293 0.94810677 4.03555 12.5
 126.16052 125.13272 112.72164 0.9008167 0.99185324 5.513016 1.6666666
 142.49237 146.19745 132.55023 0.9066522 1.0260019 5.683461 1.6666666
 142.49608 148.13037 135.77951 0.9166217 1.03954 5.54005 1.6666666
 127.95313 129.85405 117.85127 0.90756714 1.0148563 5.6390324 3.3333333
 135.57607 140.05827 127.78786 0.91239065 1.0330604 5.6686544 1.6666666
 140.68933 120.38623 78.9992 0.65621454 0.8556884 2.6825008 3.5714285
 135.72272 133.19461 119.572624 0.8977287 0.981373 5.078342 0.0
 128.72209 128.88002 116.01184 0.90015376 1.0012269 5.0703783 1.7857143
 134.01031 132.6209 118.833244 0.8960371 0.989632 5.0685663 1.7857143
 141.75784 141.84187 127.54276 0.8991897 1.0005928 5.0655117 1.7857143
 127.86887 126.71413 115.19872 0.90912294 0.9909693 5.1665864 1.7857143
 97.80763 61.860073 53.969387 0.87244296 0.63246673 4.9150267 8.928572
 135.85043 136.09984 126.1986 0.9272502 1.0018358 6.8828745 1.3888888
 125.66011 126.70184 111.778564 0.88221735 1.00829 4.1217713 12.5
 133.1301 130.65027 120.3307 0.92101383 0.9813729 5.8458114 3.125
 122.47164 119.84577 105.2759 0.87842816 0.9785594 3.887718 0.0
 127.472534 124.13355 110.29713 0.888536 0.97380626 4.2338786 3.8461537
 114.499725 99.24774 87.61164 0.88275707 0.8667946 3.7618563 12.5
 1.0 115.76074 114.2972 104.65367 0.9156276 0.9873572 765.0834 5.3389907 86.0
