 6.3060384 1.9978828 0.72361153 0.36218917 0.3168206 4.481289 17.105263
 94.47301 82.91827 76.5532 0.9232369 0.8776927 9.033207 12.5
 4.597071 3.680491 3.3071508 0.89856243 0.80061644 8.825085 15.476191
 1.6587657 0.2851347 0.116632335 0.40904292 0.1718957 4.69926 20.238094
 2.3152015 0.93052137 0.35940513 0.3862406 0.4019181 4.0819354 20.0
 114.48671 113.29033 105.181625 0.9284255 0.98955 9.107765 1.1363636
 3.5473335 1.8602822 0.9249596 0.49721467 0.52441704 3.6891649 12.5
 17.965427 10.60573 8.669803 0.81746405 0.5903411 8.139584 15.909091
 7.6813407 7.6059566 7.080508 0.9309162 0.9901861 8.267684 5.681818
 40.83264 39.02921 36.31044 0.93034023 0.9558335 9.441687 10.227273
 128.81778 127.108604 114.81301 0.903267 0.98673177 8.979374 6.818182
 120.95132 121.338066 113.178314 0.93275195 1.0031976 9.040923 1.1363636
 10.942727 10.369461 9.197925 0.8870205 0.94761217 8.960711 9.090909
 15.195947 6.9850764 5.9691944 0.8545639 0.4596671 8.920816 18.181818
 14.389573 13.21568 12.206949 0.92367166 0.91842055 9.359112 5.681818
 16.607908 15.001123 13.765342 0.9176207 0.9032518 9.328063 2.2727273
 116.95774 117.12692 109.520744 0.9350603 1.0014465 9.155605 1.1363636
 6.9935775 6.1890545 5.621023 0.90822 0.8849626 9.230296 9.090909
 114.28891 113.646645 106.35406 0.93583107 0.99438035 9.10901 1.1363636
 12.683654 10.370355 8.975192 0.8654662 0.81761575 8.0333605 11.904762
 125.44077 124.89991 117.31734 0.9392908 0.99568826 9.033391 1.1363636
 125.53017 124.63511 113.048294 0.90703404 0.9928698 6.0798335 1.5625
 98.25443 98.259094 90.98432 0.9259634 1.0000474 8.957887 1.1363636
 1.1843948 0.41583169 0.16359632 0.39341956 0.35109213 5.5018373 20.454546
 6.6087337 3.6031406 2.9086149 0.80724436 0.54520893 6.5897717 13.636364
 9.98061 9.199244 7.4148917 0.8060327 0.92171156 9.317837 13.636364
 8.539312 6.837978 5.3674617 0.78494865 0.8007645 9.045122 11.363636
 16.040514 14.8983135 13.859895 0.9302995 0.92879283 9.812282 13.636364
 8.043198 6.2045007 5.3130317 0.85631895 0.77139723 8.938908 12.5
 14.222426 13.716707 12.708232 0.92647827 0.9644422 9.078301 4.5454545
 131.15404 129.90056 116.80841 0.8992141 0.9904427 6.061201 1.5625
 5.3849273 3.6500077 2.895606 0.793315 0.6778193 9.428448 14.772727
 11.460437 7.0785947 6.408532 0.90533966 0.61765486 7.9682384 15.909091
 9.099814 8.478584 8.116148 0.95725274 0.9317315 9.440705 5.681818
 13.81191 14.836542 13.093136 0.8824924 1.0741848 9.863342 10.714286
 3.9873998 3.6545846 3.2710402 0.8950511 0.91653335 8.933075 12.5
 17.681925 16.297792 14.642735 0.89844894 0.9217205 6.785673 9.210526
 125.14822 120.38513 110.46233 0.9175746 0.96194047 7.4842534 1.3157895
 124.02049 122.52018 112.70624 0.91989934 0.9879027 7.0169783 1.3888888
 125.70967 122.55822 112.55175 0.9183533 0.9749307 6.972726 1.3888888
 128.47778 126.095245 116.15947 0.92120427 0.98145556 6.9901447 1.3888888
 127.51449 121.361305 110.22733 0.90825766 0.9517452 5.7259927 3.125
 112.024345 108.91403 100.78591 0.9253712 0.9722354 5.148772 3.5714285
 95.966675 97.047554 89.9104 0.92645717 1.011263 4.7198596 1.9230769
 8.225394 7.736394 7.1280727 0.9213689 0.9405499 4.607304 9.615385
 121.41414 128.09322 114.11587 0.8908814 1.0550107 4.20105 2.0833333
 115.30462 119.82756 106.91381 0.8922306 1.039226 4.253912 2.0833333
 121.24357 126.85987 112.57708 0.88741285 1.0463225 4.2149796 4.1666665
 124.37323 132.56421 119.243835 0.8995176 1.065858 4.2447267 8.333333
 120.92117 129.40948 116.10799 0.8972138 1.0701971 4.320414 2.0833333
 1.0 58.16923 57.069874 52.04081 0.9118788 0.98110074 394.42914 8.073011 50.0
