 108.452835 104.02073 96.70612 0.9296812 0.9591334 8.50915 3.409091
 97.59331 82.39776 77.67084 0.94263285 0.84429723 8.4795 14.772727
 63.388443 42.35352 38.186737 0.90161896 0.6681584 8.366244 15.909091
 7.6709747 7.0487733 6.7165694 0.95287067 0.91888887 8.60415 14.772727
 101.70274 67.657295 62.8136 0.9284083 0.6652456 8.502039 15.909091
 46.683723 44.839222 42.084034 0.93855405 0.9604894 8.406674 14.772727
 32.655777 32.251865 30.603539 0.948892 0.9876312 8.737783 9.090909
 78.30501 76.48826 70.751114 0.92499316 0.976799 6.8300176 10.294118
 93.89556 90.14998 85.45644 0.94793636 0.96010906 8.639706 3.409091
 88.963036 69.41718 64.55296 0.92992765 0.78029245 8.596659 13.636364
 102.82932 99.176865 94.06657 0.9484729 0.96448034 8.609081 3.409091
 22.231249 19.20945 18.199366 0.9474173 0.86407423 8.59942 12.5
 14.416331 12.403326 11.523306 0.92904973 0.8603663 8.245914 13.636364
 37.052 35.54874 33.34291 0.9379492 0.9594284 8.83404 7.9545455
 10.725459 8.90678 7.667308 0.8608395 0.8304334 9.598641 13.636364
 85.84395 75.99928 71.340996 0.9387062 0.88531905 8.464443 13.636364
 12.985526 11.265232 10.583165 0.9394538 0.86752224 8.624028 17.045454
 96.088745 84.958626 75.85344 0.892828 0.88416827 4.591781 13.461538
 2.5007737 0.8466533 0.31808499 0.37569687 0.33855656 2.573175 23.333334
 13.049115 11.935351 11.373777 0.95294863 0.91464835 8.639808 12.5
 94.97238 86.32978 80.63566 0.93404216 0.90899885 8.508485 2.2727273
 3.9379482 1.264158 0.6933458 0.5484645 0.32101947 7.544215 18.181818
 6.166668 1.9506189 0.648287 0.33234942 0.3163165 3.4154506 15.909091
 99.10893 90.31467 84.70111 0.93784446 0.9112666 8.7438135 5.681818
 5.1234016 2.4372919 1.9120706 0.78450626 0.4757175 7.6454887 18.181818
 11.296358 9.106171 8.359396 0.9179924 0.8061156 8.259923 17.045454
 81.54961 77.52348 68.464134 0.88314056 0.9506297 4.2226176 10.416667
 108.57137 104.05317 98.418175 0.94584507 0.95838493 8.648503 3.409091
 94.21172 90.31186 85.69758 0.94890726 0.9586053 8.637511 5.681818
 85.9688 69.03218 64.66325 0.93671167 0.8029911 8.579908 14.772727
 101.47416 97.79615 92.77048 0.9486107 0.9637542 8.571448 3.409091
 16.66652 16.202723 13.75851 0.84914804 0.97217196 8.358464 9.090909
 34.41833 34.87709 33.06895 0.9481568 1.0133289 8.229871 5.681818
 88.85036 90.01597 85.251205 0.94706756 1.0131189 8.641814 5.681818
 12.657513 11.26181 10.607462 0.94189674 0.8897333 8.675926 12.5
 95.38574 89.007034 83.53675 0.93854105 0.9331272 8.5554285 7.9545455
 10.214418 9.128291 7.87778 0.86300707 0.8936672 7.8603344 13.636364
 7.0533695 3.9436157 2.8523824 0.72329116 0.5591109 4.962938 17.045454
 87.11078 50.89369 46.31949 0.91012245 0.584241 8.394399 14.772727
 100.412445 79.17501 74.52917 0.94132185 0.788498 8.546295 14.772727
 6.505215 4.5014052 3.4769561 0.77241576 0.6919686 8.4996395 12.5
 96.09778 91.245224 85.38808 0.9358088 0.94950396 8.590356 12.5
 9.399144 9.126975 8.57903 0.93996423 0.97104317 8.361386 6.818182
 89.54751 78.27966 73.32974 0.9367662 0.8741691 8.716112 10.227273
 22.402815 14.21605 12.274937 0.8634562 0.6345654 8.513875 13.636364
 37.133995 32.89745 30.57806 0.9294964 0.88591194 5.9163513 9.375
 99.659805 92.21 86.96962 0.94316906 0.92524767 8.622519 7.9545455
 3.710638 0.96759963 0.19290306 0.19936249 0.26076367 1.5687948 17.857143
 88.18114 82.58611 77.792465 0.9419558 0.9365508 8.564106 7.9545455
 2.6353617 0.63605607 0.15104857 0.23747683 0.24135436 1.9048997 15.909091
 17.232716 12.721669 11.085179 0.871362 0.7382277 11.5798435 10.227273
 2.5077722 0.8056963 0.34911972 0.4333143 0.32127967 3.0052326 15.909091
 22.734907 19.515682 18.309534 0.938196 0.85840166 7.7632394 9.090909
 29.54337 25.573559 24.246462 0.9481067 0.8656277 6.6887183 10.227273
 113.6732 110.56455 104.32562 0.9435721 0.9726527 8.695765 5.681818
 97.195 78.02924 72.62504 0.93074125 0.80281126 8.497093 12.5
 9.695551 4.9691477 3.9696457 0.7988585 0.51251835 8.903858 14.772727
 91.052925 84.81949 79.94079 0.94248134 0.9315405 8.548684 6.818182
 24.713255 23.501055 22.164948 0.94314694 0.95094943 8.527128 6.818182
 23.258587 19.638119 18.509033 0.94250536 0.8443384 8.787366 13.636364
 11.66546 7.9448657 5.8366327 0.7346421 0.68105894 8.350043 12.5
 8.720844 2.4994872 0.5348346 0.21397775 0.28661066 1.916634 18.181818
 87.77533 83.96741 79.83267 0.9507578 0.9566174 8.569501 3.409091
 14.8051195 13.914134 12.921068 0.928629 0.9398191 8.520887 12.5
 88.6474 81.77138 76.38274 0.9341011 0.92243403 8.536055 12.5
 9.816296 7.9341598 7.380685 0.9302415 0.80826414 8.178727 15.909091
 13.462896 3.315495 0.33577165 0.101273455 0.24626906 0.9340512 18.181818
 11.15695 9.262535 8.681212 0.9372393 0.8302032 7.84722 14.772727
 5.4407415 2.5582798 2.2541802 0.8811312 0.4702079 6.6753635 15.476191
 23.137844 15.370168 13.731278 0.89337206 0.664287 6.7116365 14.772727
 2.6133928 1.3127283 0.8876642 0.676198 0.5023081 3.7915204 17.857143
 8.603906 8.170465 7.510758 0.91925704 0.94962287 8.189579 11.363636
 40.81071 34.512123 32.207172 0.9332133 0.84566337 8.70714 9.090909
 24.935846 11.174633 6.937514 0.620827 0.44813532 5.894601 14.772727
 102.391884 98.84144 93.60988 0.9470712 0.96532494 8.672518 3.409091
 94.212364 81.40524 76.41341 0.9386791 0.8640611 8.463285 12.5
 86.9148 82.38798 77.20305 0.937067 0.94791657 8.561244 9.090909
 85.15969 82.23874 77.995575 0.94840425 0.9657003 8.605282 12.5
 92.48149 77.85468 72.68675 0.93362087 0.8418407 8.678987 14.772727
 13.436034 10.550293 9.864581 0.9350054 0.7852237 8.708129 13.636364
 9.991915 7.574404 7.220013 0.9532121 0.7580533 6.903251 11.842105
 99.053764 74.83564 69.25919 0.92548406 0.7555052 8.39981 13.636364
 5.1984115 3.0573359 1.7324904 0.56666666 0.58812886 5.2932053 14.772727
 90.98983 87.290855 82.88733 0.94955343 0.9593473 8.7839985 3.409091
 87.62089 52.475586 47.91851 0.91315824 0.5988935 8.536229 13.636364
 88.03815 60.723713 54.900284 0.9040996 0.6897432 8.756034 15.909091
 11.845465 9.448401 8.792122 0.9305407 0.7976387 10.927218 13.636364
 18.505163 14.784219 12.429356 0.8407178 0.79892397 6.7660017 10.227273
 93.15614 88.96523 83.46437 0.93816835 0.955012 8.39853 6.818182
 95.49298 85.76905 80.6405 0.94020516 0.89817125 8.203628 13.095238
 19.037369 18.614883 17.450373 0.937442 0.9778075 8.924998 7.9545455
 92.27227 88.65122 82.824295 0.93427134 0.9607569 8.47074 7.9545455
 96.22208 92.15506 87.54617 0.9499877 0.95773304 8.531697 7.9545455
 82.38189 77.28889 72.10662 0.9329493 0.9381781 7.5945005 1.3157895
 7.727963 3.1495116 1.7623657 0.5595679 0.40754744 3.8399105 18.181818
 99.9169 93.1241 88.469826 0.95002073 0.9320155 8.4195385 6.818182
 89.5648 82.514626 78.03036 0.9456549 0.9212841 8.638138 13.636364
 100.40324 91.20589 82.15112 0.90072167 0.90839595 5.5680714 10.0
 92.01584 66.90255 62.937435 0.9407329 0.7270765 8.493135 15.909091
 113.3195 88.06717 80.98865 0.9196236 0.7771581 8.242902 15.909091
 75.88615 72.337265 68.33148 0.94462353 0.95323414 8.538636 5.681818
 12.497516 7.5762057 6.1069965 0.8060759 0.60621697 10.568414 14.772727
 7.526818 5.645934 5.1765494 0.9168632 0.750109 7.1430097 15.909091
 100.28125 93.50033 88.28659 0.9442383 0.9323809 8.655906 13.636364
 99.97474 93.92403 88.84051 0.94587636 0.93947756 8.788299 7.9545455
 106.18446 101.93821 96.67373 0.94835615 0.96001065 8.564625 5.681818
 19.222506 16.820131 15.788926 0.9386922 0.8750229 8.181538 11.363636
 105.04612 89.57238 83.8668 0.936302 0.85269576 8.612743 10.227273
 76.94751 52.343575 47.694298 0.91117775 0.68025035 8.198394 13.636364
 19.924318 19.308365 18.261415 0.9457774 0.96908534 8.970826 14.772727
 37.359917 29.808397 26.427013 0.88656265 0.79787105 3.387695 8.333333
 1.5741445 0.43478417 0.080505095 0.18516107 0.27620345 2.0645058 22.058823
 4.3045454 1.0444646 0.25447717 0.24364367 0.24264225 2.0821133 14.772727
 7.9350896 6.1733255 5.838704 0.94579566 0.77797806 9.335347 15.909091
 5.483393 1.6501423 0.2521559 0.15280858 0.30093452 1.1829344 15.909091
 23.004133 18.820017 17.176804 0.91268796 0.8181145 9.094896 12.5
 9.128717 6.597199 5.8699317 0.88976127 0.72268623 7.994637 13.636364
 2.8916693 0.7343783 0.16107902 0.21934067 0.25396344 1.7270489 13.636364
 10.457417 8.477838 7.8439894 0.9252347 0.810701 8.333565 12.5
 17.47054 14.941043 13.812785 0.92448604 0.8552136 8.777182 17.045454
 12.576617 10.483201 9.9695635 0.95100373 0.833547 8.144425 14.772727
 2.0171762 0.5159917 0.18306978 0.35479212 0.25579906 3.1062546 19.736841
 100.28869 66.35106 61.000847 0.9193651 0.6616006 8.357727 17.045454
 11.575131 7.9609084 7.2030654 0.90480447 0.68775964 8.618612 10.227273
 12.687702 8.344163 7.795291 0.93422085 0.6576575 7.1806693 18.181818
 21.400757 22.014341 21.145683 0.9605412 1.0286711 8.036518 5.681818
 35.41063 33.1646 31.334745 0.94482505 0.9365719 8.718442 9.523809
 76.11481 74.40009 68.45645 0.92011243 0.97747207 5.844303 1.6666666
 16.91391 3.112621 0.5242886 0.16843958 0.1840273 1.4415334 17.5
 94.4571 87.24503 81.96136 0.9394387 0.92364717 7.609352 13.75
 93.729996 87.74054 80.48614 0.9173199 0.9360988 7.007897 6.5789475
 83.26469 79.45374 73.038345 0.91925627 0.9542309 6.4949646 8.333333
 70.45796 59.33466 51.240776 0.8635893 0.84212846 6.7125306 14.705882
 17.64075 15.503898 14.054028 0.9064835 0.8788684 5.1695843 0.0
 16.611395 16.024918 13.933077 0.86946326 0.9646943 3.6829104 7.6923075
 34.28352 32.31204 30.550938 0.94549704 0.9424948 3.956269 11.538462
 106.238205 92.48418 84.766945 0.91655624 0.87053597 4.1232595 13.461538
 18.18592 11.585931 7.921295 0.68369955 0.63708246 3.8600852 12.5
 1.0 50.25337 43.70702 40.564228 0.92809415 0.86973315 351.4229 11.784418 138.0
