 5.174772 2.2063627 0.70422876 0.31918088 0.42636907 3.6829638 17.857143
 104.11081 67.57245 60.730156 0.8987414 0.64904356 8.647798 17.045454
 2.20274 0.9458262 0.52446103 0.5545004 0.4293862 6.253852 19.444445
 99.49779 85.92161 81.27414 0.94591033 0.8635529 9.01616 10.227273
 90.49965 88.29436 81.09485 0.91846013 0.975632 5.9763613 4.6875
 67.77575 46.161404 40.311424 0.87327117 0.6810903 5.9491973 9.375
 92.82201 82.104485 73.24189 0.89205706 0.88453686 3.8997307 4.1666665
 6.438906 3.746794 3.6202056 0.96621424 0.5818991 11.416633 19.047619
 1.9876758 0.5504049 0.1172696 0.21306062 0.2769088 1.7456468 20.833334
 104.09261 102.56329 97.70352 0.9526168 0.98530805 9.021016 3.409091
 59.32236 41.698 38.899216 0.9328795 0.70290536 8.593527 15.909091
 9.66058 9.002338 8.483111 0.9423231 0.93186325 8.82369 15.909091
 80.713264 60.638393 55.836273 0.9208073 0.7512816 8.694616 15.909091
 101.24643 80.01251 73.43746 0.9178247 0.7902749 8.784203 13.636364
 80.94852 54.360172 49.1994 0.90506345 0.6715401 8.619989 18.181818
 99.45692 94.921295 88.226166 0.9294665 0.9543961 8.873652 10.227273
 16.222885 16.094067 15.148809 0.9412668 0.9920594 10.393062 12.5
 87.9666 59.018932 53.73588 0.9104855 0.67092437 8.622783 17.045454
 109.03772 75.18081 69.08821 0.9189607 0.6894936 8.668433 14.772727
 105.831085 83.999466 77.237 0.9194939 0.7937126 6.481979 11.764706
 85.42303 59.77658 54.506306 0.91183376 0.6997713 8.538329 14.772727
 2.3834212 0.59597427 0.17427029 0.29241243 0.2500499 3.230201 17.857143
 96.85999 70.49063 64.62712 0.9168186 0.727758 7.4729505 13.75
 75.19185 61.678787 58.201572 0.9436238 0.82028556 8.85553 10.227273
 12.756131 8.776851 5.2163754 0.59433335 0.6880496 7.035866 14.772727
 12.486419 10.781075 10.34295 0.9593617 0.86342406 8.960103 14.772727
 84.204384 53.387657 47.81661 0.8956491 0.6340247 8.188093 17.045454
 95.46083 66.11121 59.60876 0.9016437 0.6925481 8.496922 14.772727
 4.6491523 1.335116 0.36722934 0.27505428 0.28717408 2.2386956 19.318182
 92.036606 79.35821 74.59808 0.9400173 0.8622461 8.785826 18.181818
 91.11425 70.88261 64.7044 0.9128389 0.777953 4.2258234 12.5
 19.808126 16.847942 8.4899435 0.5039158 0.850557 4.34218 18.181818
 93.13068 67.23931 62.497166 0.92947364 0.72198886 8.806709 15.909091
 100.623856 77.54627 71.958786 0.92794645 0.770655 8.6327305 12.5
 11.347505 9.847295 8.157794 0.82842994 0.86779386 8.028723 6.818182
 12.181413 9.819805 7.9114485 0.8056625 0.80613023 7.813763 10.227273
 99.90967 97.4935 92.76153 0.9514637 0.97581655 9.009128 3.409091
 65.894035 50.558582 45.84357 0.9067416 0.767271 7.4967666 15.0
 10.0514345 9.603692 9.182202 0.95611167 0.9554548 9.168497 13.636364
 89.36105 87.98532 83.66762 0.950927 0.9846047 8.985365 11.363636
 96.03993 71.83618 66.09962 0.9201438 0.74798244 7.690962 15.0
 111.89411 103.69062 98.30033 0.94801563 0.9266852 9.004146 6.818182
 10.969154 8.826579 8.368116 0.9480589 0.80467266 8.860779 11.363636
 99.12921 81.86135 77.223015 0.9433392 0.8258045 8.834221 15.909091
 111.82303 81.39661 74.97501 0.9211074 0.7279055 8.711774 17.045454
 97.79779 67.719635 61.374588 0.9063041 0.69244546 5.8012 17.1875
 89.53609 64.62115 60.140213 0.9306584 0.721733 9.053249 14.772727
 11.235504 10.957513 10.166309 0.9277935 0.9752578 8.473282 12.5
 110.10322 98.269844 87.259026 0.8879532 0.8925248 3.9125962 4.1666665
 109.285416 85.77811 80.884674 0.94295245 0.78489983 7.951335 18.75
 13.493009 10.775067 9.9230385 0.92092586 0.79856664 9.812653 13.636364
 90.38091 77.09612 72.2472 0.9371055 0.85301334 8.836852 12.5
 98.3265 72.04095 67.81004 0.9412708 0.7326707 8.791696 14.772727
 6.59957 6.2539864 5.885401 0.9410639 0.9476355 8.873139 15.909091
 97.9997 75.001755 70.87904 0.9450319 0.7653263 8.896635 15.909091
 10.372157 8.259296 7.2680073 0.879979 0.7962949 3.3043714 12.5
 10.691483 10.388909 9.923055 0.9551585 0.9716996 4.876117 8.333333
 3.0871623 1.2303776 0.38102666 0.30968273 0.39854643 2.9566073 15.476191
 94.48237 90.22793 86.004 0.953186 0.9549711 8.931507 14.772727
 79.23546 47.976616 44.267727 0.92269385 0.60549426 8.860996 12.5
 106.8282 88.72232 82.80414 0.9332954 0.8305141 8.900249 13.636364
 99.60119 85.624344 80.19258 0.9365629 0.8596719 7.831714 11.25
 87.24192 50.411114 44.698044 0.8866704 0.57783127 8.8196125 19.318182
 98.619064 80.414345 75.61061 0.9402627 0.8154037 8.898297 15.909091
 110.20407 89.757454 83.12608 0.9261191 0.8144658 7.4159307 13.157895
 93.194565 74.12499 69.3015 0.9349275 0.7953789 8.812276 19.318182
 95.75292 88.657074 78.465065 0.8850401 0.9258942 4.8507156 5.357143
 1.0 67.5195 53.687008 49.44515 0.92098904 0.79513335 427.51236 13.652761 67.0
