 9.89016 7.58179 6.4466486 0.8502805 0.7665994 9.181985 13.636364
 4.6487164 1.994858 0.78871226 0.39537263 0.42912018 4.7433963 16.666666
 58.21005 54.44816 50.96807 0.9360844 0.9353739 8.184398 13.157895
 33.16425 29.079891 27.586308 0.94863856 0.87684464 8.798034 13.636364
 51.773777 49.805355 48.02974 0.9643489 0.96198034 10.348059 11.363636
 21.915686 13.842556 11.971998 0.864869 0.6316278 10.013484 17.045454
 6.265493 2.056826 0.6406566 0.31147823 0.32827842 3.8858428 18.181818
 9.38323 8.032115 6.5251904 0.8123876 0.8560075 9.895574 9.090909
 28.182768 23.824848 21.690384 0.91041017 0.84536934 9.848596 8.333333
 3.9509087 1.6095748 0.92838216 0.57678723 0.40739357 5.62052 20.0
 10.3413515 8.545965 7.6898932 0.89982736 0.82638764 10.404662 13.636364
 2.760716 0.8160187 0.33082533 0.40541393 0.29558226 4.1415734 17.5
 13.700378 15.235027 14.411407 0.9459391 1.112015 3.48338 10.416667
 96.622665 76.07043 72.519516 0.95332074 0.7872938 9.462264 14.772727
 17.155893 11.672358 10.536126 0.9026562 0.6803702 5.113551 10.714286
 3.7770116 1.0952835 0.29585397 0.27011633 0.2899868 2.5869439 17.857143
 10.633705 8.106869 7.4894204 0.9238364 0.7623748 9.125359 17.045454
 10.150927 8.566089 8.114577 0.94729084 0.84387255 10.260848 12.5
 2.4698834 0.68294466 0.3038633 0.44493106 0.27650887 6.4789195 22.058823
 6.2140956 4.4835324 4.345222 0.9691514 0.72151005 9.508179 16.25
 14.863225 13.491554 12.9461975 0.9595779 0.9077138 7.9864297 7.9545455
 29.821974 27.471046 26.247734 0.9554691 0.92116797 9.8249035 10.227273
 2.4850993 1.2252761 0.42786536 0.34919912 0.49304914 2.779185 20.0
 35.687607 33.499622 32.179916 0.9606054 0.93869066 11.04011 10.227273
 13.363758 9.326604 8.630715 0.9253867 0.6979028 8.039955 13.636364
 6.9081583 4.2957625 4.143872 0.96464175 0.62183905 7.5265956 16.17647
 89.47688 74.10439 70.40941 0.95013803 0.828196 9.533999 11.363636
 2.8280933 0.67484885 0.1328824 0.1969069 0.23862326 2.0681026 17.5
 5.0602784 2.1773064 1.7228929 0.7912955 0.43027407 11.22219 17.857143
 6.455337 1.0548092 0.5459298 0.5175626 0.16340111 2.0783498 17.045454
 1.7465205 0.46461877 0.12792437 0.27533188 0.26602536 2.5099554 18.75
 4.1474032 2.311192 1.3477306 0.5831323 0.5572624 7.774464 13.636364
 7.435959 1.9539448 0.44632158 0.22842076 0.26276973 1.9753656 13.636364
 11.758084 7.300393 6.6655064 0.9130339 0.62088287 8.5458555 17.045454
 12.180668 8.933389 7.1473646 0.80007315 0.73340714 5.4275236 10.0
 77.23367 72.20654 67.567894 0.93575865 0.93491006 8.109426 10.526316
 44.121254 13.386435 7.6838484 0.5740026 0.30340102 6.112975 19.117647
 7.401107 5.405764 4.4985075 0.8321687 0.7303994 5.660257 8.928572
 69.99007 58.930264 49.09802 0.83315456 0.8419804 3.770173 8.333333
 14.672837 11.507999 10.054289 0.87367827 0.78430635 3.769485 6.25
 1.0 21.471241 16.931807 15.34094 0.90604275 0.7885807 139.81203 14.051903 40.0
