 114.72461 108.77998 97.29812 0.8944487 0.9481836 5.4879556 8.333333
 13.4888115 12.973805 12.073184 0.9305815 0.96181977 9.402432 9.090909
 12.77951 7.8090425 3.4491115 0.44168174 0.6110596 4.8963985 10.227273
 20.364737 22.88629 21.776787 0.9515211 1.1238196 9.713052 12.5
 14.5276985 13.189128 11.778382 0.8930372 0.9078609 4.8788276 7.142857
 117.14457 117.0918 109.18346 0.9324603 0.99954957 9.020518 0.0
 103.46238 98.81051 91.73297 0.9283727 0.955038 8.801956 3.409091
 107.615906 104.46022 96.916466 0.9277834 0.9706764 8.903244 1.1363636
 119.58202 119.4852 108.48147 0.9079071 0.99919033 6.508301 1.4705882
 125.09846 125.0908 117.11882 0.9362705 0.9999388 9.03606 3.409091
 38.488586 32.64027 29.566786 0.9058376 0.84805065 9.271088 4.5454545
 5.778969 2.7554715 1.66634 0.60473865 0.47681025 6.377237 15.909091
 106.16897 104.41385 97.17423 0.9306642 0.98346865 9.090053 2.2727273
 5.4492664 4.176779 3.8048022 0.9109417 0.7664846 8.586433 14.772727
 112.32603 109.44821 102.015015 0.9320848 0.97437984 9.074128 0.0
 107.32346 106.29992 99.083374 0.9321115 0.990463 8.946541 1.1363636
 15.162976 14.358514 8.507495 0.5925053 0.94694567 4.718936 11.363636
 114.449905 113.75699 106.34185 0.934816 0.9939457 9.136074 1.1363636
 94.20073 93.528 84.74534 0.90609586 0.9928586 6.5963006 0.0
 78.467155 73.68026 68.26748 0.92653686 0.9389949 9.336295 13.636364
 17.482859 18.085222 16.77806 0.92772204 1.0344546 9.550773 5.681818
 14.283431 13.836116 12.8284235 0.92716944 0.96868294 9.040693 2.2727273
 105.38732 99.44106 89.11984 0.8962077 0.9435772 8.899139 1.1363636
 12.068711 9.986333 8.219078 0.8230326 0.8274565 8.283198 9.090909
 110.06426 108.13291 100.69218 0.931189 0.9824525 8.9978485 1.1363636
 6.811573 6.733072 5.991269 0.889827 0.9884753 9.256316 13.636364
 62.67857 58.489017 53.909176 0.92169744 0.9331581 8.340301 1.1363636
 116.58838 112.39048 101.028175 0.8989033 0.96399385 5.9653544 7.8125
 112.66717 110.16742 102.844154 0.93352604 0.977813 8.933615 1.1363636
 45.65043 49.42123 47.168694 0.9544217 1.0826017 3.856938 5.882353
 119.33285 117.79066 109.74806 0.9317213 0.9870765 9.1498165 3.409091
 30.710636 28.689993 24.556057 0.8559102 0.9342038 9.6332655 3.409091
 98.13833 95.09202 87.91232 0.9244974 0.968959 8.884317 3.409091
 110.052704 109.22716 98.81334 0.9046591 0.99249864 6.126643 0.0
 2.2392814 0.6670695 0.24886896 0.373078 0.29789445 2.8865218 14.285714
 1.8218976 0.4593174 0.064397745 0.14020315 0.25210932 1.1036098 15.909091
 2.3533285 0.948881 0.6462442 0.6810593 0.40320808 3.3315444 17.647058
 14.008582 11.594782 9.9750185 0.8603024 0.8276913 9.154741 11.363636
 14.116743 13.529427 12.125504 0.8962319 0.9583957 7.47318 10.227273
 16.93904 17.64831 15.68197 0.888582 1.0418719 5.9844546 1.5625
 114.94018 113.01362 105.30131 0.9317577 0.9832385 9.084636 1.1363636
 103.764496 102.62346 95.83289 0.93383026 0.9890036 9.013307 1.1363636
 114.27901 112.32576 102.69789 0.9142862 0.98290807 8.899395 0.0
 9.053571 8.414132 7.2731533 0.86439735 0.92937165 4.259369 12.5
 10.606854 10.508207 9.692929 0.92241514 0.9906997 8.152655 6.818182
 111.679115 109.926056 102.23346 0.9300203 0.9843027 8.9543085 4.5454545
 108.34652 106.76859 95.4596 0.89407945 0.9854363 8.76674 1.1363636
 114.33963 111.29481 96.39368 0.86611116 0.9733704 4.2940426 7.6923075
 94.1913 92.29123 83.70152 0.90692824 0.9798276 6.6275196 0.0
 16.15723 11.623799 10.485193 0.90204525 0.7194178 9.11066 14.772727
 2.0187292 0.58551884 0.18869427 0.3222685 0.2900433 1.7443432 15.909091
 21.462286 18.879482 17.404837 0.9218916 0.87965846 7.4290385 14.772727
 122.69032 107.66661 99.99018 0.9287018 0.8775477 9.10622 6.818182
 5.0364623 1.67582 0.44940516 0.2681703 0.33273754 3.393071 17.045454
 15.167161 12.898558 11.35964 0.88069075 0.8504266 8.859903 5.681818
 120.59542 111.02167 99.20738 0.8935858 0.92061263 7.081242 1.3888888
 126.91515 125.36039 110.1257 0.87847286 0.9877496 4.43445 1.9230769
 115.073654 113.267044 105.859924 0.9346048 0.98430043 8.990654 0.0
 13.184154 12.405418 10.7487335 0.8664547 0.940934 8.50276 5.681818
 78.623055 78.14129 73.18015 0.93651074 0.9938725 9.069041 3.409091
 10.564611 9.420819 8.518353 0.90420514 0.89173365 8.190343 14.772727
 6.971796 2.6080086 1.538917 0.5900736 0.37407988 7.735451 18.181818
 8.142307 4.148106 3.0752337 0.7413585 0.5094509 7.248513 13.636364
 90.63276 89.13788 79.73133 0.8944719 0.9835062 6.1346855 6.25
 2.7837615 0.94181925 0.548474 0.5823559 0.33832613 4.548885 14.705882
 104.93675 103.575806 97.085884 0.93734133 0.9870308 9.052446 7.9545455
 105.619995 104.78574 97.89612 0.93425035 0.99210143 9.0873995 0.0
 10.850053 6.8462343 4.967004 0.72550887 0.6309863 6.844464 14.772727
 3.900627 2.2694063 1.884081 0.8302088 0.5818055 3.7956285 11.363636
 96.93415 94.30847 88.383316 0.93717265 0.9729128 9.026396 2.2727273
 20.97657 6.048538 3.6438963 0.6024425 0.28834733 4.4582753 18.055555
 118.083694 116.38778 107.11894 0.9203624 0.9856381 8.266313 9.523809
 16.175192 14.586102 13.40208 0.9188253 0.9017576 9.624127 3.409091
 100.3369 97.99317 91.15445 0.93021226 0.9766414 8.906156 3.409091
 97.892006 99.62348 93.11034 0.93462247 1.0176876 9.075284 5.681818
 8.778491 6.5858545 1.9950008 0.3029221 0.7502263 4.348042 11.363636
 9.635615 8.408141 7.349293 0.8740687 0.87261075 9.539515 13.095238
 109.10022 97.59633 76.55044 0.7843578 0.89455664 9.196222 2.2727273
 108.9172 108.74484 101.18864 0.93051434 0.99841756 9.011255 1.1363636
 93.46551 90.738 84.41346 0.93029886 0.97081804 8.974476 3.409091
 16.458199 14.292717 13.019821 0.91094095 0.8684253 9.2254505 5.681818
 112.6186 110.248474 102.34929 0.9283511 0.9789544 8.995073 3.409091
 100.17021 98.44886 91.67047 0.9311482 0.98281574 8.979507 1.1363636
 9.989622 9.762711 8.974947 0.91930896 0.9772852 8.709914 12.5
 100.64332 99.037575 92.268974 0.93165624 0.9840452 9.09365 1.1363636
 99.30384 96.625015 89.91466 0.9305526 0.9730239 9.136518 0.0
 8.0991125 5.1013975 2.7377207 0.5366609 0.6298712 4.3105125 12.5
 106.710495 104.18907 96.06467 0.92202246 0.97637135 9.030649 2.2727273
 112.85934 114.23177 105.57806 0.9242442 1.0121605 8.879334 4.5454545
 101.56116 99.88044 92.60752 0.92718375 0.9834512 8.422762 3.5714285
 106.74597 104.67228 92.550316 0.8841912 0.9805736 4.9482317 3.5714285
 28.351694 12.078701 10.522817 0.87118775 0.42603102 8.380733 14.772727
 106.16575 97.730194 75.17092 0.76916784 0.9205435 8.366865 3.5714285
 17.573675 15.596317 13.90633 0.89164186 0.88748187 7.3749313 2.7777777
 15.101629 13.880744 13.133259 0.94614947 0.9191554 7.922933 11.363636
 76.74303 73.85543 65.706535 0.8896643 0.96237314 5.5794897 6.6666665
 98.25443 99.10622 92.52941 0.9336388 1.0086691 9.046813 1.1363636
 83.63415 84.31618 78.665215 0.93297887 1.0081549 9.06694 1.1363636
 13.678272 12.505438 10.716542 0.8569506 0.9142557 3.734083 6.25
 8.246985 5.5327053 4.713143 0.8518695 0.6708761 8.550861 13.636364
 118.58285 117.35351 105.04198 0.89509016 0.9896331 5.499023 1.6666666
 8.38394 8.857623 8.473589 0.9566437 1.0564989 8.62583 5.681818
 3.6416066 1.2685219 0.43839324 0.34559375 0.3483413 4.311081 15.909091
 114.32957 110.12575 97.14735 0.8821493 0.96323067 5.0246487 7.142857
 11.851663 11.092811 10.602516 0.9558007 0.93597084 8.708841 10.714286
 83.38563 82.95308 74.86334 0.90247816 0.99481267 9.493052 7.9545455
 11.661086 12.025511 6.702374 0.5573463 1.0312514 5.683319 11.363636
 14.838496 11.707884 10.523053 0.89880055 0.78902096 5.3657904 8.928572
 12.042647 8.816109 6.575763 0.7458805 0.73207396 6.482799 14.285714
 2.5602694 1.6851245 1.520216 0.9021387 0.6581825 3.818566 18.75
 11.133084 10.3547125 7.4110227 0.715715 0.93008476 8.252477 9.090909
 119.50956 118.75853 104.50412 0.8799715 0.9937157 4.9981565 0.0
 1.7228279 0.54449654 0.19410998 0.35649443 0.31604812 3.5356507 21.875
 95.07441 92.43431 86.285934 0.93348384 0.97223127 9.114467 5.681818
 12.410433 12.043297 11.52716 0.9571432 0.97041714 8.604129 14.772727
 95.22791 93.67966 87.605736 0.93516284 0.9837416 8.960707 1.1363636
 81.35298 61.09112 55.345543 0.90595067 0.75093895 9.054069 15.909091
 12.936397 12.045085 11.142606 0.92507493 0.9311005 9.927614 11.363636
 97.52711 95.928764 87.606186 0.9132421 0.9836113 8.768408 1.1363636
 113.71706 109.002525 101.654945 0.9325926 0.9585415 8.9121685 1.1363636
 111.15955 109.3192 98.70749 0.9029291 0.98344404 6.081949 1.5625
 118.95097 119.063835 104.316826 0.876142 1.0009488 8.806522 4.5454545
 11.263338 8.846233 7.475478 0.8450465 0.7854006 8.810237 9.523809
 11.699292 7.9497294 7.489432 0.9420989 0.67950517 9.33084 15.909091
 1.670925 0.40682837 0.07817372 0.19215405 0.24347495 1.2774998 21.428572
 89.163185 86.12677 79.38935 0.9217732 0.9659455 9.068848 5.681818
 106.34938 100.5349 91.89639 0.9140746 0.9453265 8.790513 10.227273
 12.594304 8.9994955 6.3347716 0.703903 0.7145687 4.755104 15.909091
 84.15018 78.32523 71.29537 0.91024786 0.9307792 7.61457 11.111111
 75.40898 69.19819 63.511326 0.9178178 0.91763854 8.825812 1.1363636
 90.030876 88.5499 82.68884 0.9338107 0.9835503 8.989849 3.409091
 25.590105 22.355536 19.900183 0.89016795 0.8736008 8.133552 15.909091
 118.24707 121.22528 109.797066 0.90572745 1.0251864 6.575896 1.4705882
 14.714407 13.061141 11.957308 0.91548723 0.88764304 9.661443 11.363636
 119.36528 118.50836 109.40079 0.9231483 0.99282104 9.326374 3.409091
 6.3366003 4.7593565 3.0039692 0.6311713 0.7510899 6.5863895 11.363636
 12.447245 11.142385 9.572672 0.8591224 0.8951688 6.7185946 8.823529
 10.800225 9.714269 9.012198 0.92772794 0.89945054 8.732248 9.090909
 5.380324 4.784654 4.4815097 0.93664235 0.8892874 9.19546 14.772727
 105.572685 92.35692 38.74307 0.41949287 0.87481827 5.26244 4.5454545
 11.330284 10.500053 7.922157 0.75448734 0.9267246 8.645307 7.9545455
 19.62418 12.12809 10.037612 0.8276333 0.6180177 9.586491 13.636364
 9.655127 8.128906 7.3296824 0.9016813 0.8419264 7.6100535 9.090909
 100.430565 89.0641 79.582436 0.89354104 0.8868227 6.6981144 4.4117646
 14.024795 12.674949 11.612911 0.9162097 0.9037529 8.239706 12.5
 108.50403 92.8729 86.73348 0.93389434 0.8559397 8.301048 3.409091
 107.49495 101.20897 92.99239 0.9188158 0.9415231 7.041004 1.3888888
 3.486228 1.3452761 0.3207029 0.23839189 0.385883 2.456545 17.5
 12.274442 8.518581 7.34123 0.8617902 0.6940097 7.412244 9.210526
 2.7091377 0.9302063 0.21830378 0.23468319 0.3433588 2.1854415 20.0
 114.04931 108.703255 101.975845 0.93811214 0.95312506 8.030868 0.0
 2.3387742 0.74718606 0.21453758 0.28712738 0.31947765 2.265351 21.666666
 30.893663 30.598978 29.229134 0.9552323 0.9904613 7.7673283 8.75
 111.68173 108.65941 101.47501 0.9338815 0.97293806 7.337105 1.3157895
 100.95458 98.710144 92.212074 0.9341702 0.9777678 7.5988154 3.9473684
 14.2890215 14.149113 12.956132 0.9156851 0.9902086 7.087929 5.263158
 134.0746 101.54025 62.389633 0.6144325 0.7573415 3.533055 4.1666665
 118.23127 113.89221 103.9316 0.91254354 0.9633003 7.6576495 1.3157895
 127.255684 122.01749 103.16869 0.84552383 0.9588372 7.127856 1.3157895
 42.60747 28.086342 24.320122 0.86590564 0.6591882 7.0054417 17.105263
 79.373436 65.35837 60.168575 0.9205948 0.82342875 7.4300284 11.842105
 12.711774 8.584165 6.260478 0.72930545 0.67529243 6.5323834 13.157895
 90.85921 87.36262 81.42707 0.93205845 0.96151644 7.421917 9.210526
 101.82307 96.937515 90.33762 0.931916 0.9520193 7.0867157 1.3888888
 102.22619 99.497925 92.88529 0.9335399 0.97331154 6.9615636 1.3888888
 90.27263 87.914406 82.3028 0.9361697 0.9738767 5.563028 5.0
 12.466269 12.663265 11.80499 0.9322232 1.0158024 6.0956674 11.764706
 102.67199 103.764854 96.93977 0.9342255 1.0106442 6.608149 4.4117646
 84.918465 89.03974 82.9856 0.93200636 1.0485321 6.009663 1.5625
 80.49384 82.17444 73.181885 0.8905676 1.0208784 4.224323 0.0
 40.91007 42.65229 38.583168 0.9045978 1.0425866 6.0163884 9.375
 14.795436 14.936508 13.261022 0.88782614 1.0095348 5.061052 12.5
 32.97261 27.794882 25.225822 0.90757084 0.84296876 4.6862245 6.25
 15.064686 12.084667 10.798751 0.8935911 0.8021851 5.1231365 11.666667
 12.409456 10.8970375 6.8464484 0.6282853 0.87812364 3.4310412 11.666667
 16.379257 17.320728 15.736346 0.9085268 1.0574795 5.7329526 11.666667
 14.600906 9.000786 7.1530905 0.79471844 0.61645395 4.362457 11.538462
 21.979218 5.9794316 4.689978 0.7843518 0.27204934 3.6438026 15.384615
 28.665619 34.093052 31.674976 0.9290742 1.1893361 3.8559678 8.333333
 87.05588 73.7218 65.702446 0.8912214 0.8468331 4.0100203 6.25
 89.97609 88.48992 80.03922 0.904501 0.9834826 3.9966974 0.0
 1.0 59.54173 56.60909 51.0578 0.9019364 0.9507465 437.59912 7.4856753 181.0
