 34.71745 34.863777 32.034462 0.9188465 1.0042149 9.402847 3.409091
 10.926003 5.0709243 3.5614102 0.70231974 0.46411523 8.029245 15.909091
 28.00369 29.294245 26.94371 0.91976124 1.0460851 9.600399 1.1363636
 24.575848 24.092766 22.120998 0.91815937 0.9803432 8.624706 4.5454545
 11.568531 11.389338 10.491578 0.9211754 0.9845103 9.248761 3.409091
 10.672441 8.017903 7.182477 0.8958049 0.7512718 8.491145 11.363636
 16.657434 13.845319 12.707896 0.9178479 0.83117956 9.021073 15.909091
 28.090153 27.11205 24.855867 0.91678303 0.96517986 9.157064 3.409091
 15.240972 14.951203 13.76283 0.92051655 0.98098755 9.337378 12.5
 14.391574 7.6795607 6.9512515 0.90516263 0.5336151 8.764215 17.045454
 12.362818 11.907867 10.950013 0.9195612 0.96320015 8.94173 11.363636
 16.804432 16.287226 15.019687 0.9221759 0.96922207 9.192284 2.2727273
 13.610123 7.873732 6.412488 0.81441534 0.5785203 7.8199673 12.5
 17.50156 17.216621 15.88543 0.9226799 0.9837192 9.235241 3.409091
 9.480182 4.362165 2.5788765 0.5911918 0.4601352 6.338114 17.045454
 17.233059 8.632034 5.1205683 0.5932052 0.50089973 6.6643586 14.772727
 34.851986 34.58272 31.42997 0.90883446 0.99227405 9.156876 3.409091
 9.351947 9.708737 9.150053 0.94245553 1.0381515 8.856111 11.363636
 25.155073 24.226156 21.977043 0.90716183 0.9630724 9.42334 10.227273
 9.959426 7.6630077 6.5447702 0.85407335 0.7694226 5.9346137 12.5
 31.053381 23.928213 21.06471 0.88032943 0.770551 9.791513 11.363636
 58.025803 58.644405 54.137383 0.9231466 1.0106609 9.398814 7.9545455
 24.941967 18.653212 16.398127 0.8791047 0.74786454 9.118267 13.636364
 55.095 44.101963 39.44977 0.89451283 0.80047125 8.042409 10.227273
 63.952084 58.46449 52.073948 0.8906936 0.91419214 6.171961 12.5
 31.514414 32.634476 29.92534 0.91698545 1.0355413 9.090347 5.681818
 22.668713 17.521652 14.847234 0.8473649 0.77294433 9.334785 15.909091
 12.564191 12.127254 10.726394 0.8844867 0.9652236 8.799451 13.636364
 28.293505 28.463556 26.123528 0.9177886 1.0060103 9.132625 11.363636
 10.287678 9.180953 8.317513 0.90595317 0.89242226 8.972818 10.227273
 12.516288 9.296217 8.305169 0.89339226 0.74272954 8.86117 14.772727
 29.2201 30.915426 28.211758 0.9125463 1.0580192 9.42953 0.0
 22.052153 20.426247 18.661922 0.91362464 0.92627 9.190064 12.5
 33.230843 35.155945 32.33969 0.91989255 1.0579312 9.099091 3.409091
 68.34061 69.919106 64.97381 0.9292711 1.0230975 9.237922 4.5454545
 20.490875 19.038183 16.913687 0.8884086 0.9291054 9.503016 12.5
 11.862918 9.62913 8.649016 0.89821357 0.81170005 8.394302 12.5
 46.868088 21.31291 18.585384 0.8720248 0.45474246 8.314727 19.318182
 16.853386 16.345585 15.399738 0.9421344 0.9698695 8.517567 12.5
 11.272335 6.2014494 4.9193163 0.7932527 0.5501477 9.867228 17.045454
 34.12006 29.89658 27.031511 0.90416735 0.8762171 8.654842 15.909091
 19.572554 6.168662 3.0630317 0.49654716 0.315169 2.6289148 18.181818
 8.725697 7.93029 7.291523 0.9194522 0.9088433 8.539449 12.5
 19.315905 18.50393 17.343199 0.9372711 0.95796347 8.041341 9.090909
 98.181015 77.447296 70.454056 0.90970325 0.7888215 9.041217 15.909091
 14.140593 14.340451 13.347593 0.9307653 1.0141336 9.27644 6.818182
 12.155064 11.037328 9.7122345 0.87994444 0.9080436 9.17308 11.363636
 21.949987 22.482603 20.803596 0.92531973 1.0242649 9.0454 2.2727273
 27.263073 28.204952 25.944422 0.9198534 1.0345478 9.380537 15.909091
 17.991339 15.735123 14.014328 0.89063984 0.87459433 8.445344 11.25
 10.963975 9.60619 8.574888 0.89264196 0.87615937 9.033401 14.772727
 28.013216 30.425184 28.770039 0.94559944 1.0861012 9.100182 2.2727273
 18.027922 13.313491 11.544223 0.8671071 0.73849285 9.417312 13.636364
 18.17034 17.240196 16.094645 0.93355346 0.94880974 10.09555 5.681818
 42.00718 30.279667 27.207993 0.89855653 0.7208212 8.970753 14.772727
 13.719428 10.367375 9.146301 0.88221955 0.7556711 7.6705704 13.636364
 10.75648 3.0659263 1.8729671 0.6108976 0.28503063 6.2947707 17.045454
 22.363127 21.193779 18.989487 0.89599353 0.9477109 8.025257 13.157895
 24.52552 24.963614 23.116697 0.9260156 1.0178628 9.320141 7.9545455
 8.294926 6.0603366 4.965253 0.8193032 0.73060775 8.239458 12.5
 8.355315 4.876477 1.6685061 0.34215403 0.58363765 2.8753784 11.666667
 67.72183 70.03484 64.77215 0.92485607 1.0341545 9.519058 1.1363636
 9.298925 5.3226023 4.5554724 0.8558732 0.57238895 7.605221 13.636364
 53.753628 51.62573 47.108536 0.9125012 0.9604138 9.475819 13.636364
 9.102707 2.8825104 1.5308824 0.5310934 0.3166652 5.1466255 15.909091
 7.239064 1.7286808 0.35115832 0.2031366 0.23879893 1.6370147 20.454546
 31.428774 30.843859 24.276901 0.7870903 0.98138916 9.401954 11.363636
 13.094883 11.863778 10.903998 0.9191 0.90598583 9.251733 11.363636
 18.401112 18.489883 17.113543 0.92556256 1.0048242 8.676913 10.227273
 27.97271 29.293297 26.955553 0.9201952 1.0472099 9.39341 5.681818
 26.290972 27.37704 25.7331 0.9399519 1.0413096 9.016339 11.363636
 42.70549 43.1209 39.64699 0.91943794 1.0097272 9.615677 3.409091
 23.381481 21.318605 18.906967 0.88687634 0.9117731 9.467875 12.5
 18.143867 17.868063 16.361946 0.9157089 0.984799 8.638034 9.090909
 12.747126 4.91246 1.8644848 0.37954202 0.38537782 4.4967127 15.909091
 28.88749 26.879177 24.375496 0.9068543 0.9304781 8.84689 9.090909
 59.743782 63.673424 59.18489 0.92950696 1.0657749 8.726007 1.1363636
 19.992538 19.442963 17.50087 0.9001133 0.97251105 9.449988 6.818182
 42.605537 34.01129 30.914265 0.9089412 0.79828334 8.699539 15.909091
 14.135211 11.775643 10.75258 0.9131204 0.83307165 8.846969 12.5
 11.199537 3.2976584 2.2278378 0.67558175 0.29444596 7.4434323 18.181818
 19.296494 18.616127 17.290813 0.9288083 0.96474147 9.440542 5.681818
 43.380573 32.737083 29.314936 0.89546573 0.7546485 9.035946 15.909091
 70.37147 73.64191 67.984924 0.9231826 1.0464739 9.332908 0.0
 51.1927 46.4694 38.45969 0.82763475 0.90773493 6.2083206 2.9411764
 21.092909 19.79001 18.167086 0.9179927 0.9382305 8.896142 13.636364
 17.010262 15.587568 13.886215 0.890852 0.9163627 8.960587 4.5454545
 11.684173 11.303134 10.452297 0.9247256 0.96738845 8.67889 7.9545455
 23.933945 19.567175 17.38897 0.88868064 0.8175491 9.018189 17.045454
 40.983173 37.56391 34.33111 0.91393864 0.91656905 9.413457 6.818182
 14.016922 12.158563 10.460448 0.86033595 0.86742026 8.822281 12.5
 22.630495 21.39907 19.828333 0.92659783 0.9455856 9.524075 10.227273
 25.16805 25.726166 23.106438 0.8981687 1.0221756 7.2070704 1.3888888
 19.230257 16.724316 15.500478 0.9268228 0.8696876 9.527647 13.636364
 40.388275 41.647663 38.298454 0.91958225 1.031182 9.548347 1.1363636
 11.867487 7.067504 5.5980363 0.7920811 0.595535 8.492215 15.909091
 14.14029 14.855798 13.810391 0.9296297 1.0506006 9.03189 12.5
 13.527121 13.719295 12.816396 0.93418765 1.0142065 9.00714 4.5454545
 15.349597 15.376184 13.994693 0.9101538 1.0017321 7.2739406 6.9444447
 17.498543 17.319674 16.113298 0.93034655 0.98977804 9.115539 10.227273
 44.912067 43.559216 39.7894 0.9134553 0.96987784 8.986934 3.409091
 18.671515 18.11366 16.870073 0.93134534 0.9701228 9.129915 3.409091
 12.699748 12.439738 11.445187 0.92005044 0.97952634 9.061555 10.227273
 2.2731762 0.5699949 0.123797126 0.21718988 0.25074822 2.0078676 18.75
 45.5462 44.89696 41.469807 0.92366624 0.98574555 9.098791 4.5454545
 13.58789 9.839807 8.08692 0.8218576 0.72416 9.677342 14.772727
 8.488748 4.3272185 3.3614426 0.77681375 0.50975937 8.035859 17.045454
 25.068144 23.655806 21.645494 0.91501826 0.94366 8.939578 7.9545455
 10.217379 7.2588305 6.4705844 0.8914086 0.7104396 8.356273 12.5
 20.641453 18.99331 17.356535 0.9138236 0.9201538 8.846718 10.227273
 12.095339 8.839734 3.8423667 0.43466994 0.73083806 5.132473 14.772727
 12.689473 4.8258867 2.177249 0.4511604 0.3803063 5.511475 19.318182
 13.89824 12.094746 11.055703 0.9140914 0.87023574 8.557969 7.9545455
 16.084272 15.118461 14.047433 0.9291576 0.939953 8.372878 7.9545455
 40.79871 35.316593 30.524586 0.8643129 0.86563015 7.658271 6.5789475
 23.967173 21.134834 18.693958 0.8845093 0.88182425 8.274939 13.636364
 61.91409 47.184658 41.882282 0.88762504 0.7620989 9.441041 15.909091
 8.219114 2.3450336 1.1538706 0.4920486 0.28531465 5.672889 19.318182
 11.390998 11.763998 10.946614 0.93051815 1.0327452 8.356664 4.5454545
 28.318436 28.051888 25.26236 0.9005583 0.9905874 9.370608 3.409091
 22.641935 17.630415 13.770422 0.7810606 0.778662 10.206507 15.909091
 23.348362 21.956514 19.283726 0.87826896 0.9403878 8.775101 10.227273
 21.284588 19.87322 17.618052 0.88652223 0.93369067 8.854042 7.9545455
 41.52586 45.39449 41.73511 0.91938716 1.093162 9.586435 1.1363636
 15.582398 13.409446 11.551406 0.86143804 0.8605508 8.14702 9.210526
 57.00269 56.595856 52.70168 0.9311933 0.99286294 9.040238 2.2727273
 29.90185 29.426489 27.119858 0.92161375 0.98410267 9.243626 10.227273
 96.82555 79.48122 71.72595 0.9024264 0.8208703 9.621017 13.636364
 8.5586405 7.6563582 6.7586336 0.8827478 0.89457643 8.573649 14.772727
 12.001474 9.36399 7.972068 0.8513537 0.78023666 8.869302 12.5
 28.311089 26.820543 23.675585 0.88274074 0.94735116 9.469807 7.9545455
 59.23129 57.240356 52.033897 0.9090422 0.96638715 9.653609 3.409091
 23.834846 24.46528 22.91172 0.9364994 1.02645 9.057006 7.9545455
 18.427998 18.37529 16.79162 0.91381526 0.9971398 8.955724 5.681818
 69.48841 67.90008 62.233173 0.9165405 0.97714245 9.371434 13.636364
 20.417576 20.703833 19.23467 0.9290392 1.0140201 8.9643 0.0
 49.50702 46.142387 42.70532 0.92551166 0.93203723 9.191296 7.9545455
 22.79002 20.922247 18.868963 0.90186113 0.9180443 9.158809 3.409091
 8.889296 6.939263 6.2513103 0.90086085 0.78063136 8.982732 14.772727
 6.393628 2.840421 2.2418287 0.78925925 0.44425806 7.617028 17.045454
 11.673907 12.213758 11.133901 0.91158676 1.0462443 9.521094 9.090909
 18.290775 17.687872 16.22253 0.9171555 0.96703786 9.128662 12.5
 12.921507 10.468301 8.943907 0.85438 0.8101455 7.209622 14.772727
 48.69327 42.864178 39.18734 0.91422117 0.8802896 9.246968 7.9545455
 20.536184 19.232351 17.299816 0.8995165 0.9365104 9.449326 10.227273
 14.410456 13.347552 12.271955 0.9194161 0.9262408 9.119321 13.636364
 9.1607 9.306004 8.701692 0.93506217 1.0158616 8.283353 10.227273
 51.44236 54.064354 50.018963 0.92517453 1.0509696 9.187919 1.1363636
 29.576374 30.72588 28.882072 0.9399918 1.0388657 9.265056 5.681818
 18.150455 12.005253 10.624989 0.8850283 0.6614299 9.024049 15.909091
 12.744687 13.010526 12.199016 0.9376267 1.0208588 8.825166 11.363636
 9.691226 8.709097 7.8856544 0.90545034 0.89865786 10.115488 12.5
 12.116982 5.126321 4.0942535 0.7986729 0.4230691 7.253708 17.045454
 20.791018 20.308697 18.492659 0.9105783 0.97680146 9.143039 10.227273
 22.974382 23.114508 21.141676 0.91464967 1.0060991 9.160119 13.636364
 50.279545 50.699352 47.067837 0.9283715 1.0083495 9.147657 3.409091
 19.368834 21.861685 19.85983 0.90843093 1.1287043 10.452649 6.818182
 30.627438 30.623573 28.569212 0.9329156 0.9998738 8.56543 9.090909
 15.058512 14.7436905 13.426636 0.9106699 0.97909343 9.118254 12.5
 8.611127 5.0571303 3.6314678 0.7180887 0.58727854 7.129367 17.045454
 25.137766 24.837248 22.512053 0.90638274 0.98804516 9.260615 10.227273
 10.285453 9.297755 8.766068 0.94281554 0.9039714 9.399536 13.636364
 9.885283 5.900286 5.0763526 0.860357 0.5968758 6.9478054 13.636364
 30.224138 31.018076 29.451935 0.9495087 1.0262684 9.173251 6.818182
 13.786772 13.234757 11.843099 0.89484817 0.95996064 9.239106 9.090909
 14.264332 14.636307 13.412566 0.91639006 1.0260773 9.459202 3.409091
 15.443993 14.333038 13.125017 0.9157177 0.9280656 9.047363 11.363636
 11.240538 11.232938 10.12529 0.9013929 0.9993239 8.377442 11.363636
 57.021053 49.757107 44.271454 0.88975143 0.8726094 8.866359 7.9545455
 10.994268 10.950354 10.021062 0.9151359 0.99600565 9.193276 7.9545455
 16.55306 15.799089 14.738798 0.9328891 0.9544512 8.834048 6.818182
 48.726727 50.75566 47.080875 0.9275985 1.0416391 9.349787 1.1363636
 84.607635 88.72084 80.6282 0.9087853 1.0486151 8.423961 1.1904762
 66.99434 69.118 63.77103 0.92264 1.0316991 8.250943 3.5714285
 69.88581 72.12565 65.902626 0.91371965 1.03205 8.392994 3.5714285
 50.793358 51.60876 45.651768 0.884574 1.0160533 6.555742 1.4705882
 34.188705 34.46904 31.9195 0.926034 1.0081996 8.123954 12.5
 21.84093 17.281683 16.056147 0.92908466 0.79125214 8.264435 8.75
 46.479492 44.47182 41.09623 0.924096 0.95680517 7.3831573 1.3157895
 63.745247 55.944992 51.13755 0.9140684 0.8776339 7.1351385 10.526316
 12.488318 8.697609 7.6443343 0.8789007 0.6964596 5.649989 12.5
 14.11438 12.449557 11.659674 0.9365533 0.8820478 6.6499524 8.333333
 68.14923 64.269066 59.944946 0.9327185 0.9430637 6.627187 1.4705882
 16.981392 14.910267 13.724333 0.92046195 0.8780356 6.5269294 8.823529
 6.406052 1.6150912 1.077234 0.66698027 0.25211957 4.407012 14.705882
 26.160398 24.804478 23.10902 0.9316471 0.948169 5.9661393 4.6875
 11.962834 7.334893 6.7092733 0.91470635 0.6131401 5.726395 12.5
 10.684202 8.066949 7.1619678 0.8878162 0.7550352 5.6924706 12.5
 74.967834 51.23731 44.905365 0.87641925 0.6834572 5.7094994 12.5
 32.001663 29.985537 26.842533 0.89518267 0.9369994 5.882434 7.8125
 19.861446 18.099972 16.648468 0.91980636 0.9113118 6.1411023 9.375
 49.99501 46.84148 42.994385 0.91786987 0.9369231 5.986675 1.5625
 17.356348 12.810954 11.677491 0.9115239 0.73811346 5.5028033 16.666666
 18.439623 15.626481 13.890624 0.88891566 0.84744036 5.3651447 10.0
 108.86373 100.60491 91.21879 0.9067031 0.9241362 5.3961263 13.333333
 92.2952 80.14874 72.54436 0.90512156 0.8683956 5.232915 10.0
 101.5901 97.35036 88.724464 0.91139334 0.95826614 5.4182115 10.0
 104.33984 100.39504 91.341034 0.9098162 0.9621928 5.4467497 5.0
 35.86295 31.537863 28.505428 0.9038478 0.8793996 5.428677 11.666667
 95.77181 99.44511 90.74719 0.9125355 1.0383546 5.391808 1.6666666
 52.46378 52.268456 47.804176 0.91458946 0.996277 5.2635956 6.6666665
 20.459034 19.346704 17.823826 0.9212849 0.9456313 4.9138646 7.142857
 9.531379 6.111635 5.320191 0.870502 0.6412121 4.412633 8.928572
 11.993247 10.983103 9.938622 0.9049012 0.91577387 4.9126544 7.142857
 13.911123 11.075941 9.9103985 0.8947681 0.7961931 5.096101 10.714286
 40.289284 37.264248 33.683918 0.9039205 0.9249171 4.9361777 8.928572
 14.355109 9.800775 8.638282 0.88138765 0.6827377 4.760627 10.714286
 65.735306 68.54951 62.317524 0.9090879 1.042811 4.9477944 0.0
 46.520683 45.665115 40.617996 0.8894754 0.9816089 4.370957 3.8461537
 15.400062 9.9769125 8.565942 0.8585764 0.6478489 3.2821195 12.5
 29.001024 26.64824 22.688902 0.85142225 0.91887236 3.711849 8.333333
 1.0 28.085777 25.634901 23.158846 0.9034108 0.91273606 208.10887 9.787966 211.0
