 95.472084 91.64686 86.49545 0.9437906 0.95993364 8.951688 0.0
 124.22074 120.46837 109.540375 0.9092874 0.9697928 5.458577 0.0
 0.8695781 0.2313565 0.05644 0.24395251 0.26605603 1.7825189 25.0
 53.789917 27.701937 25.735123 0.9290008 0.5150024 8.788456 15.909091
 84.72273 78.485985 71.34139 0.90896994 0.92638636 5.3863363 3.3333333
 115.126434 108.40215 101.9838 0.9407913 0.9415923 8.762752 1.1363636
 8.618591 2.1099885 0.8957388 0.4245231 0.24481826 4.7847114 15.909091
 106.522026 92.94547 81.38221 0.87559086 0.872547 4.0939474 12.5
 84.672455 79.93058 74.86443 0.93661815 0.9439974 8.325703 0.0
 99.66175 94.019936 88.16526 0.9377294 0.94339037 8.909664 7.9545455
 5.837916 4.6891937 4.1686645 0.8889938 0.80323076 6.96655 13.095238
 6.1572495 3.934952 3.271875 0.83149046 0.6390763 6.1146474 19.318182
 117.49214 110.37461 100.07475 0.9066827 0.9394212 8.236894 8.333333
 15.191609 12.708625 11.653613 0.9169846 0.8365555 8.768153 11.363636
 111.057045 109.13463 99.251366 0.90943974 0.9826898 5.534887 5.0
 13.194934 10.621635 10.005255 0.94196934 0.8049783 9.134127 12.5
 121.591835 114.39454 107.54452 0.9401194 0.9408077 8.810433 7.9545455
 113.45615 111.16008 102.22086 0.9195825 0.97976255 7.760252 7.5
 119.54187 114.16953 107.75837 0.9438452 0.955059 8.868744 5.681818
 42.002857 38.12452 35.79156 0.9388069 0.90766495 9.019245 5.681818
 101.51879 96.55323 90.95577 0.9420273 0.9510873 8.8607435 1.1363636
 105.25885 101.33502 95.753105 0.94491625 0.96272206 8.793567 1.1363636
 123.677185 119.54701 109.870346 0.9190556 0.9666052 8.629702 2.2727273
 126.08422 119.781845 112.51928 0.9393684 0.9500146 8.860953 4.5454545
 111.93237 106.97528 101.514 0.9489482 0.9557135 8.728404 5.681818
 122.39243 117.60247 111.16725 0.9452799 0.9608639 8.888508 1.1363636
 6.2876687 4.198458 3.4946005 0.83235335 0.6677289 7.735279 14.772727
 127.92173 122.638466 114.10859 0.930447 0.9586992 8.757203 5.681818
 10.30597 7.713521 4.628243 0.6000169 0.74845165 3.8088183 10.714286
 24.995514 25.486723 20.741825 0.81382865 1.0196519 7.604112 6.818182
 111.18707 104.375084 97.00142 0.92935413 0.93873394 8.85393 9.090909
 8.753104 8.031724 7.4705043 0.93012464 0.91758585 9.108128 9.090909
 113.224625 106.09383 100.275116 0.9451551 0.9370208 8.813623 9.090909
 108.067055 107.310844 99.82653 0.9302557 0.9930024 7.4162393 1.3157895
 22.89588 21.76973 20.029423 0.9200584 0.9508143 8.789794 10.227273
 5.1743927 1.45281 0.31446975 0.21645622 0.28076917 2.770988 19.047619
 101.18001 96.51575 89.44494 0.9267394 0.9539013 9.512667 6.818182
 103.20649 92.46183 85.63244 0.92613834 0.8958916 6.081199 1.4705882
 15.303777 14.707585 13.21405 0.8984513 0.9610429 7.475782 9.090909
 74.587395 73.63051 70.2661 0.95430684 0.98717093 9.065992 3.409091
 108.972466 110.035965 103.66966 0.94214344 1.0097593 8.841793 1.1363636
 77.675514 72.802704 68.14008 0.93595546 0.93726707 8.886764 0.0
 82.37928 76.39548 71.320854 0.9335744 0.92736274 8.725388 1.1363636
 2.9178092 1.1481543 1.0528715 0.9170123 0.39349875 4.388267 19.23077
 26.445349 25.02419 23.77938 0.9502557 0.9462606 8.935916 6.818182
 122.2849 117.13637 110.98577 0.947492 0.95789725 8.792023 1.1363636
 98.40649 82.65113 77.48536 0.93749917 0.8398951 8.625328 9.090909
 15.23604 13.649386 12.088806 0.8856666 0.8958618 8.361512 8.333333
 130.21204 122.132576 112.88693 0.9242983 0.9379515 6.3912764 7.352941
 1.4282181 0.29611436 0.08825387 0.29803982 0.20733133 3.9507692 21.052631
 113.843475 109.05524 102.97659 0.9442609 0.95794016 8.8730135 1.1363636
 94.92389 89.766495 81.3343 0.9060653 0.94566804 5.5180383 1.6666666
 112.30541 107.72699 101.70357 0.9440862 0.9592324 8.885525 5.681818
 125.66873 120.0475 108.34502 0.9025179 0.95526946 8.639381 3.409091
 10.929611 10.671855 9.64244 0.90353924 0.97641677 9.901612 15.909091
 27.959484 26.613186 24.11869 0.9062684 0.95184827 5.2517133 1.6666666
 124.45364 120.23371 109.49119 0.910653 0.96609235 5.4552345 0.0
 117.11404 111.534645 105.23347 0.94350475 0.9523593 8.794031 3.409091
 3.421217 1.732226 0.6746914 0.38949385 0.5063187 2.4942646 14.285714
 118.179886 107.223335 94.63856 0.8826303 0.90728915 4.4861455 0.0
 0.3220641 0.11023254 0.046021022 0.41749036 0.34226894 4.9872684 31.25
 88.5309 85.015144 80.32957 0.9448854 0.96028787 8.7346735 2.2727273
 41.070362 30.388988 22.370636 0.7361429 0.739925 8.205919 13.636364
 114.44816 108.633896 102.58118 0.94428337 0.9491975 8.887309 1.1363636
 122.36747 117.97164 110.037315 0.9327437 0.9640768 8.852932 9.090909
 32.8702 28.80513 26.499222 0.919948 0.8763296 8.979746 9.090909
 98.80746 95.129196 89.993286 0.94601125 0.96277344 8.835093 3.409091
 124.54628 118.90821 112.224014 0.94378686 0.95473117 8.855622 3.409091
 102.9025 98.83273 93.45833 0.94562125 0.9604503 8.873066 0.0
 110.34747 110.70395 101.4923 0.91679025 1.0032305 6.7878866 1.3888888
 94.49123 92.74002 86.64414 0.9342692 0.98146695 8.221933 1.1904762
 117.02069 114.12842 106.434746 0.9325876 0.9752841 8.166635 1.1904762
 28.447796 27.594149 25.564148 0.9264336 0.9699925 8.31528 7.142857
 117.71098 112.73122 104.00215 0.9225674 0.957695 8.258058 14.285714
 98.126434 99.04508 91.711586 0.925958 1.0093619 7.2308674 2.631579
 92.11877 89.19352 83.93415 0.94103414 0.96824485 7.93449 1.25
 109.938866 97.638275 91.58201 0.9379725 0.8881142 7.6763644 12.5
 100.68737 96.59519 91.31186 0.9453044 0.95935756 7.7849445 10.0
 30.310202 22.736761 21.190315 0.9319848 0.7501356 7.798014 15.0
 45.368183 41.948242 38.58378 0.9197948 0.9246181 5.968285 8.333333
 106.81117 105.966866 98.772766 0.93210995 0.9920953 6.40149 1.4705882
 104.0991 102.48503 95.14157 0.92834604 0.9844949 6.354235 4.4117646
 122.89894 116.043365 105.58364 0.90986365 0.94421774 6.57908 0.0
 117.321075 117.10551 107.22667 0.91564155 0.99816257 5.3212194 1.6666666
 120.808556 115.502266 106.26833 0.9200541 0.95607686 6.5608306 1.4705882
 115.2913 119.699684 109.40396 0.91398704 1.038237 5.3967986 5.0
 109.677826 108.80584 100.7995 0.92641634 0.9920496 6.420553 4.4117646
 98.5143 98.607895 92.74112 0.940504 1.0009501 6.406119 0.0
 95.18597 98.0285 92.125854 0.93978643 1.029863 6.240138 4.4117646
 102.28961 99.26823 92.81604 0.9350025 0.9704625 6.0693913 4.6875
 3.1194646 1.8364323 1.3533151 0.7369262 0.5887011 2.3902633 9.615385
 104.57831 108.013435 97.530045 0.9029436 1.0328474 4.463884 13.461538
 103.81549 96.01543 85.1678 0.887022 0.92486614 3.9671102 6.25
 1.0 80.13717 76.0811 70.48395 0.9264317 0.949386 578.76044 6.862774 93.0
