 134.38528 142.82452 137.60965 0.96348757 1.0627987 8.879502 6.818182
 1.1834754 0.25444502 0.075977355 0.29860032 0.21499816 2.2667823 21.428572
 4.1270943 0.7028467 0.17211805 0.24488702 0.17030062 0.9273476 12.5
 129.969 131.92712 126.842636 0.96145993 1.015066 8.674896 2.2727273
 15.080488 14.146238 13.307943 0.94074076 0.9380491 6.416246 9.090909
 108.92998 108.53666 101.12599 0.931722 0.9963892 5.297426 1.6666666
 90.62104 90.5182 85.08839 0.94001406 0.9988652 5.160643 3.3333333
 127.81625 129.30672 124.439384 0.9623583 1.0116609 8.769429 4.5454545
 87.75867 89.45382 83.667114 0.9353107 1.0193161 5.373276 3.3333333
 121.15513 124.232544 117.51691 0.945943 1.0254006 6.5456495 1.3888888
 1.6626999 0.55262375 0.28589374 0.5173388 0.3323653 4.4107704 17.307692
 122.587685 123.8336 119.154106 0.96221143 1.0101634 8.774786 1.1363636
 19.973555 20.00586 17.6983 0.8846558 1.0016174 9.07751 3.409091
 90.75705 91.33542 85.44093 0.93546325 1.0063727 4.8858333 8.928572
 20.559486 17.529219 9.4966545 0.5417614 0.85260975 6.0160832 10.0
 1.0320997 0.34505978 0.0615151 0.17827375 0.33432794 1.6034257 23.214285
 139.04085 144.3779 139.45328 0.9658908 1.0383848 8.622038 1.1363636
 110.81808 112.303764 106.57764 0.94901216 1.0134065 8.507054 1.1363636
 112.82539 116.178024 111.948204 0.96359193 1.0297152 8.678015 2.2727273
 115.09841 116.33376 110.784454 0.95229834 1.010733 8.634813 7.9545455
 99.55183 102.81573 97.936356 0.95254254 1.032786 7.3822002 7.894737
 20.616592 20.249289 18.911037 0.9339112 0.98218405 8.771026 6.818182
 107.515915 105.69473 99.58371 0.94218236 0.98306125 8.445777 3.409091
 91.14246 94.98354 91.82453 0.9667415 1.0421437 8.624056 2.2727273
 115.37622 115.7795 108.770004 0.9394582 1.0034953 8.741699 2.2727273
 95.03821 95.04408 88.98993 0.93630165 1.0000618 5.2413054 0.0
 132.26581 135.69508 130.98767 0.96530896 1.0259272 8.721771 1.1363636
 20.150196 18.800116 17.455505 0.9284786 0.93299913 7.382291 6.818182
 95.446884 94.54161 88.66341 0.9378241 0.9905154 5.345681 10.0
 95.818634 94.79024 87.16352 0.9195411 0.9892673 4.394494 1.9230769
 106.20554 108.26274 102.390366 0.9457581 1.01937 8.384829 7.9545455
 1.8438988 0.44503006 0.12322615 0.276894 0.24135277 2.3968048 18.181818
 104.182686 104.11711 98.69353 0.9479089 0.9993706 8.805949 6.818182
 100.19923 96.65154 91.44556 0.9461366 0.96459365 8.667594 7.9545455
 18.070335 17.852612 16.33311 0.91488636 0.98795134 9.722605 5.681818
 119.77781 120.96661 115.86974 0.9578655 1.0099251 8.879176 0.0
 110.96811 107.298904 98.11797 0.914436 0.9669346 4.014683 4.1666665
 51.87124 38.939808 36.199738 0.9296332 0.75070137 9.039538 10.227273
 41.45808 40.442493 38.608124 0.9546425 0.9755033 8.640639 6.818182
 91.34327 60.577805 55.908714 0.92292404 0.6631885 8.166039 18.181818
 21.247618 19.67026 14.711585 0.7479101 0.925763 8.015103 2.2727273
 106.314735 99.07485 89.154 0.89986503 0.93190145 4.1751947 4.1666665
 100.131134 97.83855 90.20863 0.9220153 0.9771042 4.33619 1.9230769
 113.99945 115.43482 107.64854 0.9325482 1.012591 8.625771 5.681818
 130.3892 132.82884 127.29523 0.9583402 1.0187105 8.597617 2.2727273
 103.51666 102.47411 98.850266 0.96463645 0.9899287 8.772942 1.1363636
 126.42164 129.11917 124.29032 0.96260154 1.0213376 8.634824 1.1363636
 102.95652 104.92896 100.27945 0.95568895 1.019158 8.613262 2.2727273
 85.73956 88.9779 85.1859 0.9573827 1.0377694 7.9134073 2.5
 108.69696 110.703514 103.9256 0.93877417 1.01846 8.519959 10.227273
 16.574532 17.465118 16.090914 0.9213172 1.0537323 9.590194 9.090909
 111.427635 114.30435 106.89544 0.9351826 1.0258169 8.523542 6.818182
 122.39248 121.999084 114.42693 0.9379327 0.9967858 5.2990036 1.6666666
 110.664604 112.73365 107.881615 0.9569602 1.0186965 8.426737 2.2727273
 104.84055 102.86633 97.284195 0.945734 0.9811693 6.119002 2.9411764
 140.82782 144.47476 139.04308 0.96240395 1.0258964 8.853916 2.2727273
 120.13183 119.74156 113.91814 0.9513667 0.99675137 8.814026 2.2727273
 141.25336 145.27333 140.06148 0.96412385 1.0284593 8.601637 1.1363636
 1.1326588 0.3104044 0.11435842 0.36841753 0.2740493 3.321798 18.75
 118.632805 120.86519 116.325836 0.9624428 1.0188177 8.840486 2.2727273
 109.88647 110.126656 106.07815 0.96323764 1.0021858 8.600451 10.227273
 126.990875 132.16019 127.84319 0.9673351 1.0407062 8.768938 2.2727273
 135.02094 136.44464 131.27272 0.9620951 1.0105443 8.660001 0.0
 121.50319 128.02583 123.01692 0.9608758 1.0536828 7.749368 2.5
 2.777851 1.4410231 0.8394972 0.5825703 0.5187546 5.80932 15.476191
 109.37151 111.239044 104.34332 0.93800986 1.0170751 8.59646 6.818182
 97.29569 95.798454 89.777626 0.9371511 0.98461145 5.298117 3.3333333
 93.11002 91.28334 85.893875 0.9409589 0.9803814 5.2754908 3.3333333
 20.780495 20.166147 19.40116 0.9620657 0.97043633 7.922776 3.409091
 111.12059 112.3251 107.74245 0.9592019 1.0108397 8.614026 7.9545455
 128.36678 130.78606 125.19289 0.9572342 1.0188466 7.1218696 1.3157895
 108.08826 109.79482 102.375916 0.9324294 1.0157887 8.46715 5.681818
 124.23726 124.87817 120.391525 0.96407187 1.0051588 8.763872 2.2727273
 124.002396 125.83313 121.02518 0.96179104 1.0147637 8.760767 0.0
 117.15265 120.76122 114.53144 0.94841236 1.0308022 8.706743 3.409091
 103.53246 105.27193 100.61088 0.95572376 1.0168011 8.675686 2.2727273
 24.208466 8.2867155 6.566324 0.79239166 0.34230652 6.4562645 13.636364
 131.42279 133.5377 128.84294 0.9648432 1.0160924 8.630439 2.2727273
 115.178825 118.71233 114.411385 0.96377003 1.0306784 8.82863 13.636364
 117.70017 118.785904 113.503815 0.9555327 1.0092245 7.8165126 2.5
 10.7798395 10.210599 9.552138 0.935512 0.94719404 7.647713 10.227273
 109.108 112.86892 106.35288 0.94226897 1.0344697 8.774103 2.2727273
 100.4396 99.36603 94.02532 0.94625217 0.98931134 5.7851095 3.125
 0.5616625 0.17184766 0.046171676 0.26867795 0.3059625 2.6581018 36.11111
 0.79832083 0.17093605 0.049630325 0.2903444 0.2141195 1.923761 25.0
 118.98101 121.98663 117.43434 0.962682 1.0252614 8.825749 1.1363636
 120.353516 123.12196 117.66605 0.9556869 1.0230026 7.7293215 12.5
 114.23218 114.859795 109.480705 0.9531682 1.0054942 8.555755 1.1363636
 123.0896 125.4701 120.69403 0.9619346 1.0193396 8.758862 3.409091
 109.2333 109.839966 105.40551 0.95962805 1.0055538 8.854732 5.681818
 120.94011 118.55399 111.19915 0.9379621 0.98027027 5.3072605 3.3333333
 104.68647 105.93775 101.4806 0.9579267 1.0119526 8.690878 1.1363636
 118.96338 118.309784 110.78141 0.9363673 0.9945059 8.95537 0.0
 133.53389 135.78877 130.80458 0.96329457 1.0168861 8.521535 2.2727273
 108.83726 105.95555 101.41316 0.9571293 0.9735228 8.837585 13.636364
 122.85648 124.69716 119.22561 0.95612127 1.0149823 8.932969 0.0
 15.373323 14.5661745 13.634037 0.93600667 0.94749683 10.18408 9.090909
 95.59175 96.42888 92.67017 0.961021 1.0087572 8.785654 10.227273
 119.36049 120.45558 112.90719 0.9373346 1.0091747 8.661056 2.2727273
 107.961784 109.68726 105.67075 0.9633822 1.0159823 8.655957 4.5454545
 134.08308 136.17699 131.45717 0.96534055 1.0156165 8.549047 2.2727273
 121.99258 123.62841 119.21883 0.964332 1.0134093 8.6902685 9.090909
 125.89836 127.81777 123.24927 0.9642577 1.0152457 8.639709 6.818182
 129.81471 132.48102 127.451866 0.9620387 1.0205393 8.688965 0.0
 130.74338 131.0075 125.9624 0.9614899 1.0020202 8.852135 4.5454545
 97.59704 79.72638 75.12937 0.9423402 0.8168934 8.455408 13.636364
 98.90133 100.9049 96.09975 0.95237947 1.0202583 8.818955 4.5454545
 112.200066 119.85558 115.163864 0.9608552 1.068231 7.6273065 10.526316
 104.432205 105.710846 101.76589 0.9626817 1.0122437 8.664506 3.409091
 90.82116 92.07672 88.1843 0.95772636 1.0138246 8.6318245 2.2727273
 1.7854445 0.5774677 0.10161001 0.17595792 0.32343078 1.329245 20.3125
 100.93282 101.52123 97.66956 0.9620604 1.0058297 8.591569 1.1363636
 107.171844 109.08197 105.09618 0.9634607 1.0178231 8.773206 9.090909
 53.216324 42.489296 38.6044 0.9085677 0.798426 5.2143645 3.5714285
 117.05705 117.056915 110.133224 0.9408519 0.9999988 8.626714 4.5454545
 113.69586 118.366356 111.20961 0.9395373 1.0410788 5.253858 3.3333333
 104.51781 105.64646 102.02938 0.9657624 1.0107987 8.738847 4.5454545
 1.8396425 0.3798394 0.11502948 0.30283713 0.20647457 2.5138083 19.047619
 104.98647 105.96164 102.305176 0.9654926 1.0092884 8.411653 6.818182
 103.385895 103.57182 99.243484 0.95820934 1.0017984 8.485161 2.2727273
 108.49627 110.9412 106.90711 0.9636376 1.0225347 8.853931 2.2727273
 106.62894 104.40671 95.903534 0.91855717 0.97915924 4.7888956 1.7857143
 97.109184 99.084694 95.49788 0.9638005 1.0203432 8.745344 4.5454545
 118.16441 119.75264 113.163345 0.94497585 1.0134407 7.9613214 1.1904762
 19.183084 20.15674 18.713531 0.92840075 1.050756 7.8483853 4.5454545
 107.57201 108.10689 102.0216 0.9437104 1.0049723 8.664242 1.1363636
 59.231773 61.236927 59.567574 0.97273946 1.0338527 6.398844 2.5
 107.70542 107.13273 102.85791 0.9600979 0.9946828 8.603601 1.1363636
 98.58258 100.28456 96.69011 0.96415746 1.0172646 8.692249 0.0
 19.97963 19.967339 18.685665 0.93581146 0.9993848 9.975893 6.818182
 100.78729 99.15891 93.51918 0.94312435 0.9838434 8.781219 1.1363636
 96.88965 95.30259 90.42922 0.9488643 0.98361987 6.100999 2.9411764
 122.277626 119.531784 110.65192 0.9257113 0.9775442 4.3857164 5.769231
 109.61805 110.33943 104.79967 0.94979346 1.0065808 6.1947126 8.823529
 112.346016 110.53386 101.35303 0.91694105 0.9838698 4.0449076 8.333333
 105.20094 106.030685 99.47623 0.9381834 1.0078871 5.528442 4.6875
 130.82954 135.71875 129.60728 0.9549696 1.0373708 8.2020445 1.1904762
 115.62979 119.719025 113.30731 0.9464437 1.0353649 7.020749 1.3157895
 4.1705184 1.2032737 0.23436143 0.19476984 0.28851897 1.5796682 17.857143
 106.81839 108.06613 102.344826 0.94705737 1.011681 8.001643 4.7619047
 102.72062 99.147675 89.657425 0.9042817 0.96521693 4.6924696 0.0
 124.366844 127.85537 121.381065 0.9493623 1.0280503 8.229835 1.1904762
 122.5178 128.30899 121.7088 0.9485601 1.0472683 7.686469 12.5
 105.87246 110.62491 102.838165 0.92961127 1.0448885 7.6860323 1.25
 119.0046 128.16171 122.22207 0.95365506 1.0769476 7.884095 1.25
 111.68289 114.806816 108.69051 0.94672525 1.0279714 7.560895 1.25
 137.35211 152.1479 142.08165 0.933839 1.1077217 6.172168 1.4705882
 113.40253 117.83832 111.33138 0.9447808 1.0391154 7.3955507 11.842105
 102.64973 106.72147 99.03299 0.9279575 1.0396665 7.565845 3.9473684
 19.56347 15.893997 13.472436 0.847643 0.81243235 8.235919 9.210526
 104.41025 107.85519 101.981186 0.9455381 1.0329943 7.389558 6.5789475
 14.667577 16.148201 14.789626 0.9158683 1.1009455 4.560614 8.928572
 127.13248 130.52472 123.53704 0.9464647 1.0266827 7.4662166 0.0
 117.53473 121.941086 114.04612 0.9352559 1.0374899 6.965505 1.3888888
 93.24004 99.14284 92.39168 0.9319047 1.0633075 5.755246 1.5625
 121.5462 125.91126 117.40683 0.9324569 1.0359128 6.9613247 4.1666665
 111.7347 117.01563 110.53002 0.9445749 1.0472631 6.6112485 1.4705882
 124.2789 126.45476 119.037056 0.94134104 1.0175079 6.3922844 4.4117646
 118.087524 123.65776 117.28474 0.94846237 1.0471704 6.378537 1.4705882
 115.18894 119.56551 113.08668 0.94581354 1.0379947 6.574566 2.9411764
 123.060165 128.4615 119.38765 0.9293652 1.0438918 4.884751 0.0
 109.34264 113.02874 106.61964 0.9432967 1.0337114 6.6612988 8.823529
 13.4795885 11.162159 9.468322 0.8482519 0.8280786 5.988877 8.823529
 139.87816 146.4041 138.81268 0.94814754 1.0466545 6.694297 1.4705882
 109.20421 112.28543 106.69812 0.9502401 1.0282153 6.553845 1.4705882
 124.03804 130.6637 122.00814 0.933757 1.0534164 6.1329236 7.8125
 1.5871998 0.43099344 0.112007916 0.2598831 0.27154326 1.5591851 20.833334
 115.212616 120.79283 112.33037 0.9299423 1.048434 5.61225 1.6666666
 18.235357 16.537191 9.443727 0.5710599 0.9068751 4.453303 5.357143
 111.37465 119.719215 108.136406 0.90325016 1.0749234 5.2293525 3.5714285
 136.59485 148.64421 135.79622 0.91356546 1.0882125 5.098388 1.7857143
 128.32936 139.03273 127.80022 0.91920954 1.0834055 5.035997 1.7857143
 130.24422 139.2635 127.13875 0.91293657 1.069249 5.1099834 10.714286
 126.155014 132.74847 119.66586 0.9014482 1.0522647 5.1924443 0.0
 129.17273 138.79147 124.69989 0.8984693 1.0744642 4.6468344 0.0
 117.45577 129.45415 115.9246 0.89548767 1.1021522 4.588535 3.8461537
 17.14126 18.409546 16.658386 0.9048776 1.0739902 4.5591936 9.615385
 103.04629 116.24769 105.44137 0.9070406 1.1281114 4.764184 5.769231
 138.47417 152.1006 135.8063 0.89287156 1.0984042 4.1406174 2.0833333
 113.25088 117.81932 103.48869 0.8783678 1.0403391 4.169389 12.5
 92.449066 93.83114 82.294075 0.8770444 1.0149496 4.127644 2.0833333
 121.38677 124.828896 110.02029 0.8813688 1.0283567 4.1351213 4.1666665
 146.02707 149.57469 133.5606 0.8929357 1.0242944 4.0255923 2.0833333
 0.9945652 94.60838 95.92628 90.41645 0.94256186 1.01393 706.387 5.527632 184.0
