 1.6876765 0.8944204 0.8188881 0.9155517 0.5299715 4.5967736 15.625
 10.029445 8.05479 7.494254 0.93040967 0.8031142 7.4107738 10.227273
 1.0938401 0.3303462 0.05363113 0.16234826 0.30200592 1.6791602 19.642857
 6.023191 2.6254888 0.6521906 0.24840732 0.43589666 1.8479558 13.636364
 10.242738 9.586738 8.964898 0.9351355 0.9359546 8.163915 10.227273
 3.0939052 1.0988404 0.24563348 0.22353883 0.35516292 1.4406836 19.047619
 2.4195888 0.68833053 0.13822983 0.20081897 0.28448245 1.9724861 12.5
 2.3152936 0.7976898 0.10904742 0.13670404 0.34453073 1.3570379 18.181818
 1.1643475 0.29866344 0.116141245 0.38886997 0.25650716 4.683839 23.214285
 14.290259 13.490569 12.790513 0.9481077 0.9440395 7.988981 9.090909
 54.53753 44.195152 39.884403 0.90246105 0.81036216 7.9679804 11.363636
 2.2900593 0.78905 0.20639676 0.2615763 0.3445544 2.0751665 16.666666
 9.3354 7.8210354 7.008116 0.8960599 0.8377826 7.154239 11.363636
 11.076954 10.777271 9.956979 0.92388684 0.97294545 7.627334 12.5
 12.281239 10.439575 9.156433 0.8770886 0.8500425 4.3066125 11.538462
 13.780356 14.226833 13.403642 0.94213814 1.0323995 8.312932 12.5
 8.800307 8.905294 8.496476 0.95409274 1.0119299 8.436282 9.090909
 0.31757703 0.07665611 0.052180212 0.68070513 0.241378 7.8018713 33.333332
 10.797743 9.874872 9.145423 0.9261307 0.9145311 8.240897 15.909091
 10.35766 10.016216 9.447442 0.9432146 0.9670347 8.034033 5.681818
 117.545334 117.91908 111.35948 0.944372 1.0031797 8.108414 1.1363636
 55.27036 38.335873 35.469913 0.9252408 0.6936064 8.024323 13.636364
 4.274444 1.1159424 0.23513941 0.2107093 0.26107308 1.3919255 16.666666
 3.6030245 2.357833 2.0995317 0.8904497 0.6544038 7.7119827 18.181818
 3.7646751 2.5207858 2.1833208 0.866127 0.6695892 7.1073465 17.5
 7.5506115 7.602431 7.141159 0.93932575 1.0068629 7.6156535 7.9545455
 94.823906 90.70163 84.239136 0.92875 0.9565271 8.289214 4.5454545
 3.1408343 0.75932705 0.1295688 0.17063636 0.24175966 1.3482888 18.181818
 13.890594 13.433463 12.583495 0.9367276 0.96709067 8.411185 5.681818
 125.163216 125.89587 118.88022 0.9442741 1.0058535 8.04673 2.2727273
 123.27151 117.654854 104.24938 0.8860611 0.9544367 4.927468 1.7857143
 1.591638 0.42514628 0.13107692 0.30831015 0.26711243 2.9415338 17.647058
 12.86053 12.657125 11.880051 0.9386058 0.9841838 8.282447 9.090909
 109.044975 103.96758 96.83506 0.9313967 0.9534376 6.788891 3.9473684
 9.836855 9.775855 9.202563 0.9413564 0.9937988 8.454432 17.045454
 0.58333313 0.18743275 0.10825988 0.5775932 0.3213134 6.272623 21.875
 1.0132234 0.15888548 0.048388015 0.3045465 0.1568119 4.436197 25.0
 65.29098 61.32583 52.516518 0.8563524 0.93926954 5.5574307 10.714286
 152.05885 152.28032 140.17816 0.9205271 1.0014564 4.137695 1.9230769
 146.2184 148.96814 137.74533 0.924663 1.0188057 4.137709 0.0
 150.2366 151.18196 139.34459 0.92170125 1.0062923 4.142709 0.0
 137.23306 139.34776 128.32985 0.9209323 1.0154095 4.1356535 1.9230769
 154.6222 155.89275 143.68813 0.9217115 1.0082171 4.1337595 1.9230769
 135.76224 137.95694 127.53621 0.9244639 1.0161657 4.126393 1.9230769
 14.525528 9.592912 8.177082 0.8524087 0.66041744 5.5330215 8.823529
 128.44516 138.57097 130.89098 0.94457716 1.0788337 5.1930823 1.6666666
 1.0 42.55559 41.20814 37.89834 0.91968083 0.9683367 231.39282 11.3562355 46.0
