 0.7546079 0.18912642 0.038561065 0.20389043 0.2506287 1.8950107 33.333332
 104.62428 97.74491 90.16565 0.92245877 0.9342469 6.023139 6.25
 104.68397 97.068985 90.38275 0.9311187 0.9272574 8.99649 2.2727273
 1.7641753 0.40284407 0.066750094 0.1656971 0.22834697 1.9716215 20.238094
 116.83416 109.9969 104.05589 0.9459893 0.94147897 8.273804 1.1904762
 14.378912 11.571316 10.465012 0.90439254 0.80474204 9.329362 14.772727
 107.9206 102.010635 95.616974 0.9373236 0.9452379 7.4754286 7.894737
 12.688621 9.879404 9.026286 0.9136468 0.7786035 7.5810637 14.772727
 12.800476 11.678339 10.890231 0.9325155 0.9123363 9.007357 5.681818
 122.628975 114.74482 108.81343 0.948308 0.9357073 8.969606 4.5454545
 10.896558 5.3121853 4.3165174 0.812569 0.4875104 7.730036 10.227273
 2.3656626 0.6475953 0.13194948 0.20375301 0.27374795 1.7269156 19.047619
 10.059822 8.838868 8.243331 0.9326229 0.8786306 8.649103 13.636364
 127.27024 124.91865 116.923615 0.9359981 0.98152286 9.046729 2.2727273
 117.502655 111.50407 101.50114 0.9102909 0.94894934 8.967187 3.409091
 14.412521 14.29038 13.8819895 0.9714221 0.9915253 8.409567 9.090909
 105.10747 97.96662 92.40052 0.9431837 0.9320615 9.075723 13.636364
 103.94717 98.43839 91.74165 0.93197024 0.9470041 9.150017 3.409091
 16.253448 16.29237 14.871527 0.91279083 1.0023947 8.686854 5.0
 124.543236 113.66705 106.76745 0.9392999 0.91267145 7.855117 2.5
 132.08783 125.685745 117.916725 0.93818694 0.9515316 7.4677496 1.3157895
 11.138238 9.225669 7.534525 0.81669146 0.828288 7.9794827 10.227273
 15.017223 10.3473625 8.39973 0.8117749 0.68903303 7.5934563 17.045454
 114.69068 109.81914 104.13402 0.948232 0.9575245 9.058416 4.5454545
 12.709192 10.885543 9.929676 0.91218936 0.8565094 7.6175494 13.636364
 128.5075 123.17453 116.59257 0.94656396 0.9585007 9.171374 1.1363636
 129.37212 123.392975 116.75151 0.94617635 0.9537834 9.169955 4.5454545
 107.824486 85.368095 37.20576 0.4358275 0.79173195 3.4833646 10.227273
 15.98129 12.27392 11.418417 0.93029904 0.7680181 9.472757 11.363636
 3.603187 1.0303373 0.16364135 0.15882307 0.28595167 1.81773 15.909091
 15.281819 13.150566 11.955972 0.90916026 0.8605367 8.170044 12.5
 95.09941 90.27213 85.113045 0.94284964 0.9492397 9.134128 1.1363636
 110.13072 94.21246 58.56858 0.6216649 0.85546035 4.6964064 7.9545455
 111.267334 104.084175 97.36928 0.9354859 0.9354423 8.985495 10.227273
 1.9134885 0.45917615 0.073296614 0.15962635 0.23996808 1.5802481 17.857143
 108.32916 102.80556 97.21899 0.94565886 0.9490109 9.059069 1.1363636
 113.56971 108.345085 102.67764 0.94769084 0.9539963 9.124598 1.1363636
 111.51449 104.21596 95.79961 0.9192412 0.9345508 8.956893 2.2727273
 7.70047 5.2485204 4.7030272 0.8960672 0.6815844 9.044621 14.772727
 122.63393 115.83087 109.50139 0.94535583 0.9445255 9.160459 11.363636
 105.287254 100.30356 92.02559 0.9174708 0.9526657 8.931989 1.1363636
 110.47419 105.808784 100.01142 0.945209 0.9577693 9.226416 3.409091
 113.017624 107.191895 101.2335 0.9444137 0.9484529 8.938877 9.090909
 99.92505 94.67448 89.268105 0.9428951 0.947455 9.19905 1.1363636
 4.185833 1.1510184 0.2258649 0.19623049 0.27497953 2.3147385 14.285714
 121.33285 114.976845 108.93831 0.9474804 0.94761515 9.137532 1.1363636
 113.88875 109.64689 103.85091 0.94713956 0.9627543 9.198437 2.2727273
 3.4412372 1.0834881 0.39999524 0.36917365 0.31485423 2.4301245 16.666666
 116.86629 110.50472 104.83473 0.94869006 0.94556546 8.944919 3.409091
 10.647508 9.779309 9.107178 0.93127006 0.91845995 9.389917 6.818182
 20.022411 18.054937 15.441856 0.85527056 0.9017364 10.835335 9.090909
 2.0152118 1.008197 0.5473959 0.5429454 0.5002933 5.888482 25.0
 131.00139 116.28375 106.175674 0.913074 0.8876529 5.4540186 8.333333
 106.84003 101.44756 96.32482 0.9495036 0.9495276 9.181316 1.1363636
 97.32795 92.72004 87.49178 0.94361246 0.9526559 8.657398 1.1904762
 113.59271 106.85318 96.08568 0.8992309 0.9406693 4.609873 7.6923075
 125.534256 122.16642 114.859695 0.94019043 0.973172 8.044375 2.5
 114.168526 114.724266 103.09719 0.898652 1.0048677 7.4973707 2.631579
 129.4372 131.0479 121.94484 0.9305364 1.0124439 7.5843425 11.842105
 122.71429 121.52866 112.23975 0.9235661 0.9903384 7.6563883 1.3157895
 127.6553 129.20775 120.18849 0.9301957 1.0121613 7.596152 0.0
 115.572235 116.50557 108.47956 0.9311105 1.0080758 7.6707354 0.0
 114.36462 115.41484 107.24792 0.92923856 1.0091832 7.525871 0.0
 125.69267 127.65737 119.1393 0.9332739 1.015631 7.604601 0.0
 116.93841 115.64454 107.388405 0.9286077 0.9889355 7.5531445 1.3157895
 10.924369 11.194495 10.239284 0.91467124 1.024727 6.2274904 7.8125
 1.1340357 0.23915052 0.11664818 0.48776048 0.21088447 4.7317967 12.5
 70.54418 65.49785 54.90821 0.83832085 0.9284656 5.5263453 6.25
 114.505585 113.81517 105.15626 0.9239213 0.99397045 5.9366536 1.5625
 95.67421 93.48747 85.81855 0.91796845 0.97714394 5.649403 5.0
 101.04553 100.85666 92.51501 0.917292 0.9981308 5.1529713 0.0
 101.57955 105.63944 93.41674 0.88429785 1.0399677 4.1668553 6.25
 114.91766 121.966446 107.35046 0.8801638 1.0613377 4.1226797 0.0
 106.57567 107.45727 93.84548 0.8733284 1.008272 4.1381373 8.333333
 4.8098345 3.7529514 3.023696 0.8056848 0.7802662 4.194667 8.333333
 111.76538 115.95641 100.69184 0.8683593 1.0374985 4.1525817 2.0833333
 88.80799 91.46916 80.679955 0.88204545 1.0299655 4.122032 4.1666665
 112.95149 115.2019 100.5456 0.87277734 1.0199237 4.1574078 0.0
 0.98734176 78.16653 74.72964 68.18185 0.91238034 0.9560312 563.13715 7.143495 79.0
