 3.453584 2.0401368 1.9167497 0.9395202 0.5907303 7.9881597 14.772727
 11.899116 11.145934 10.644972 0.9550542 0.9367027 9.882691 11.363636
 8.765303 3.3645513 2.7142224 0.80671155 0.38384885 8.057537 17.045454
 8.599987 9.202948 8.756416 0.9514795 1.0701118 9.603213 6.818182
 2.358378 0.794754 0.2675343 0.33662525 0.3369918 3.343655 19.736841
 2.6286657 0.8549455 0.13834094 0.16181259 0.32523933 1.6277087 17.045454
 6.379654 5.939111 5.645775 0.9506093 0.9309457 9.270275 9.523809
 10.1800165 9.963148 9.482715 0.951779 0.97869664 9.520526 4.5454545
 4.5724907 2.1241925 1.8717562 0.88116133 0.46455914 6.812343 16.666666
 16.94005 10.719775 9.8092785 0.9150638 0.6328066 8.78134 18.181818
 4.099781 1.2794008 0.43249258 0.33804306 0.31206566 3.4758294 15.277778
 0.2903557 0.09551175 0.04286116 0.44875276 0.32894737 1.9487528 41.666668
 17.06308 17.16218 16.318396 0.95083463 1.0058079 9.524554 2.2727273
 8.785144 7.577073 6.978672 0.9210248 0.8624871 9.3003235 12.5
 62.860413 38.69006 34.826057 0.9001293 0.6154917 9.081653 15.909091
 15.356046 15.821495 14.737528 0.9314877 1.0303105 4.280117 3.8461537
 1.9805034 0.64092284 0.13129908 0.2048594 0.32361612 1.335619 18.181818
 2.5105722 0.7063805 0.11969166 0.1694436 0.28136235 1.5289807 21.25
 1.6518499 0.6319251 0.17492236 0.27680868 0.38255602 2.2184877 22.368422
 3.243105 1.0431018 0.50382835 0.48300976 0.32163677 5.1435714 15.909091
 2.1065385 0.4436843 0.13580969 0.30609533 0.21062243 3.3139966 20.833334
 17.242785 16.29782 15.571685 0.9554459 0.9451965 9.819485 7.9545455
 54.837543 56.83339 54.461895 0.9582729 1.0363955 9.78902 10.227273
 2.1141179 0.677656 0.11418199 0.16849549 0.32053843 1.9839591 17.105263
 3.2347023 0.66292846 0.08818975 0.13303056 0.20494266 1.5797905 18.181818
 2.9329522 1.802199 1.6654606 0.92412686 0.6144659 10.172251 15.789474
 7.0442657 6.1066933 5.41866 0.8873313 0.8669027 8.536143 12.5
 14.337466 13.433281 12.6638565 0.9427225 0.9369355 9.315691 7.9545455
 1.4546776 0.5441725 0.18847787 0.34635687 0.37408462 4.9663672 19.117647
 6.7674217 6.2128377 5.9341903 0.9551497 0.91805094 9.218506 11.363636
 2.8099124 0.591092 0.18132906 0.3067696 0.21035957 3.422131 19.444445
 5.1828485 2.8342185 2.4947252 0.88021624 0.5468457 8.679855 13.636364
 9.002671 5.5156116 4.866541 0.8823211 0.6126639 8.248438 9.090909
 1.4030957 0.37184817 0.07636474 0.20536539 0.2650198 2.4482784 23.529411
 7.9927354 3.810966 2.9008234 0.761178 0.47680372 7.4085894 18.181818
 8.1167755 5.8155017 4.9782615 0.85603297 0.71647936 8.3658085 13.636364
 2.1219103 0.6236639 0.1324665 0.21240045 0.29391623 1.9767452 17.857143
 2.028091 0.73032284 0.12686606 0.1737123 0.36010358 1.5980947 25.0
 12.7697 7.565192 6.929979 0.91603476 0.59243304 9.038573 15.909091
 2.5360696 0.84536755 0.3826617 0.45265716 0.33333766 3.3818302 19.117647
 9.212385 7.358803 6.699885 0.91045856 0.7987945 8.92834 14.772727
 30.855833 32.93951 31.190413 0.9468998 1.0675294 5.3401904 14.0625
 10.172094 7.977089 7.4704175 0.93648416 0.784213 9.687631 14.772727
 15.176529 14.336115 13.630551 0.9507842 0.9446241 9.641529 11.363636
 6.200115 3.9964857 3.478248 0.8703266 0.6445825 9.3024 12.5
 4.087717 3.4386134 3.2870388 0.9559198 0.8412063 8.729049 14.772727
 10.196154 7.4690876 6.7758136 0.9071809 0.7325397 9.709008 13.636364
 13.240083 11.429414 10.905157 0.95413095 0.8632434 9.729406 13.636364
 13.749069 11.254563 10.68614 0.94949394 0.8185691 9.256681 13.636364
 5.7060304 5.604226 5.297371 0.9452457 0.9821585 9.449182 15.909091
 6.723491 5.1666307 4.7099156 0.9116029 0.76844466 9.028836 12.5
 7.8034368 5.8259335 5.2927547 0.9084819 0.7465856 9.2121315 10.227273
 4.547193 3.8992174 3.6339068 0.931958 0.8574999 9.42031 14.285714
 4.005337 1.184959 0.25879434 0.21839939 0.29584503 2.2506607 17.045454
 6.221776 5.8360906 5.580838 0.9562631 0.9380104 9.139129 11.363636
 2.7100778 0.8875075 0.30869508 0.3478225 0.32748413 3.3163 17.5
 12.565162 6.777117 6.10931 0.90146154 0.5393577 8.349396 17.045454
 0.48946524 0.09125811 0.03156563 0.34589398 0.1864445 5.167137 18.75
 5.9236484 3.3156326 2.4324894 0.7336426 0.55972815 8.510541 15.909091
 6.66061 2.6972556 1.5875211 0.58856905 0.40495622 6.4368725 14.772727
 12.648729 11.130929 10.347622 0.9296279 0.88000375 10.032558 11.363636
 13.492606 12.242481 11.784229 0.9625687 0.9073474 9.161268 12.5
 20.504675 19.656872 18.302511 0.93109983 0.9586532 9.913396 9.090909
 2.7984645 0.89959484 0.16153915 0.17956878 0.32146016 1.749796 20.454546
 2.6298985 0.8558769 0.20501554 0.23953858 0.32544103 2.431616 17.5
 2.9657986 1.5757432 1.4063501 0.89249957 0.53130484 9.884037 16.666666
 16.98778 11.633641 10.97049 0.94299716 0.68482417 9.548126 19.318182
 14.24669 9.642119 8.772839 0.9098454 0.6767972 8.921927 17.045454
 6.879218 7.1418905 6.819167 0.9548125 1.0381836 8.979431 13.636364
 2.2023327 0.60501987 0.16599035 0.2743552 0.27471775 3.1331778 17.857143
 21.32026 21.21911 20.401926 0.96148825 0.99525577 10.1193285 4.5454545
 1.8104494 0.44081578 0.1154463 0.26189238 0.2434842 2.387538 20.588236
 19.672369 19.349579 18.525175 0.9573941 0.9835917 9.283735 14.772727
 19.375454 18.588547 17.817976 0.9585459 0.95938635 9.369497 10.227273
 2.0671122 0.4996699 0.10957462 0.21929403 0.24172364 2.8498893 21.052631
 1.6293588 0.4084555 0.12226039 0.29932368 0.2506848 3.4850934 19.117647
 3.9683454 3.0969326 2.7135532 0.87620676 0.78040904 8.068715 13.636364
 10.980176 7.4208064 7.0796294 0.95402426 0.67583674 9.688582 17.045454
 5.195144 5.3857627 5.123826 0.95136493 1.0366917 9.718943 10.0
 18.32544 19.2062 17.945948 0.9343831 1.0480622 9.234111 6.818182
 14.00092 11.905923 11.272674 0.9468122 0.8503672 9.410095 9.090909
 2.5312068 0.94140935 0.2731078 0.29010525 0.37192115 3.1321425 15.0
 5.7721276 4.1675963 3.2065995 0.7694122 0.7220208 8.546826 11.363636
 3.7470474 2.893088 2.7123642 0.9375325 0.7720981 9.5759945 15.909091
 1.3627102 0.33114243 0.07518639 0.22705151 0.24300282 3.259858 25.0
 2.6910803 0.6033818 0.20670986 0.3425855 0.22421545 3.656311 16.666666
 2.2513556 0.5768146 0.08685575 0.15057828 0.25620767 1.0811832 18.181818
 7.8881316 1.9473712 1.0044217 0.51578337 0.24687356 4.18837 15.909091
 3.379475 2.9967632 2.7535052 0.9188264 0.88675404 6.8988924 12.5
 5.108214 3.0148578 2.111565 0.7003863 0.59019804 7.2547417 16.666666
 5.0687594 5.0651712 4.7850175 0.94469017 0.9992921 9.484885 13.636364
 25.437546 25.251282 24.296473 0.9621877 0.99267757 9.378918 10.227273
 0.50271505 0.18731372 0.084276944 0.44992402 0.37260416 4.3612146 19.444445
 12.437376 7.9699783 7.344174 0.92147976 0.6408087 9.31596 15.909091
 2.0222716 0.6074799 0.07156037 0.117798746 0.3003948 1.4186487 19.444445
 2.422745 0.6106522 0.13190381 0.2160048 0.25204974 1.9380659 17.647058
 1.6582463 0.3261225 0.04649385 0.14256561 0.19666712 1.2802896 23.333334
 6.1861386 4.292428 3.8583128 0.8988649 0.6938784 10.001928 16.666666
 12.9523325 13.401899 12.772415 0.9530302 1.0347093 9.650365 11.363636
 7.6091833 7.145017 6.8072324 0.9527244 0.9389992 9.624995 12.5
 3.8859823 0.60417974 0.17192575 0.28456062 0.15547672 2.9603808 17.105263
 18.285942 18.705965 17.978836 0.96112853 1.0229697 9.311803 10.227273
 5.8822064 3.8296833 3.3968322 0.8869747 0.65106237 9.049013 14.772727
 2.1833482 0.5720806 0.08094841 0.14149827 0.26201987 1.1977978 20.238094
 36.394745 37.797855 36.37509 0.9623586 1.0385526 9.485149 0.0
 8.50214 3.8369055 3.356984 0.87491965 0.451287 8.406409 15.909091
 13.536229 9.598505 9.245498 0.9632227 0.70909745 9.635602 12.5
 21.19707 22.35651 21.535124 0.9632596 1.0546982 9.905235 14.772727
 7.0318265 6.3948154 6.035924 0.9438777 0.9094103 9.362334 15.909091
 16.161695 13.231349 12.4588 0.94161224 0.81868565 8.807375 15.909091
 16.778908 16.133034 15.390345 0.95396465 0.9615068 9.639806 10.227273
 1.8833107 0.63735086 0.29781768 0.4672743 0.33842045 5.892607 20.833334
 15.373468 15.802143 15.063274 0.9532425 1.0278841 9.4882 7.9545455
 4.850728 3.9826157 3.7262447 0.93562746 0.8210346 10.027097 11.363636
 8.481257 4.688717 4.1361637 0.8821526 0.5528327 8.859926 15.909091
 5.107353 3.3637855 3.1045067 0.9229205 0.6586161 9.376876 13.636364
 6.964626 5.889132 5.5780087 0.9471699 0.84557766 9.602443 11.363636
 1.4546524 0.40301898 0.0507294 0.12587348 0.27705517 0.95310026 19.117647
 10.035552 9.251668 8.725119 0.9430859 0.9218893 10.129258 7.9545455
 14.205793 13.840537 13.118538 0.94783443 0.97428817 9.4489765 6.818182
 2.7833734 0.7430132 0.12959687 0.17442068 0.26694703 1.2234905 15.909091
 2.1174443 0.6924662 0.11086672 0.16010416 0.32702923 1.6403642 17.857143
 18.954735 19.389 18.27145 0.94236165 1.0229106 8.705047 14.473684
 16.034414 11.857616 11.394125 0.96091187 0.7395104 6.75865 13.888889
 10.382148 9.669095 8.2714815 0.8554556 0.93131936 4.7662396 15.384615
 10.051135 8.971234 8.063705 0.8988401 0.8925593 7.4910917 11.111111
 21.770733 21.033552 18.617853 0.88515025 0.9661389 6.257919 6.25
 5.708086 4.019165 2.9984925 0.7460486 0.7041178 3.4202175 8.333333
 9.620811 8.067677 7.010988 0.869022 0.83856505 5.423203 13.333333
 7.4759703 5.3773646 4.842801 0.90059 0.71928656 5.733112 10.0
 2.2284255 0.5842317 0.14774379 0.25288564 0.2621724 1.2199665 17.307692
 15.687357 9.871878 7.9106517 0.80133206 0.62928873 4.0619855 17.307692
 0.62921375 0.131194 0.06861025 0.52296793 0.20850465 0.6698558 37.5
 7.5380764 4.0784545 2.6253214 0.64370495 0.5410471 2.5840673 12.5
 1.0 9.028427 7.2659926 6.6214557 0.91129404 0.80479056 62.70269 14.874251 134.0
