 4.035027 1.4712505 0.7843341 0.5331071 0.36461973 5.9259605 20.454546
 3.1116621 1.4257648 0.46198422 0.32402554 0.4582004 4.3071475 17.5
 3.4764185 1.4080622 1.0998569 0.7811138 0.40503243 6.131231 15.0
 15.005244 13.559808 12.601484 0.92932624 0.90367126 8.461696 10.227273
 8.234078 3.4021409 1.7584985 0.51688 0.41317812 5.52649 17.045454
 11.075547 5.7778325 5.1271725 0.8873868 0.5216747 5.8114862 16.17647
 3.971443 1.728938 0.92271036 0.5336862 0.43534252 5.7847476 15.909091
 6.248696 1.6966279 0.6728612 0.3965874 0.2715171 4.2446804 19.047619
 27.319572 27.532686 26.22581 0.9525336 1.0078008 9.313639 12.5
 97.24038 85.50797 79.135124 0.9254707 0.87934643 8.794524 10.227273
 7.037188 3.5630443 2.4356048 0.68357414 0.5063165 5.3140473 13.636364
 12.143451 5.5180583 4.997078 0.90558624 0.45440614 8.221756 17.045454
 10.848507 8.342518 7.834887 0.9391514 0.7690014 9.834792 11.363636
 2.471683 0.7477434 0.14848462 0.19857697 0.302524 1.3715768 18.421053
 11.561698 8.371582 7.8324556 0.9356004 0.72407895 7.550741 15.909091
 91.0595 79.28086 73.19147 0.9231922 0.8706489 8.755539 5.681818
 8.152182 3.99286 3.2208533 0.8066532 0.4897904 7.9204693 15.909091
 4.1022916 1.474506 0.6075574 0.41204134 0.35943472 2.5761006 17.5
 21.37069 20.847822 19.487455 0.93474776 0.9755334 8.914827 5.681818
 2.5095875 1.2001781 0.7232817 0.6026453 0.47823724 5.188695 23.529411
 7.2704997 2.2032344 0.788292 0.35778853 0.30303755 4.1036444 14.772727
 88.930084 69.00957 63.868427 0.92550105 0.775998 8.788874 11.363636
 97.73745 86.08427 80.13611 0.9309031 0.8807705 8.822681 11.363636
 85.30108 80.17253 75.069244 0.9363461 0.93987715 8.927364 1.1363636
 95.46165 85.95857 77.35128 0.89986694 0.90045136 5.845107 9.375
 10.562741 7.68251 6.967439 0.9069222 0.72732157 8.716635 13.636364
 5.6281323 1.5851177 0.26854223 0.1694147 0.28164187 1.6821502 13.636364
 2.6837575 1.3209891 0.8948346 0.67739743 0.49221626 6.9364505 18.421053
 4.2863913 1.6842306 0.9233282 0.5482196 0.39292505 5.5458984 18.181818
 96.03015 92.194336 86.207664 0.9350647 0.9600561 8.953413 6.818182
 5.3752184 2.1306038 1.2518178 0.58754134 0.39637527 5.4256573 17.045454
 6.241052 1.7068828 0.5357885 0.3138988 0.2734928 4.1390615 17.105263
 4.6827087 1.596734 0.8661118 0.5424271 0.34098512 4.2607965 17.045454
 4.0094676 1.1104742 0.4601927 0.41441095 0.27696303 3.1116292 19.318182
 88.52757 85.01397 79.60106 0.9363292 0.9603106 8.863403 1.1363636
 9.6518 4.864083 1.1439431 0.23518167 0.50395596 2.3572326 12.5
 3.3226016 0.7484891 0.2395228 0.32000843 0.22527198 3.9937675 12.5
 8.451701 3.5107343 1.2551835 0.35752732 0.4153879 4.091036 11.363636
 109.25742 80.9487 75.49998 0.93268913 0.7408989 8.291696 20.238094
 20.743166 19.856989 18.422684 0.9277682 0.95727867 6.2822547 7.352941
 88.94338 71.229126 64.676254 0.9080029 0.80083674 5.9195557 14.0625
 94.63654 96.38281 89.22397 0.92572486 1.0184524 6.023644 1.5625
 11.151554 11.055833 9.889854 0.89453727 0.99141634 5.195092 3.5714285
 1.0 30.229324 25.230257 22.902569 0.9077422 0.8346285 198.18866 13.308661 43.0
