 11.203047 8.259048 7.4675527 0.9041662 0.7372145 9.175335 9.090909
 136.6716 119.60119 110.474945 0.9236944 0.87509906 9.743123 12.5
 28.092562 25.384298 23.597395 0.92960596 0.90359503 9.873784 12.5
 15.6127825 13.985186 12.796634 0.9150135 0.8957523 9.774988 9.090909
 129.3978 117.34898 108.551056 0.9250276 0.9068855 9.70153 14.772727
 13.997763 12.644296 11.756143 0.9297586 0.9033084 9.847551 10.227273
 138.72536 134.58148 117.87612 0.8758718 0.97012895 4.347136 1.9230769
 8.764534 4.259533 3.0826578 0.723708 0.4859965 8.659647 16.666666
 31.681715 30.446611 28.559702 0.9380256 0.9610152 10.083455 5.681818
 12.813067 2.6646707 0.605751 0.22732678 0.20796509 1.8169516 14.772727
 13.106838 10.839322 9.833391 0.90719616 0.82699746 9.715463 10.227273
 148.97914 142.95963 132.91342 0.92972696 0.9595949 9.841786 1.1363636
 17.158092 13.735975 11.256162 0.81946576 0.80055374 4.394423 9.615385
 2.2699533 0.93176734 0.6986772 0.7498408 0.41047868 8.648299 15.0
 12.248121 10.867829 9.699795 0.89252365 0.8873058 10.249196 9.090909
 3.7381918 1.2441545 0.53002894 0.4260154 0.3328225 2.2763124 17.5
 50.669727 49.112896 45.910374 0.93479264 0.96927494 9.249015 3.409091
 2.3882177 0.6092049 0.12065508 0.19805337 0.25508767 1.7031741 17.857143
 8.147177 6.35715 5.565988 0.8755477 0.78028876 9.656431 5.681818
 10.2946415 9.844266 9.351715 0.94996566 0.95625144 10.072563 7.9545455
 147.91507 142.352 131.21547 0.9217676 0.9623901 9.768039 5.681818
 148.46521 143.30025 129.06796 0.9006821 0.9652109 9.572309 4.5454545
 127.9178 122.39766 111.368965 0.9098946 0.9568462 9.682684 3.409091
 13.206406 13.077662 12.044645 0.921009 0.9902515 9.954898 10.227273
 80.8167 77.00589 69.70875 0.90523916 0.95284617 5.063882 3.5714285
 124.14107 120.516716 111.63832 0.92633057 0.9708046 9.703336 0.0
 8.688485 6.5757513 5.8866253 0.8952019 0.75683516 9.4284315 13.636364
 20.968555 20.78562 19.338428 0.93037534 0.9912757 9.803546 4.5454545
 26.1655 25.760601 24.268312 0.9420709 0.98452544 8.047713 9.090909
 15.394445 13.545566 12.402193 0.91559064 0.8798995 9.855024 12.5
 122.199455 122.78913 113.9212 0.92777926 1.0048255 8.930567 2.3809524
 97.21568 80.11979 73.03906 0.91162324 0.8241447 7.393926 12.5
 135.77272 128.63155 116.20822 0.90341926 0.94740355 6.345669 1.5625
 135.2098 128.2462 115.28613 0.8989439 0.94849783 6.2485304 1.5625
 126.97655 115.22957 99.16905 0.8606216 0.90748703 4.87288 1.7857143
 89.878136 80.01417 68.581345 0.85711503 0.8902517 4.5660286 10.714286
 1.0 61.58033 57.111824 51.772022 0.9065027 0.9274361 461.46753 8.400344 36.0
