 23.049234 21.439867 19.212938 0.8961314 0.9301769 5.133515 5.0
 2.8319423 0.8781817 0.3402693 0.38747028 0.31009874 2.223197 16.666666
 142.82385 138.80428 128.37048 0.9248309 0.97185636 6.4345 1.4705882
 169.45834 164.43716 152.44995 0.92710155 0.9703692 6.497309 2.9411764
 1.0461267 0.18178561 0.036811505 0.20249955 0.17377016 1.1169686 19.23077
 31.477005 31.737862 29.83587 0.9400719 1.0082872 8.812962 4.5454545
 178.63081 172.19418 155.59586 0.90360695 0.9639668 6.38043 5.882353
 1.8357642 0.3416779 0.042287428 0.12376401 0.18612298 0.9453357 20.0
 4.338563 2.7570975 0.64707863 0.23469558 0.6354863 2.1131673 13.75
 34.822266 35.140182 33.077553 0.9413028 1.0091298 9.442945 7.9545455
 169.0029 165.85034 153.19829 0.92371404 0.98134613 6.4457526 1.4705882
 182.12437 178.2551 162.24002 0.9101564 0.9787547 5.4627533 1.6666666
 180.25958 176.09357 160.6681 0.912402 0.9768888 5.3781366 6.6666665
 206.97153 204.33377 175.04332 0.85665387 0.98725545 5.267943 0.0
 213.36746 211.2204 192.84885 0.91302186 0.98993725 5.45771 1.6666666
 189.21222 183.45259 166.98096 0.91021305 0.96955997 5.411062 8.333333
 196.45024 196.45491 179.6136 0.9142739 1.0000237 5.4039564 1.6666666
 174.67122 170.23064 155.25679 0.9120379 0.9745775 5.402898 10.0
 202.07295 199.42944 182.15346 0.91337293 0.9869181 5.455208 0.0
 209.98038 209.21411 191.76167 0.916581 0.99635077 5.466516 0.0
 209.42772 209.19461 191.48914 0.9153636 0.99888694 5.4686656 1.6666666
 191.61382 185.88417 159.12663 0.8560527 0.9700979 5.2654862 1.6666666
 187.66605 183.87344 159.11774 0.8653655 0.9797907 3.9274826 4.1666665
 192.88911 189.54854 173.3035 0.91429615 0.98268133 5.465322 0.0
 197.81252 193.66754 175.69333 0.9071903 0.979046 5.436487 0.0
 171.40292 166.55087 147.81215 0.88748944 0.97169214 3.9397326 8.333333
 195.75409 193.2846 171.08989 0.88517076 0.9873848 5.342793 3.3333333
 187.50627 187.3339 166.3675 0.88808 0.99908066 3.9778278 4.1666665
 186.1209 182.6734 166.18814 0.9097555 0.98147714 5.4433384 1.6666666
 173.12352 171.31952 156.57875 0.9139574 0.9895796 5.4383783 1.6666666
 212.38553 208.413 188.84706 0.9061194 0.98129565 4.9415364 1.7857143
 27.937506 28.583971 25.872993 0.90515745 1.0231397 6.554592 4.4117646
 105.326775 101.58936 92.212524 0.9076986 0.96451604 3.9565067 4.1666665
 175.69534 175.69832 156.08348 0.8883607 1.000017 3.9593437 0.0
 25.312754 25.994944 23.685007 0.91113895 1.0269505 5.032117 3.5714285
 1.0 141.55434 139.03021 125.50977 0.9027518 0.98216856 741.5508 4.843268 35.0
