 18.873997 17.436237 16.140446 0.925684 0.9238233 9.151248 12.5
 109.86798 101.81826 93.42295 0.9175461 0.9267328 9.164305 1.1363636
 15.795392 12.913612 11.43418 0.88543624 0.81755567 9.245899 11.363636
 10.810957 9.67622 8.773207 0.90667707 0.89503825 8.9055195 9.090909
 10.364201 9.154559 7.832301 0.8555629 0.88328654 8.851739 9.090909
 100.64123 94.05031 85.9047 0.91339093 0.93451077 9.272347 1.1363636
 2.9134395 0.73046464 0.1575449 0.21567765 0.25072244 1.3474824 17.045454
 2.987019 0.88990825 0.10898768 0.12247069 0.2979252 1.2415899 15.909091
 21.522287 9.709982 5.7048097 0.5875201 0.4511594 4.7742352 14.772727
 15.10554 13.508086 12.382988 0.9167093 0.8942472 9.103018 5.681818
 1.3946705 0.47192267 0.10473687 0.22193651 0.33837575 1.6990296 21.428572
 4.690888 1.257694 0.34417892 0.27365872 0.26811427 3.3732145 14.772727
 4.029993 3.5223513 3.108475 0.8825 0.87403405 2.4125233 17.105263
 14.975681 11.644237 10.387235 0.89204943 0.77754307 9.154473 11.904762
 104.07035 103.60487 94.75 0.9145322 0.9955273 5.926674 1.5625
 108.835175 108.25946 99.05441 0.91497236 0.9947102 5.8866434 1.5625
 112.4608 112.6055 102.49163 0.91018313 1.0012866 5.8973875 1.5625
 114.264465 114.16628 104.32969 0.91383976 0.99914074 5.933019 1.5625
 63.960323 59.84499 54.379494 0.9086724 0.93565804 5.7942743 7.8125
 110.29713 110.49898 100.98377 0.91388875 1.0018301 5.866901 1.5625
 106.88797 107.140305 97.72031 0.91207796 1.0023608 5.907825 1.5625
 131.79263 100.282104 89.67082 0.8941857 0.76090825 5.792063 14.0625
 111.27927 110.468704 100.50766 0.90982926 0.99271595 5.9441586 1.5625
 108.75531 107.94214 98.15118 0.9092943 0.99252295 5.869287 9.375
 101.054794 102.49178 92.66485 0.9041198 1.0142199 4.056652 2.0833333
 1.0 60.30526 56.96356 51.620422 0.90620077 0.94458693 362.01743 8.288377 25.0
