 102.74816 77.49426 73.33442 0.9463206 0.75421554 8.507511 18.181818
 11.891588 9.652109 4.120995 0.4269528 0.8116753 2.993455 15.0
 57.586365 56.05104 53.45235 0.9536371 0.9733387 8.461405 5.952381
 96.074745 64.90402 60.456528 0.9314758 0.6755576 8.760984 14.772727
 109.04293 78.87266 73.08143 0.9265749 0.7233175 7.794143 13.75
 84.89006 58.782017 54.31188 0.923954 0.69244874 8.578827 14.772727
 19.346533 16.041798 13.887997 0.8657382 0.8291821 8.754191 11.363636
 98.23727 71.921135 67.490585 0.9383971 0.73211664 8.707039 15.909091
 81.001785 73.82416 69.03594 0.9351402 0.9113893 9.400823 6.818182
 23.442562 21.914186 20.923897 0.95481056 0.93480337 8.821979 12.5
 13.471017 12.1996155 11.476945 0.94076276 0.9056195 8.827493 5.681818
 102.585106 75.5178 67.70514 0.89654535 0.7361478 5.08862 11.666667
 15.994724 12.939992 11.890309 0.9188807 0.8090163 7.888998 12.5
 18.202255 11.9197855 10.45716 0.8772943 0.65485215 8.462794 12.5
 9.613149 6.8894715 6.416252 0.9313127 0.7166717 8.472344 18.181818
 102.904686 83.59485 77.16345 0.92306465 0.81235224 5.922773 12.5
 2.8271763 0.6780491 0.16089651 0.23729332 0.23983261 2.6899385 18.181818
 100.78555 95.68737 90.652756 0.9473848 0.94941556 8.837552 7.9545455
 5.940069 3.3572361 2.8406785 0.84613603 0.5651847 5.8048368 18.181818
 49.600792 48.51216 46.120514 0.9507001 0.97805214 9.183441 14.772727
 56.211185 53.621113 50.92472 0.949714 0.95392245 8.79433 3.409091
 96.82224 93.446815 88.62436 0.9483935 0.96513796 8.794458 2.2727273
 95.881256 55.982044 50.495567 0.9019958 0.5838685 8.55442 17.045454
 34.381985 11.911401 10.262875 0.86160094 0.3464431 8.3438425 19.318182
 42.924656 42.066895 40.098717 0.95321316 0.980017 9.225587 6.818182
 97.24366 60.983253 56.65301 0.9289929 0.62711805 8.5790825 17.045454
 74.871056 72.02306 67.64912 0.9392701 0.96196145 8.734484 2.2727273
 67.552734 65.43583 62.368 0.95311695 0.968663 9.03963 3.409091
 17.582624 15.335827 14.058262 0.9166941 0.8722149 9.889969 15.909091
 46.86741 47.920033 46.272583 0.9656209 1.0224596 8.826511 2.2727273
 101.698235 69.17326 63.899326 0.9237576 0.68018156 8.746306 12.5
 13.204107 11.824773 10.852813 0.91780305 0.8955375 4.764783 14.285714
 51.134274 46.262962 43.22785 0.93439436 0.90473497 9.181708 6.818182
 34.40155 33.657658 32.125866 0.95448905 0.97837627 9.032331 2.2727273
 10.895975 7.733126 7.1298747 0.9219912 0.70972323 9.846517 13.636364
 13.80963 11.519934 10.756888 0.933763 0.8341957 7.6750226 11.363636
 116.722664 88.53204 83.92705 0.947985 0.75848204 8.4984 15.909091
 11.724246 5.3691263 4.910275 0.9145389 0.45795068 9.297477 15.909091
 116.50547 92.331505 87.32876 0.94581753 0.7925079 8.691552 17.045454
 99.4017 60.276134 54.226192 0.89962953 0.60638934 8.227825 18.181818
 91.524254 85.6001 81.41418 0.95109904 0.93527234 8.838555 6.818182
 20.900066 17.692995 17.214664 0.97296494 0.84655213 6.1022916 14.772727
 11.500987 7.912255 6.7379274 0.8515812 0.6879631 8.346153 13.636364
 116.68673 78.85267 72.32948 0.91727376 0.67576385 8.133078 15.909091
 97.93635 79.00196 74.64976 0.94491017 0.80666643 7.9024568 17.5
 20.6235 15.126232 13.928668 0.92082864 0.7334464 8.882325 7.9545455
 78.68262 52.84468 49.005096 0.9273421 0.6716182 8.6807785 14.772727
 104.58258 70.75545 64.04814 0.9052043 0.676551 9.006937 13.095238
 52.26321 45.561493 43.10494 0.94608265 0.87176985 8.740958 2.3809524
 11.695884 9.316034 8.287234 0.8895668 0.7965225 8.678297 12.5
 11.493317 8.745514 8.095554 0.92568076 0.7609217 8.336811 15.909091
 85.93437 78.253746 72.22981 0.92302054 0.9106222 6.073797 9.375
 97.52819 62.408264 57.881603 0.927467 0.63989973 8.453766 17.045454
 13.670205 14.105598 13.266027 0.9404795 1.0318499 9.196752 9.090909
 83.01695 80.69109 76.97282 0.95391965 0.9719834 8.44128 12.5
 51.128254 47.886787 44.63541 0.93210286 0.9366013 8.533837 3.409091
 94.605965 82.308365 78.1876 0.94993496 0.87001246 8.976394 11.363636
 69.25935 66.557594 63.037315 0.9471093 0.9609908 8.982277 2.2727273
 99.978195 91.633736 86.82674 0.9475412 0.9165372 8.776362 10.227273
 81.21044 79.53879 76.15358 0.95743954 0.9794158 8.713249 9.090909
 52.96643 47.30023 44.09578 0.932253 0.8930228 5.708423 3.125
 33.980564 29.461235 25.369694 0.8611212 0.8670025 9.661939 6.818182
 115.65917 84.586655 79.24365 0.936834 0.7313441 7.771188 17.5
 91.78925 70.80533 66.90273 0.94488275 0.7713902 8.969099 13.636364
 81.51623 77.77483 74.01957 0.9517162 0.9541025 8.710729 3.409091
 83.88153 81.95881 78.138885 0.9533921 0.97707814 8.8717785 3.409091
 17.437078 18.513752 17.836527 0.96342045 1.0617461 8.81408 7.9545455
 80.06017 76.80861 73.16847 0.9526077 0.959386 8.766401 3.409091
 6.9303737 1.7561599 0.42979407 0.24473515 0.25340047 2.3896089 18.181818
 0.8938231 0.23117222 0.07716845 0.33381367 0.25863308 4.704054 15.0
 84.709274 48.85826 42.73449 0.87466246 0.57677585 5.4302044 9.375
 96.19467 69.04788 64.33453 0.93173796 0.7177932 8.763519 13.636364
 24.876081 22.940107 21.698746 0.9458868 0.9221753 9.197082 3.409091
 4.1778393 1.3229758 0.28211096 0.21323968 0.31666508 2.0006075 20.0
 42.252842 37.404537 35.369343 0.94558966 0.8852549 9.612591 3.409091
 102.4863 89.66601 84.17859 0.9388015 0.8749073 9.068897 12.5
 100.88469 75.55376 71.13722 0.94154453 0.748912 8.725799 15.909091
 10.73119 9.935904 9.378718 0.9439221 0.9258902 9.020465 9.523809
 12.241272 11.104009 10.445486 0.94069505 0.907096 8.937639 7.9545455
 35.00207 32.60899 30.727434 0.94229954 0.9316302 8.717146 13.636364
 59.018467 56.657497 53.738586 0.9484815 0.95999604 9.142166 4.5454545
 100.95896 66.764015 61.240833 0.91727304 0.6612986 8.037039 7.9545455
 73.6089 70.982605 67.90895 0.9566984 0.96432096 9.058368 2.2727273
 58.19358 54.74336 51.800426 0.9462413 0.94071126 7.966765 6.25
 14.115246 12.549548 11.935771 0.9510917 0.8890775 8.645678 11.363636
 75.25202 72.623505 69.148445 0.9521497 0.9650705 8.699533 0.0
 13.0095825 9.713499 8.246525 0.8489757 0.7466419 9.346558 14.772727
 87.40431 75.26946 70.8779 0.94165546 0.8611642 8.754325 13.636364
 92.861115 51.11051 44.519035 0.87103474 0.55039734 7.2531137 17.045454
 9.371813 5.325636 3.5573926 0.6679751 0.568261 7.136941 15.909091
 91.116104 56.701675 50.509586 0.8907953 0.62230134 8.298606 17.045454
 55.138206 53.81476 51.088036 0.94933134 0.9759976 8.447642 11.904762
 97.44215 80.01766 75.59333 0.9447081 0.8211812 8.304227 17.857143
 94.653275 95.58034 85.94529 0.89919424 1.0097944 3.9510646 6.25
 98.44827 101.45 96.68969 0.9530773 1.0304904 8.371002 1.1904762
 94.04997 92.90749 88.125084 0.948525 0.9878524 8.429382 2.3809524
 86.88677 88.67617 84.51071 0.9530262 1.0205946 8.376917 8.333333
 79.59018 68.900604 63.214798 0.91747814 0.8656923 7.9573956 9.523809
 13.957534 11.606523 11.0971575 0.95611393 0.83155966 7.6496315 10.0
 99.00367 67.70169 61.660156 0.9107624 0.68383014 7.7875075 17.5
 15.946491 11.411626 6.473363 0.5672604 0.71561986 4.172702 15.789474
 85.46664 54.057865 49.04104 0.90719527 0.63250256 6.892016 15.277778
 10.688495 7.3527966 6.6309786 0.9018308 0.68791693 7.661156 13.888889
 13.102719 3.0648072 2.0716004 0.6759318 0.23390618 5.3188825 16.666666
 96.87198 67.05904 61.657623 0.91945285 0.6922439 6.944398 12.5
 16.648256 2.5378473 1.3249453 0.5220745 0.15243922 4.792924 14.705882
 63.13223 70.48947 60.7909 0.86241114 1.116537 4.0909934 4.1666665
 62.10018 61.837376 55.8362 0.9029523 0.995768 5.3535423 1.6666666
 77.8051 58.84025 51.51321 0.87547576 0.7562518 5.2784386 11.666667
 10.962359 8.956185 8.1159725 0.9061863 0.8169943 5.7260704 8.823529
 88.26301 63.9763 54.7955 0.8564969 0.72483706 6.238523 13.235294
 101.54555 68.97512 63.282864 0.9174738 0.67925304 5.1513534 16.666666
 65.69501 63.635464 58.15555 0.91388583 0.96864986 4.3376484 9.615385
 1.0 60.01083 48.883926 45.39332 0.928594 0.8145851 392.36914 11.06781 113.0
