 85.60626 79.66102 74.23184 0.93184656 0.9305513 8.542066 4.5454545
 11.355046 8.873458 8.065226 0.9089158 0.78145504 8.72736 10.227273
 74.90913 50.214054 43.47135 0.8657208 0.6703329 5.0536036 8.928572
 64.018394 63.206013 56.53464 0.89445037 0.98731023 5.625282 3.3333333
 79.515205 70.57036 65.80863 0.93252504 0.88750774 8.7509985 14.772727
 1.8419828 0.45354468 0.10531485 0.23220392 0.24622633 2.803053 20.833334
 10.727264 9.528599 8.882756 0.93222064 0.8882599 9.149257 11.363636
 89.44382 85.45356 79.17765 0.92655766 0.9553881 8.819641 2.2727273
 92.2912 80.559 74.823166 0.9287996 0.87287843 8.822428 11.363636
 26.174437 25.32208 23.312971 0.9206578 0.96743554 9.289918 13.636364
 80.61619 52.12873 47.38023 0.9089081 0.64662856 8.789639 17.045454
 86.88419 81.04538 74.95513 0.9248538 0.93279773 8.735263 9.090909
 2.4417243 1.414735 0.922118 0.6517956 0.57939994 7.1634674 15.789474
 90.11263 84.57314 78.910774 0.9330478 0.938527 8.79776 3.409091
 2.0882595 0.50573516 0.105108134 0.20783238 0.24218021 2.044268 20.0
 87.128204 85.17777 78.59294 0.922693 0.9776143 7.4844923 2.631579
 2.2770543 1.1620151 0.5858706 0.504185 0.51031506 6.936214 18.055555
 7.464196 2.9589834 1.410915 0.47682422 0.39642358 3.4024665 10.416667
 87.66872 84.28561 79.037056 0.937729 0.96141034 8.920255 1.1363636
 12.139422 10.426445 9.686498 0.9290316 0.85889137 8.621945 14.772727
 11.984238 9.69425 8.377277 0.86414903 0.80891675 8.2124195 13.157895
 1.6298081 0.3968536 0.13602132 0.3427494 0.24349713 3.574975 18.75
 3.9930894 1.259227 0.1961059 0.15573514 0.3153516 1.6615653 16.25
 74.34144 66.584015 62.185024 0.93393326 0.89565134 8.722851 9.090909
 4.972963 2.2433789 1.5570353 0.69405806 0.45111516 4.504312 19.047619
 12.7220955 10.561122 9.7017145 0.91862535 0.8301401 9.102986 11.363636
 90.79578 66.167625 61.51949 0.9297522 0.7287522 8.707824 15.909091
 87.53535 81.80283 76.41164 0.9340952 0.9345121 8.830019 3.409091
 1.8733706 0.7270696 0.20895192 0.28738916 0.38810772 2.169839 17.1875
 12.179068 9.771064 9.22617 0.94423395 0.80228335 8.692868 12.5
 87.469086 82.38256 76.31464 0.9263445 0.9418478 7.831606 7.5
 89.31617 85.09326 79.2254 0.931042 0.9527195 8.880189 1.1363636
 16.250807 13.734304 11.153747 0.81210864 0.84514594 10.166117 9.090909
 10.220808 9.581611 8.772782 0.91558534 0.9374612 8.130699 15.0
 83.823006 54.996883 49.363636 0.89757156 0.65610725 8.579544 13.636364
 10.201575 9.724516 8.853455 0.91042626 0.95323664 8.618371 10.227273
 5.327514 4.571337 4.246943 0.92903745 0.8580619 8.857161 12.5
 89.46585 85.434326 80.01266 0.93654 0.95493776 8.670521 4.5454545
 75.335495 71.412 66.44879 0.93049884 0.9479198 8.797465 3.409091
 37.322006 33.00718 31.275957 0.9475502 0.88438916 8.846046 10.227273
 23.641165 22.659187 21.086933 0.930613 0.95846325 8.658641 5.681818
 32.226257 31.394379 29.430182 0.93743473 0.9741863 8.7022915 0.0
 18.100763 15.895586 14.024145 0.88226664 0.8781721 8.324561 12.5
 9.105785 8.995586 8.454387 0.93983716 0.987898 8.219825 12.5
 14.929482 13.7817955 12.469686 0.904794 0.92312616 9.911068 12.5
 85.17151 81.698975 74.562874 0.91265374 0.9592289 8.722531 1.1363636
 9.433243 7.9255776 7.2403717 0.91354495 0.84017533 8.749771 15.909091
 80.637985 71.534515 62.839466 0.87844956 0.88710696 4.313216 11.538462
 10.825092 10.94115 10.378501 0.948575 1.0107212 9.834629 11.363636
 7.3894734 6.59239 6.219788 0.9434799 0.89213264 8.549466 13.636364
 69.79568 49.67245 43.917774 0.8841475 0.71168375 8.391394 11.363636
 5.3924003 4.633355 4.0393085 0.8717891 0.85923797 9.419078 11.363636
 8.97613 6.7228866 6.2067738 0.9232305 0.74897385 8.716081 9.090909
 76.705826 70.707794 63.926083 0.90408826 0.9218047 5.855326 4.6875
 2.6633456 0.71900207 0.33850625 0.4708001 0.26996198 2.9616811 19.047619
 7.6557426 6.204316 5.0800023 0.81878525 0.81041336 8.472839 17.045454
 76.8609 77.562065 67.310196 0.8678237 1.0091225 3.8822072 6.25
 84.19093 56.115646 51.709927 0.9214886 0.66652834 8.677967 13.636364
 14.415495 13.741203 12.731643 0.9265304 0.95322454 8.922659 3.409091
 74.15249 50.062912 43.962482 0.8781447 0.67513466 8.419211 13.636364
 80.947395 57.589626 52.434914 0.9104923 0.7114451 8.726409 12.5
 87.38571 63.856335 54.54924 0.8542494 0.73074114 4.272385 11.538462
 73.708206 55.011612 49.200863 0.89437234 0.7463431 5.438074 15.0
 7.1864643 6.6228595 6.1817455 0.9333952 0.9215741 9.111945 12.5
 72.86275 54.862213 50.57389 0.92183465 0.7529529 8.701073 13.636364
 1.4322538 0.24338397 0.066064775 0.2714426 0.16993076 2.2960913 19.642857
 83.78993 68.600075 60.441685 0.8810732 0.81871504 7.0955772 9.210526
 10.02084 5.87326 4.9780655 0.8475813 0.5861046 8.248166 15.909091
 81.527054 63.170933 58.208046 0.9214372 0.7748462 8.745525 13.636364
 83.65799 76.77494 70.98838 0.92462957 0.91772395 8.967302 14.772727
 19.303625 16.370552 14.89477 0.90985143 0.8480559 7.6771574 12.5
 80.11528 61.85771 56.3015 0.9101775 0.7721088 8.012207 15.476191
 10.607374 8.471245 7.6448793 0.9024505 0.7986185 9.575392 12.5
 94.28591 90.32051 83.863495 0.92850995 0.95794284 8.737705 9.090909
 2.366351 0.6704729 0.17701809 0.26401976 0.28333622 3.2799113 17.5
 76.424484 49.364414 44.289795 0.8972008 0.6459241 8.488474 13.636364
 75.52088 69.27427 63.333904 0.9142486 0.9172863 8.810501 5.681818
 9.599074 8.132841 7.1749845 0.88222355 0.8472526 8.986774 12.5
 18.204508 17.132122 16.497414 0.9629522 0.94109225 7.3023877 12.5
 84.77169 79.14491 73.76696 0.9320493 0.9336243 8.811064 3.409091
 73.19066 45.592445 41.11798 0.9018595 0.6229271 8.467236 18.181818
 5.158021 4.461431 4.162356 0.93296427 0.8649502 9.446275 11.363636
 79.77311 59.37952 47.66336 0.8026902 0.7443551 7.645629 12.5
 6.5058365 5.3655677 4.7801056 0.8908853 0.82473147 9.877716 11.363636
 16.21018 12.902882 12.255969 0.949863 0.79597396 7.6474543 15.909091
 79.43713 74.91079 68.68545 0.9168966 0.94301975 8.411683 9.523809
 15.311841 15.288774 13.852588 0.9060627 0.9984935 8.21994 7.9545455
 88.68158 80.83975 74.76187 0.9248157 0.91157323 9.099304 10.227273
 91.7138 80.38501 74.40987 0.9256684 0.87647676 8.7699585 15.909091
 84.37089 68.76756 63.45337 0.9227224 0.81506264 8.477065 13.636364
 82.794624 79.420074 72.89672 0.9178627 0.9592419 8.505719 5.952381
 10.047156 8.569123 7.8743973 0.91892684 0.85289043 8.5079975 11.363636
 81.161606 81.89876 70.790146 0.8643616 1.0090826 3.846946 0.0
 88.67726 66.80865 58.2928 0.8725338 0.7533909 7.749293 11.904762
 84.41149 70.01614 63.17096 0.9022342 0.82946223 4.87821 12.5
 85.24452 75.56481 70.78865 0.9367938 0.8864477 7.4862866 5.263158
 76.622856 73.16269 69.0321 0.9435423 0.9548416 7.50224 1.3157895
 90.062775 86.28685 79.80227 0.92484856 0.95807457 5.747304 5.0
 2.9777093 0.85189116 0.5644766 0.66261584 0.28608942 4.1158676 10.416667
 89.44361 89.83854 82.319115 0.91630065 1.0044154 5.908997 4.6875
 86.79556 85.22517 77.85378 0.9135069 0.9819069 5.957288 10.9375
 92.57341 80.410065 72.29894 0.8991281 0.8686086 4.824231 7.142857
 82.47573 76.09727 69.013016 0.90690535 0.9226625 4.3882413 3.8461537
 93.89662 89.02481 78.785225 0.8849805 0.9481152 3.8914788 4.1666665
 1.0 49.567196 42.77538 38.954903 0.9106852 0.86297756 325.70593 10.750642 104.0
