 88.57909 89.702034 85.552666 0.95374274 1.0126773 8.811136 11.363636
 15.882914 14.933252 14.225048 0.9525754 0.9402086 8.016017 14.772727
 12.656025 11.875672 10.530942 0.88676596 0.9383414 4.4321995 9.615385
 35.155724 39.137882 36.410656 0.93031746 1.113272 5.6654186 3.5714285
 17.403599 16.222908 15.636775 0.96387005 0.9321583 9.061356 7.9545455
 20.162533 19.015198 18.075266 0.9505694 0.94309574 9.024984 9.090909
 97.494644 99.48858 93.80224 0.9428443 1.0204518 8.888543 4.5454545
 8.374892 7.202607 6.7227235 0.93337363 0.86002386 9.725119 15.909091
 2.3904207 0.57447755 0.11137587 0.19387332 0.24032488 1.7728616 19.318182
 20.585289 19.464205 18.41881 0.9462914 0.94553953 8.786029 9.090909
 12.483078 3.0249054 0.44189307 0.14608493 0.24232046 1.4046639 15.909091
 10.619728 7.8934865 7.153925 0.90630734 0.7432852 7.5436134 17.045454
 5.066261 3.7307858 2.7271488 0.73098505 0.7363983 9.167243 13.095238
 21.187881 21.550459 20.469593 0.9498449 1.0171125 9.330061 4.5454545
 50.80035 48.478493 45.79319 0.9446084 0.95429444 9.514359 15.909091
 2.1415136 0.43419972 0.10975581 0.25277722 0.20275368 3.300725 20.0
 16.378468 15.113987 13.944448 0.9226188 0.92279613 8.061491 10.227273
 37.719463 18.610165 16.330244 0.87749064 0.49338356 7.3984323 18.181818
 74.184784 81.63844 74.8579 0.91694427 1.1004741 4.81907 3.8461537
 8.287266 8.130622 7.905177 0.9722721 0.98109823 8.526669 7.9545455
 89.012794 96.34987 87.304146 0.9061159 1.0824271 4.25775 12.5
 60.370693 61.45556 58.165226 0.94645995 1.0179701 9.214496 3.409091
 13.554072 12.964548 12.279554 0.94716406 0.9565058 8.916137 13.636364
 92.18986 94.36249 88.50709 0.9379478 1.023567 8.146979 6.25
 1.4347773 0.47817945 0.08885403 0.18581733 0.33327785 1.5851727 13.888889
 12.980518 13.558258 12.894469 0.95104176 1.0445082 8.795991 6.818182
 71.4182 72.395386 69.03382 0.9535667 1.0136826 8.942099 9.090909
 10.292329 10.184373 9.430194 0.92594737 0.9895111 8.325076 13.095238
 9.705952 6.584726 5.6481752 0.85776925 0.67842144 8.55923 14.772727
 26.090193 26.7793 25.760498 0.96195555 1.0264125 9.014009 4.5454545
 89.807816 90.32606 86.1469 0.9537325 1.0057706 8.8257675 3.409091
 80.818474 89.400665 80.83589 0.9041979 1.1061909 4.2264524 4.1666665
 7.838723 8.211777 7.70044 0.93773127 1.0475911 5.4173775 12.5
 99.35343 99.41321 94.770996 0.9533039 1.0006016 9.003983 9.090909
 20.813725 21.225283 20.461386 0.96401006 1.0197734 8.619227 4.5454545
 11.571093 9.606883 8.777672 0.91368574 0.83024853 8.80702 14.772727
 92.84433 81.842995 78.81621 0.9630171 0.8815078 8.945659 6.818182
 82.90335 84.760925 78.83549 0.93009233 1.0224066 8.777656 4.5454545
 15.430177 10.093994 9.298737 0.92121476 0.6541723 9.846174 18.181818
 90.85627 89.784424 85.449005 0.951713 0.98820287 8.890357 12.5
 24.89705 23.681578 22.307087 0.94195956 0.95118 8.168968 11.363636
 98.71913 99.735115 95.2595 0.9551249 1.0102917 8.672649 7.9545455
 86.13739 88.29112 83.37433 0.94431156 1.0250034 8.851437 6.818182
 84.25376 70.04355 65.97441 0.94190556 0.8313404 9.072213 14.772727
 1.8948227 0.51447606 0.17046554 0.33133814 0.2715167 2.9853597 20.0
 87.573784 87.72626 83.53337 0.9522049 1.0017412 8.95452 9.090909
 81.76434 82.28517 77.94983 0.9473132 1.0063698 8.248674 5.0
 16.808987 13.3286085 12.099415 0.90777785 0.79294544 9.920029 11.363636
 12.528546 4.727775 2.9167507 0.61693937 0.37736025 5.8808355 17.045454
 11.336208 9.461275 8.281849 0.8753418 0.83460665 8.845848 12.5
 9.455259 7.0995245 6.1280875 0.8631687 0.75085455 4.9436355 11.666667
 20.366846 19.688217 18.774488 0.9535901 0.9666797 8.745915 11.363636
 1.0015384 0.19135314 0.053923715 0.2818021 0.19105922 1.5502907 25.0
 14.130404 12.984393 12.374235 0.9530083 0.9188975 8.811492 12.5
 14.047535 14.471599 13.971079 0.96541363 1.0301878 7.794924 9.090909
 77.71907 67.52842 63.566372 0.94132763 0.8688784 8.7738 10.227273
 1.196646 0.30074236 0.040079143 0.13326737 0.25132108 1.1059363 21.428572
 10.89996 6.1416974 4.454676 0.72531676 0.5634606 7.9741926 12.5
 95.37408 95.78343 88.83914 0.92750007 1.0042921 8.9063 2.2727273
 80.39396 80.441055 77.069626 0.9580882 1.0005858 8.123515 3.75
 12.523084 10.973943 7.612992 0.69373345 0.8762972 8.95612 10.227273
 81.77187 84.23785 79.57748 0.94467604 1.0301566 8.930475 5.681818
 88.50232 87.20443 82.391464 0.9448082 0.98533493 8.893432 12.5
 10.096353 8.105848 7.235356 0.8926093 0.80284923 7.4755225 18.181818
 99.35859 101.67789 95.837616 0.9425611 1.0233426 9.172541 4.5454545
 23.969913 24.388218 23.241085 0.9529636 1.0174512 9.322467 4.5454545
 92.72117 95.05949 90.911575 0.9563651 1.0252188 8.830115 4.5454545
 86.2735 86.77527 82.91397 0.95550233 1.005816 8.957774 12.5
 30.651714 31.562616 30.28548 0.95953643 1.0297178 8.942507 13.636364
 90.757034 91.19455 84.78078 0.9296693 1.0048208 8.860154 6.818182
 7.3297434 6.092996 5.374198 0.8820288 0.83127004 9.585225 14.772727
 94.33011 93.49537 89.0576 0.952535 0.99115086 8.821335 4.5454545
 9.616063 8.82459 8.314535 0.9422007 0.9176926 8.544728 13.636364
 13.257099 10.736964 6.033111 0.561901 0.809903 8.767707 13.636364
 1.7851858 0.64027077 0.1396003 0.21803322 0.35865778 2.8481019 15.476191
 90.710434 91.485016 86.89495 0.9498272 1.008539 8.823184 4.5454545
 95.58003 97.67277 91.72607 0.93911606 1.021895 8.910002 5.681818
 6.076734 4.6264863 2.5348225 0.54789364 0.76134425 7.4424553 11.363636
 13.232777 12.506376 11.907439 0.95210946 0.94510597 8.147318 13.636364
 23.16399 22.348911 21.396397 0.95737976 0.96481276 8.78616 6.818182
 91.940414 95.339 90.44184 0.94863427 1.036965 8.197197 3.75
 21.336443 18.849995 17.341446 0.91997087 0.8834647 8.828849 14.772727
 11.170631 9.599052 8.93316 0.93062943 0.8593115 9.301049 12.5
 62.77329 30.198511 26.76387 0.88626456 0.48107263 9.031074 12.5
 99.29093 98.066124 92.41406 0.9423648 0.98766446 8.832338 9.090909
 87.75411 92.00144 85.54057 0.9297743 1.0484003 6.348779 1.5625
 12.771887 14.619419 13.884467 0.9497277 1.1446562 6.1351304 10.294118
 66.42832 62.239273 57.785046 0.9284338 0.9369389 8.633934 4.5454545
 107.10556 110.02021 104.887596 0.95334846 1.027213 8.904119 5.681818
 92.08053 94.21654 88.924255 0.9438285 1.0231972 8.649218 10.227273
 16.357615 15.614055 14.941491 0.9569258 0.95454353 8.391207 13.636364
 23.730137 11.480662 10.050284 0.8754098 0.48380095 7.8860717 14.772727
 26.220716 23.873093 21.679821 0.9081279 0.9104668 10.618311 12.5
 13.287603 9.285271 8.334058 0.8975568 0.69879204 9.295483 14.772727
 10.12694 9.2385435 8.562626 0.9268372 0.91227394 8.995841 15.909091
 1.4455519 0.3505368 0.08301209 0.23681419 0.2424934 2.1190703 19.117647
 19.78014 16.24702 15.142519 0.9320182 0.82138044 8.690326 13.636364
 27.35146 27.15341 25.944853 0.95549154 0.9927591 8.998531 18.181818
 79.64954 82.27898 78.44712 0.95342857 1.0330125 8.897428 9.090909
 19.547422 20.562937 19.307632 0.9389531 1.0519513 6.8245883 7.352941
 15.843138 12.886689 12.067741 0.9364501 0.81339246 7.5570064 18.181818
 1.7827222 0.5661227 0.15603805 0.27562582 0.3175608 1.8410523 13.333333
 81.67594 82.565605 77.88006 0.94325066 1.0108926 8.969651 4.5454545
 26.075129 27.591934 25.810022 0.9354191 1.0581706 6.931157 2.9411764
 11.272749 10.753268 9.574241 0.8903564 0.9539171 9.000787 7.9545455
 12.209203 5.1894984 3.3726194 0.64989316 0.4250481 7.4116793 20.454546
 2.6110344 0.53985476 0.11164103 0.20679827 0.20675896 2.2096205 16.666666
 12.658113 12.41084 11.867387 0.9562114 0.9804653 9.101238 9.090909
 9.758516 9.785304 9.087616 0.9287004 1.002745 9.784785 5.681818
 18.024801 17.821941 17.248629 0.967831 0.9887455 8.756504 5.681818
 86.49442 87.71734 83.61967 0.9532855 1.0141386 8.621811 13.636364
 11.108075 8.664531 7.631268 0.88074803 0.7800209 8.292746 14.772727
 16.178389 15.36423 14.523051 0.94525087 0.94967616 8.894133 13.636364
 12.133977 9.247783 8.706125 0.9414284 0.7621395 9.816977 13.636364
 20.279228 18.206133 15.310592 0.8409579 0.8977725 7.675362 12.5
 1.8989687 0.5747618 0.24859172 0.43251258 0.3026705 2.298653 20.833334
 99.778755 102.544426 97.95116 0.95520705 1.027718 8.935858 6.818182
 20.109724 19.60841 18.561436 0.9466059 0.975071 9.127343 6.818182
 44.737705 44.21398 41.967564 0.94919217 0.98829347 8.9767475 15.909091
 17.157331 15.649496 14.960289 0.95595986 0.9121171 8.974802 14.772727
 81.439644 86.956245 82.479164 0.9485134 1.0677385 10.017786 5.681818
 3.1464515 2.893177 2.637182 0.9115177 0.91950476 8.446941 15.0
 105.137764 106.96945 102.105064 0.9545254 1.0174217 8.954855 6.818182
 16.108383 15.902875 15.242624 0.9584823 0.9872422 8.906855 9.090909
 10.87315 7.3156605 7.0816584 0.9680135 0.67281884 8.043509 12.5
 22.188549 19.671148 18.734743 0.95239705 0.88654506 8.848012 10.227273
 5.9536057 5.4917006 4.952166 0.9017546 0.92241585 9.126853 13.636364
 10.075639 8.8990555 8.138236 0.9145056 0.88322496 8.7101145 13.636364
 27.419535 27.220005 25.317053 0.9300899 0.99272305 8.969492 9.090909
 11.522207 3.9936786 1.6088417 0.40284708 0.3466071 5.3086705 17.857143
 91.9846 94.88596 90.77568 0.95668185 1.031542 8.855821 4.5454545
 18.099894 17.19967 15.912584 0.9251679 0.9502636 7.394112 9.090909
 6.9508023 4.441997 3.6454048 0.820668 0.6390625 9.144184 15.909091
 12.57741 12.92836 12.246744 0.9472775 1.0279032 9.122513 3.409091
 92.63727 95.6146 91.23451 0.95419014 1.0321398 8.945608 4.5454545
 83.82819 93.267105 84.70096 0.90815467 1.1125983 4.26397 8.333333
 8.603171 6.9344397 6.3721313 0.9189108 0.80603296 7.270822 10.227273
 88.36647 94.73942 88.72813 0.9365492 1.0721196 6.3565965 3.125
 81.30645 82.52737 78.81989 0.95507586 1.0150162 8.937 4.5454545
 15.504084 14.169365 13.414227 0.9467063 0.9139118 8.810715 10.227273
 5.862725 2.6063485 1.4943116 0.5733353 0.44456267 6.6767197 17.045454
 5.7490797 3.9804225 1.5327253 0.38506597 0.6923582 2.9972372 21.052631
 21.179396 19.623009 18.28343 0.93173426 0.9265141 9.41358 11.363636
 8.614186 7.34751 5.3377495 0.72647053 0.85295457 8.883357 9.523809
 90.35743 98.107574 89.70612 0.9143649 1.0857722 4.79564 3.8461537
 9.494971 6.3966055 5.545101 0.86688185 0.6736835 4.7936206 10.416667
 10.726744 8.20357 7.588653 0.9250427 0.76477736 10.157943 13.636364
 12.569227 8.601663 8.01067 0.9312932 0.684343 9.014053 17.045454
 93.63381 92.437836 87.17311 0.9430458 0.987227 8.724338 12.5
 61.493103 64.69949 63.84639 0.98681444 1.0521423 7.0306153 14.772727
 4.2700915 2.6233952 2.0285566 0.7732561 0.6143651 5.855743 15.909091
 21.106714 17.338594 15.42015 0.8893541 0.8214729 9.224673 10.227273
 21.829832 20.211874 16.568914 0.8197614 0.92588323 6.808815 9.090909
 4.426564 1.3071756 0.4044203 0.30938482 0.29530254 3.3349116 19.047619
 19.03147 17.700914 16.65114 0.9406938 0.9300866 8.542971 15.476191
 92.222664 97.619835 91.30442 0.9353061 1.0585232 6.884278 1.4705882
 24.205368 23.336077 22.10197 0.947116 0.96408683 9.048079 4.5454545
 24.314516 24.502544 23.410206 0.95541936 1.0077331 9.080299 9.090909
 8.791692 8.160609 7.6102653 0.9325609 0.9282183 8.800041 12.5
 106.854774 108.78038 103.0577 0.94739234 1.0180207 8.526287 5.952381
 11.060865 11.246022 10.660344 0.94792134 1.0167398 8.171066 10.714286
 84.82438 85.58889 81.87309 0.9565855 1.0090128 8.893653 11.363636
 3.2396 1.959232 1.3139379 0.6706393 0.6047759 9.253706 16.666666
 11.456818 11.150932 10.67898 0.9576759 0.97330105 8.352017 11.363636
 85.57127 86.63976 82.1195 0.9478269 1.0124866 9.002518 3.409091
 88.05113 88.478065 83.15272 0.9398117 1.0048486 8.884023 6.818182
 12.494407 8.758343 3.7103903 0.4236407 0.7009811 5.806843 15.476191
 86.30191 87.97071 82.76872 0.9408668 1.0193368 8.9563 6.818182
 65.199776 67.36004 64.00502 0.9501927 1.033133 10.111139 2.2727273
 25.501286 26.545008 25.29415 0.9528779 1.0409282 9.402121 9.090909
 8.774471 5.637512 5.2422023 0.9298787 0.64249027 9.250146 18.181818
 91.857056 93.432 89.55753 0.9585317 1.0171456 9.22428 5.681818
 94.36712 97.80753 93.33907 0.9543137 1.0364578 8.854322 4.5454545
 18.640081 17.887423 16.897581 0.94466275 0.9596214 9.153101 4.5454545
 29.50202 26.936398 25.684639 0.9535291 0.9130357 7.9607854 9.090909
 84.33094 86.340515 82.05512 0.9503664 1.0238297 8.637902 4.5454545
 82.08575 84.0844 80.23471 0.9542164 1.0243483 8.927439 4.5454545
 10.285699 8.698888 7.8281183 0.8998988 0.84572643 4.4392076 8.333333
 89.55471 88.36375 84.09111 0.95164716 0.9867013 8.810963 4.5454545
 24.609335 16.716625 13.68133 0.8184265 0.67927986 1.8860903 14.473684
 92.15636 94.20866 90.03966 0.95574725 1.0222697 8.833659 4.5454545
 85.36115 85.78506 80.57716 0.93929136 1.004966 7.2664394 2.7777777
 15.785396 14.29936 13.412209 0.93795866 0.9058601 9.27508 14.772727
 11.5395155 9.465039 8.621609 0.9108899 0.8202285 6.0725145 11.363636
 15.584831 14.556565 13.873673 0.95308703 0.9340213 8.70977 6.818182
 10.84428 9.921655 7.9080043 0.79704493 0.91492057 8.646706 12.5
 7.943621 6.7677774 6.1776185 0.9127987 0.85197634 7.7928305 13.888889
 83.1562 84.573296 80.3718 0.95032126 1.0170414 8.909983 4.5454545
 94.93729 94.7246 88.6492 0.9358625 0.9977597 8.308532 3.5714285
 25.340525 15.652672 9.607042 0.61376375 0.61769325 4.5620728 14.473684
 87.08498 86.74892 77.29061 0.8909693 0.996141 5.173406 5.357143
 101.32462 92.8937 86.12764 0.9271634 0.9167929 6.151683 7.352941
 83.88821 79.80064 74.25152 0.9304627 0.95127356 6.1345925 8.823529
 10.611819 7.0076227 6.097695 0.87015176 0.66036016 5.3042207 16.666666
 19.602545 17.301533 16.009174 0.9253038 0.8826167 5.2055955 11.666667
 6.7102146 6.3825407 5.8384013 0.9147457 0.9511679 4.985563 11.666667
 95.14589 77.17306 71.37433 0.9248607 0.8111024 4.1633973 9.615385
 96.64268 95.64936 88.89243 0.9293573 0.9897217 4.550527 5.357143
 25.825422 23.739515 22.643377 0.95382637 0.9192305 3.6176023 10.714286
 98.15194 93.52021 86.79032 0.9280381 0.95281065 4.656106 3.5714285
 17.266813 14.691229 12.856871 0.87513924 0.85083616 4.248986 12.5
 70.84237 66.53637 60.865383 0.9147687 0.93921715 4.7584333 14.285714
 86.745415 62.59213 56.691235 0.90572464 0.72156125 4.7124076 17.857143
 88.63117 87.752655 81.07813 0.92393935 0.990088 4.733089 5.357143
 78.62533 75.26224 69.53192 0.923862 0.9572264 4.6749687 3.5714285
 39.56587 40.279724 35.77632 0.8881967 1.0180422 4.733508 5.357143
 120.82506 118.66903 108.751076 0.9164234 0.9821558 4.305689 9.615385
 20.639877 20.386955 18.749273 0.91967016 0.98774594 4.1913543 9.615385
 99.87542 102.591576 93.16977 0.908162 1.0271955 3.8239129 6.25
 95.72485 90.90466 82.05102 0.9026052 0.94964534 3.7692099 8.333333
 3.965917 2.0240693 1.5064603 0.74427307 0.510366 3.528569 12.5
 1.0 42.604248 41.38504 38.653023 0.9339853 0.971383 323.4435 10.402997 211.0
