 141.86673 159.32706 143.59877 0.90128297 1.1230756 5.1311936 0.0
 131.1846 130.27205 122.41222 0.939666 0.9930438 9.192603 0.0
 43.694016 43.372463 39.687744 0.9150447 0.9926408 9.525956 3.409091
 40.225624 38.941147 36.883244 0.9471535 0.9680682 9.404691 11.363636
 142.21643 141.81891 133.63902 0.9423216 0.9972048 9.265303 3.409091
 145.8237 145.43173 137.32416 0.94425166 0.997312 9.111333 1.1363636
 125.881454 124.64234 112.71533 0.9043101 0.99015653 5.776392 1.6666666
 140.19464 137.23674 128.59807 0.9370528 0.97890145 9.225441 1.1363636
 111.436 110.27846 103.291405 0.9366417 0.9896125 9.446456 1.1363636
 22.828163 23.099613 21.717697 0.9401758 1.011891 9.743372 9.090909
 114.70332 112.98665 104.282166 0.9229601 0.9850338 8.733173 7.142857
 4.850545 2.0889387 1.2279304 0.587825 0.43066064 6.482971 17.045454
 147.70732 147.96992 136.06071 0.91951597 1.0017779 6.2849536 1.5625
 16.536509 17.020247 15.990803 0.9395165 1.0292528 9.067805 10.227273
 160.49455 157.11009 147.92676 0.9415484 0.9789123 9.109731 2.2727273
 26.687008 27.105267 24.283268 0.8958875 1.0156727 9.931872 6.818182
 117.64934 116.11177 109.36336 0.94188005 0.98693097 9.283274 0.0
 130.06035 126.93115 118.44299 0.9331278 0.97594047 8.603184 5.952381
 87.93426 95.98708 88.11303 0.91796756 1.0915779 5.3657565 0.0
 155.3601 155.53004 146.34349 0.9409339 1.0010939 8.982445 1.1363636
 23.60088 26.3637 24.020998 0.9111391 1.1170644 4.279828 7.6923075
 138.8122 136.37798 127.33233 0.9336722 0.98246396 9.188611 4.5454545
 146.39708 152.34578 136.91942 0.8987412 1.040634 4.623714 1.9230769
 120.64214 118.68982 108.96551 0.9180696 0.9838172 8.058816 3.9473684
 151.38936 155.94896 143.84772 0.92240256 1.0301183 6.385241 1.5625
 144.51112 141.69717 128.01285 0.9034255 0.9805279 8.9818535 2.2727273
 42.223663 40.32785 36.63167 0.9083468 0.9551007 5.4514947 1.6666666
 148.58925 147.77917 134.38849 0.90938723 0.99454826 9.175138 1.1363636
 23.08554 19.79614 12.494811 0.631174 0.85751253 5.766795 9.090909
 155.69843 167.59576 150.02475 0.89515835 1.0764128 4.069407 6.25
 141.98586 148.60873 135.21228 0.9098542 1.0466447 5.1094418 1.7857143
 135.06975 135.98283 128.22467 0.9429474 1.0067601 9.157792 1.1363636
 19.414917 15.629596 14.790694 0.9463261 0.8050303 7.5523224 13.636364
 118.92436 117.12151 109.03728 0.9309756 0.98484033 9.176287 1.1363636
 136.88228 132.56631 122.97221 0.9276279 0.9684695 7.780667 1.3157895
 95.94175 47.61784 40.77426 0.85628116 0.4963203 5.624208 15.0
 142.42622 141.44467 131.83664 0.9320721 0.99310833 9.167426 1.1363636
 145.19588 140.9482 129.46324 0.9185164 0.97074527 9.218621 1.1363636
 101.29272 108.6612 100.200325 0.9221353 1.0727445 4.583042 1.9230769
 150.89616 147.2603 137.4516 0.93339205 0.9759048 9.225127 1.1363636
 136.19746 135.93205 124.20489 0.9137277 0.99805135 9.258109 0.0
 140.7833 138.6235 128.23523 0.9250612 0.9846587 9.021561 3.409091
 49.68932 15.686412 10.305638 0.6569787 0.3156898 7.1543765 15.909091
 166.04294 165.70966 156.29459 0.94318336 0.99799275 9.1552515 1.1363636
 148.50983 145.53955 129.72784 0.89135796 0.9799994 8.987216 2.2727273
 113.670616 112.199936 102.52789 0.91379637 0.9870619 7.390985 1.3888888
 140.82497 143.24274 127.379974 0.8892595 1.0171686 4.640861 1.9230769
 113.11284 110.75178 103.496826 0.9344936 0.9791265 9.270309 2.2727273
 30.666553 29.58613 26.79303 0.9055942 0.9647687 8.674059 11.842105
 11.646805 8.122216 7.4129453 0.91267526 0.69737715 7.8440685 12.5
 112.08196 128.0441 121.91261 0.9521143 1.1424148 9.362163 5.681818
 106.88973 105.43399 95.06915 0.9016936 0.98638093 9.226059 2.2727273
 19.33731 18.418446 14.795142 0.80327857 0.9524823 9.984551 6.818182
 14.405274 13.364416 11.173741 0.8360815 0.9277447 7.2335362 6.818182
 2.0810995 0.91336936 0.42606008 0.46647075 0.43888786 5.342828 19.117647
 156.91087 138.12996 114.81818 0.83123296 0.8803084 5.7684903 4.4117646
 111.427734 111.05434 103.90273 0.93560266 0.99664897 7.9292502 1.3157895
 113.710815 105.20696 98.7154 0.93829715 0.9252151 9.242974 15.909091
 151.90843 152.92465 140.01068 0.91555333 1.0066897 6.8769007 1.4705882
 115.56711 112.55039 104.43263 0.92787445 0.9738964 9.262609 1.1363636
 129.46658 123.939064 111.61967 0.9006012 0.9573055 9.227435 6.818182
 135.41837 116.05401 54.254875 0.4674968 0.8570035 5.2486343 6.25
 148.39726 149.13469 137.99493 0.925304 1.0049692 7.245475 1.3888888
 163.85197 166.62927 145.57616 0.873653 1.0169501 3.9946258 0.0
 133.01369 133.03476 125.80997 0.9456925 1.0001583 9.133587 1.1363636
 27.680958 26.169374 24.57332 0.9390106 0.9453927 9.312225 2.2727273
 159.00558 160.95277 151.79503 0.9431029 1.012246 9.170312 1.1363636
 153.4881 154.84091 145.44144 0.93929595 1.0088139 9.074394 4.5454545
 12.71807 9.899651 2.5989034 0.26252478 0.7783925 3.1036992 12.5
 147.94583 148.30643 138.86493 0.9363379 1.0024374 8.633886 0.0
 43.53277 40.037617 36.94911 0.92285985 0.9197122 8.978375 1.1363636
 23.819319 22.381319 21.280752 0.9508266 0.93962884 9.027881 12.5
 150.7137 149.28777 139.71262 0.9358612 0.9905388 8.322344 7.5
 141.14133 142.77328 134.43541 0.9416006 1.0115626 9.205538 1.1363636
 21.857689 22.873226 21.124191 0.9235336 1.0464612 8.718704 5.681818
 13.423054 11.213604 10.455185 0.9323662 0.83539885 9.281892 9.090909
 146.55066 134.20432 122.86785 0.91552836 0.9157538 9.751234 3.409091
 159.23203 160.26204 146.18478 0.912161 1.0064687 5.7909856 0.0
 121.61815 118.534256 110.115555 0.92897666 0.97464275 8.486851 1.25
 124.00945 124.09152 111.87415 0.90154546 1.0006618 5.79793 0.0
 149.81357 148.53494 140.16235 0.9436321 0.9914653 9.113821 1.1363636
 76.11311 48.867096 43.691288 0.894084 0.64203256 9.172175 19.318182
 121.295525 123.54548 109.14337 0.8834267 1.0185493 4.6765523 1.9230769
 151.65599 150.54196 141.24168 0.93822134 0.99265414 9.148113 1.1363636
 60.494953 38.845184 28.497786 0.73362464 0.64212275 12.211432 17.1875
 29.420977 29.521677 27.237879 0.92263997 1.0034227 10.141319 9.090909
 20.294508 19.353542 17.908531 0.92533606 0.95363444 7.37669 1.3888888
 153.27574 151.54535 142.8703 0.94275606 0.98871064 9.193508 1.1363636
 143.23941 142.79875 134.30246 0.9405016 0.9969237 8.848001 2.2727273
 164.40108 169.10394 153.50455 0.90775263 1.028606 5.141037 1.7857143
 144.91048 143.0484 134.58575 0.94084066 0.98715013 9.170946 1.1363636
 6.242597 2.4868019 1.146072 0.4608618 0.39836013 2.8687663 18.75
 122.561554 120.718605 111.32843 0.9222144 0.98496306 9.121607 1.1363636
 84.69576 82.38792 76.675934 0.93066967 0.9727513 9.448444 1.1363636
 106.40614 107.23986 100.87243 0.9406244 1.0078353 9.570725 1.1363636
 133.93779 132.24716 124.0929 0.9383407 0.9873775 9.397188 1.1363636
 20.286158 18.99053 16.325464 0.8596634 0.9361324 7.193464 7.9545455
 139.85614 141.97922 132.91803 0.9361795 1.0151805 9.088804 1.1363636
 158.38568 164.37291 145.16988 0.88317394 1.0378016 4.126708 2.0833333
 4.57564 3.5213223 1.1060704 0.31410655 0.76958025 3.4762044 16.666666
 16.478426 16.923256 16.03696 0.94762856 1.0269947 8.955197 11.363636
 18.169199 18.1383 17.222492 0.94950974 0.9982994 8.618706 5.681818
 113.24581 119.34294 113.682045 0.9525661 1.0538398 9.408835 3.409091
 124.734886 122.09441 113.90802 0.9329503 0.9788313 9.157826 2.2727273
 150.80112 143.6692 131.28636 0.91381 0.95270646 8.874243 1.1363636
 125.60572 124.89216 108.1984 0.8663346 0.9943191 9.136336 2.2727273
 154.17422 153.43224 142.94586 0.93165463 0.99518734 8.373755 1.25
 44.246178 33.73922 18.39682 0.5452651 0.76253414 5.38538 6.25
 141.15662 107.70565 73.39899 0.68147755 0.76302236 2.9228804 6.25
 153.64642 166.50836 148.68481 0.8929571 1.0837113 4.199397 0.0
 3.2665205 1.1733634 0.7933862 0.6761641 0.35920897 6.1944537 18.75
 7.221783 6.10242 4.6855135 0.7678124 0.8450018 3.8455381 11.25
 4.93568 2.2890427 1.3845335 0.6048527 0.46377453 3.2061417 17.647058
 131.46945 129.94016 116.74924 0.89848465 0.9883677 4.595711 9.615385
 95.51805 76.684074 71.928696 0.93798745 0.8028228 9.163142 17.045454
 139.22351 138.3152 126.53145 0.9148051 0.9934759 8.062032 1.25
 33.19295 29.917765 21.491 0.71833575 0.90132886 7.141938 11.363636
 108.209625 96.0141 94.75777 0.9869152 0.8872972 9.308091 0.0
 141.4314 144.02234 131.88448 0.91572237 1.0183194 6.7862883 1.4705882
 115.60116 117.046394 105.269066 0.89937896 1.012502 5.235513 1.7857143
 111.40944 110.581245 99.45733 0.89940506 0.9925662 4.6656647 0.0
 21.199842 16.792942 10.571633 0.62952834 0.7921258 5.879523 9.090909
 134.72987 140.37527 123.62796 0.88069606 1.0419017 4.090889 16.666666
 137.83112 135.2553 123.175285 0.9106874 0.9813117 7.290278 4.1666665
 142.95041 143.37901 135.4575 0.9447512 1.0029984 9.258112 1.1363636
 125.06914 128.77292 120.62701 0.936742 1.029614 7.019062 9.722222
 21.568409 16.692604 13.9494095 0.8356641 0.7739377 7.8701453 10.227273
 158.79062 158.87898 149.77376 0.94269085 1.0005565 8.801087 8.333333
 105.37122 103.41124 97.2929 0.9408349 0.9813993 9.191493 1.1363636
 18.438917 17.233805 15.505092 0.89969057 0.934643 9.690437 3.409091
 127.62312 125.96351 118.76036 0.9428156 0.986996 9.161573 1.1363636
 120.442894 117.04925 109.76707 0.9377853 0.9718236 8.826976 1.1363636
 74.077065 82.99119 79.69422 0.9602733 1.1203358 10.161338 1.1363636
 158.1861 166.27232 146.09027 0.8786205 1.0511185 4.068051 2.0833333
 112.88956 112.22956 106.04879 0.94492745 0.9941536 9.189347 1.1363636
 141.45064 145.78162 130.9703 0.8984007 1.0306183 4.6134725 1.9230769
 114.57618 113.20377 106.843376 0.94381464 0.9880219 9.278103 0.0
 72.11064 77.82687 73.33471 0.94228005 1.0792704 8.9461355 1.1363636
 9.925561 5.6547823 1.0984803 0.19425687 0.56971914 2.4840693 16.666666
 138.02438 119.62599 86.05103 0.7193339 0.8667019 5.392385 11.904762
 95.45642 94.686554 87.837425 0.92766523 0.99193484 7.9958425 1.3157895
 7.574027 4.641715 3.9440162 0.8496895 0.6128464 9.330132 12.5
 124.04702 127.07861 116.59904 0.9175347 1.0244391 6.9803762 11.764706
 46.282413 53.740276 52.6 0.9787817 1.1611382 4.115165 6.6666665
 99.36952 98.2178 92.45761 0.94135296 0.98840964 9.370159 0.0
 19.152811 10.93801 6.0580635 0.5538543 0.5710916 3.120706 6.25
 60.070812 56.693977 52.51631 0.92631197 0.9437858 9.765071 5.681818
 151.07951 151.81964 138.57994 0.9127932 1.004899 6.7300196 4.4117646
 34.625977 14.038791 7.1007705 0.50579643 0.405441 7.876981 18.181818
 138.72667 131.00014 118.78777 0.90677595 0.944304 8.960183 1.1904762
 103.973305 102.290245 95.66391 0.93522024 0.9838126 9.000139 1.1904762
 114.95239 112.28754 104.56953 0.93126565 0.9768178 8.921546 1.1904762
 94.31941 78.620384 70.18733 0.89273715 0.8335546 5.1357694 12.5
 168.84343 171.51537 153.31027 0.89385736 1.0158249 4.7438974 0.0
 137.67323 138.72311 131.16837 0.9455408 1.0076258 8.903881 1.1904762
 131.61687 125.77507 118.094765 0.9389361 0.95561516 7.2603936 1.3157895
 135.69681 129.42284 117.048195 0.904386 0.95376474 6.79024 2.9411764
 119.69595 117.06113 109.4421 0.9349141 0.9779873 8.177432 1.25
 19.20646 18.402006 16.753716 0.91042876 0.95811546 5.846527 10.294118
 168.03174 163.12286 148.92014 0.9129324 0.97078604 7.8666015 0.0
 152.49918 154.15762 139.53271 0.90513015 1.0108752 5.255732 0.0
 111.15613 113.40755 105.388 0.9292856 1.0202545 6.9240527 7.352941
 108.00981 101.79456 94.6346 0.9296626 0.94245666 8.685949 2.5
 90.69976 87.212654 80.84345 0.9269693 0.9615532 7.5205984 6.5789475
 148.64754 144.83093 132.58954 0.915478 0.9743245 7.5090346 0.0
 163.78949 161.45215 148.99725 0.92285705 0.98572963 7.4909 2.631579
 75.01427 69.98715 65.01807 0.9290001 0.9329846 6.7780037 6.5789475
 30.192257 32.882397 27.611868 0.8397158 1.0891004 5.2253 5.769231
 104.984314 98.694496 91.12807 0.92333484 0.94008803 7.18554 15.277778
 152.61652 146.33882 132.32469 0.9042351 0.9588661 6.4942837 1.4705882
 140.17879 137.30295 127.70029 0.93006223 0.97948444 6.921043 1.3888888
 143.81918 133.02823 120.134926 0.90307844 0.9249686 7.1312466 1.3888888
 154.55772 151.9151 139.52068 0.9184122 0.982902 7.0284543 1.3888888
 20.51477 18.811739 17.2456 0.91674674 0.9169851 4.962029 11.111111
 151.66135 143.83513 130.66824 0.9084585 0.9483968 6.598324 1.4705882
 19.892397 19.619164 17.342634 0.883964 0.98626435 6.813922 4.1666665
 22.87618 21.966623 20.35403 0.926589 0.96023995 8.09109 5.5555553
 163.47922 141.5017 61.079544 0.4316524 0.8655638 2.5810921 5.5555553
 34.76236 26.078161 23.65905 0.90723616 0.7501838 5.987694 13.235294
 127.2026 120.619774 110.59069 0.9168538 0.9482493 6.235165 1.4705882
 136.14906 129.48207 113.92818 0.87987614 0.9510316 6.1421432 1.4705882
 154.7883 150.9381 136.43916 0.9039412 0.97512597 6.302922 10.294118
 107.97065 103.86509 94.17539 0.9067088 0.9619752 6.2816267 2.9411764
 131.58379 127.46265 113.8353 0.8930875 0.96868044 5.674546 3.125
 141.34987 111.04995 99.34022 0.8945544 0.78563887 5.6845627 15.625
 128.08617 116.115616 104.20915 0.8974603 0.906543 5.826601 0.0
 141.59676 132.8075 119.54587 0.900144 0.9379275 5.7702856 3.125
 144.71764 136.11461 124.51472 0.91477853 0.940553 5.3407845 1.6666666
 154.65051 145.27962 131.0896 0.9023262 0.939406 5.1122203 1.6666666
 87.257065 88.36903 80.14536 0.9069394 1.0127436 5.488358 1.6666666
 148.6715 138.08646 124.32243 0.9003232 0.92880243 5.262421 1.6666666
 121.14176 99.80432 87.59299 0.8776472 0.82386386 5.842296 3.3333333
 160.1301 144.93822 132.02289 0.9108908 0.9051279 5.2134805 3.3333333
 124.040955 116.186935 105.78128 0.9104404 0.93668205 5.2770286 0.0
 139.48862 132.62817 120.6646 0.90979606 0.9508172 5.3427505 5.0
 120.701485 109.194664 97.9747 0.8972481 0.9046671 4.4104023 1.9230769
 140.69107 132.67944 120.71166 0.9097993 0.9430552 4.759018 1.7857143
 154.68883 141.15298 129.00037 0.9139046 0.9124964 4.816893 0.0
 148.20142 135.19325 122.32231 0.904796 0.9122265 4.7824135 0.0
 121.54063 115.50143 103.91098 0.89965105 0.9503113 4.9622464 1.7857143
 142.26001 127.46008 115.39072 0.9053086 0.8959657 4.277582 1.9230769
 111.64981 98.62721 87.37047 0.88586575 0.8833621 3.9057665 2.0833333
 88.729164 69.24159 60.99934 0.8809638 0.7803702 3.62852 2.0833333
 143.32936 134.03793 122.71018 0.9154884 0.9351743 4.767239 1.7857143
 130.4549 121.52362 111.35936 0.9163598 0.9315375 4.72111 1.7857143
 154.66995 154.03618 139.3491 0.9046518 0.9959024 4.2944636 0.0
 7.8869004 2.7943897 1.4914287 0.5337225 0.3543077 3.0178974 12.5
 24.429451 27.562798 24.515734 0.88945013 1.1282611 5.249967 5.769231
 167.10481 156.55833 141.33661 0.9027728 0.936887 4.2895284 1.9230769
 154.23845 142.93744 129.14369 0.90349805 0.9267302 4.294124 0.0
 88.314735 55.20377 48.88106 0.88546604 0.62507993 4.2583365 15.384615
 156.37373 154.52016 136.83057 0.8855192 0.98814654 3.9049795 2.0833333
 172.23114 166.46631 150.63228 0.9048814 0.96652853 3.9089706 2.0833333
 138.9974 129.93343 115.52118 0.88907975 0.93479025 3.8951056 8.333333
 129.15771 120.96506 109.63721 0.90635437 0.9365686 3.8016708 2.0833333
 141.22958 134.07117 119.42859 0.89078504 0.94931364 3.9538195 2.0833333
 157.31546 152.16805 138.05629 0.907262 0.9672796 3.93363 2.0833333
 161.21681 155.89868 140.79605 0.9031253 0.96701264 3.8691785 6.25
 141.10796 133.42519 119.75058 0.8975111 0.9455539 3.9479587 0.0
 151.03943 149.06001 134.14687 0.8999521 0.98689467 3.9236197 0.0
 134.49359 125.536125 111.47932 0.88802576 0.93339854 3.7325704 0.0
 165.92322 160.5824 144.69388 0.9010569 0.9678115 3.902313 2.0833333
 153.95491 148.99649 134.14436 0.9003189 0.9677931 3.9440157 4.1666665
 155.62636 149.60226 134.91594 0.90183085 0.9612914 3.9451666 0.0
 174.49307 168.56305 152.1984 0.9029167 0.96601576 3.9566996 0.0
 92.27911 90.26199 81.08707 0.89835227 0.97814107 3.9293413 2.0833333
 151.18053 145.08081 130.90947 0.9023211 0.9596527 3.9236846 2.0833333
 30.220865 31.381113 26.894802 0.8570379 1.0383923 3.7577302 6.25
 142.70633 135.70827 122.08711 0.8996291 0.9509619 3.904565 0.0
 142.51584 136.30667 123.06788 0.9028749 0.9564318 3.9478536 4.1666665
 148.72398 141.02571 126.84978 0.8994798 0.9482378 3.902463 10.416667
 150.02696 141.98868 127.7335 0.89960337 0.94642115 3.7804458 4.1666665
 175.5738 171.92711 154.33229 0.89766115 0.9792298 3.9837835 2.0833333
 50.721497 39.161 35.586666 0.9087272 0.7720789 3.8865685 2.0833333
 1.0 108.92347 105.0967 95.18222 0.9056632 0.9648674 710.8165 4.551771 234.0
