 108.71258 108.93444 102.708626 0.942848 1.0020407 5.013885 1.6666666
 92.83473 89.87122 83.85991 0.9331119 0.9680776 5.000205 13.333333
 99.65659 95.037155 85.85288 0.9033612 0.9536465 3.6898985 8.333333
 125.34336 128.31229 120.53999 0.9394268 1.0236863 5.0524426 0.0
 21.76402 21.387794 20.60827 0.96355283 0.98271346 7.429523 14.772727
 109.21135 111.40239 104.89221 0.9415616 1.0200624 4.9517107 1.6666666
 100.62617 99.554504 93.33754 0.93755215 0.9893501 5.033335 1.6666666
 95.66409 91.46251 85.60057 0.93590885 0.9560798 5.0045214 0.0
 114.61155 112.82253 104.98554 0.93053705 0.9843906 5.0802507 1.6666666
 110.005745 109.22613 101.87544 0.9327021 0.992913 5.087736 11.666667
 104.75743 104.246956 97.860054 0.9387329 0.9951271 4.972285 0.0
 90.44034 88.842766 83.26113 0.937174 0.98233557 5.0269365 3.3333333
 114.076996 113.94643 106.86852 0.9378839 0.9988555 5.048765 1.6666666
 10.342274 9.779014 9.07473 0.92798007 0.94553816 10.319569 7.9545455
 98.55484 94.63454 88.80845 0.9384359 0.9602222 5.069278 13.333333
 12.211146 8.364036 7.8455663 0.93801206 0.6849509 2.7985995 14.583333
 125.48387 124.06019 116.50959 0.93913764 0.9886545 5.0782347 8.333333
 7.666814 7.345129 6.952734 0.94657755 0.9580419 8.057302 11.363636
 90.81949 78.09863 74.11529 0.94899595 0.8599325 6.18008 12.5
 76.00198 79.315544 76.484245 0.9643033 1.0435983 8.679762 1.1363636
 97.62995 95.931175 90.14173 0.93965006 0.9825998 5.0696297 1.6666666
 87.71937 51.50415 45.527374 0.8839554 0.5871469 7.580494 12.5
 5.137494 1.2815628 0.28096554 0.21923664 0.24945292 2.8099663 17.045454
 108.43534 88.81792 49.68344 0.55938536 0.81908643 4.0841556 5.0
 117.932274 114.58074 106.88774 0.93285954 0.9715809 5.0711155 10.0
 97.35444 92.6388 86.93638 0.9384445 0.9515622 4.881917 1.6666666
 90.463066 87.5677 81.82518 0.93442196 0.967994 5.0982184 5.0
 23.520754 22.92455 19.642885 0.8568493 0.974652 8.743296 7.9545455
 118.19616 117.64869 109.00552 0.9265341 0.9953681 5.1095753 6.6666665
 9.518035 5.864133 4.7799473 0.8151158 0.6161075 7.910906 17.857143
 106.760574 106.70311 100.25705 0.9395888 0.9994617 4.9617014 1.6666666
 105.9486 103.8155 96.666336 0.9311359 0.9798666 4.617723 1.7857143
 101.401695 99.257576 92.38498 0.93075997 0.9788552 5.024553 1.6666666
 103.946976 99.9793 92.812325 0.92831534 0.96182984 5.003722 0.0
 94.1226 91.43224 85.15935 0.93139297 0.97141653 4.958054 3.3333333
 95.19138 93.431114 87.20282 0.9333381 0.9815081 5.0218277 1.6666666
 116.26604 114.66795 107.01096 0.9332247 0.98625493 4.5465283 1.7857143
 114.68947 113.86648 106.89933 0.93881303 0.99282414 5.0159826 0.0
 11.643398 12.23323 11.539277 0.9432732 1.050658 6.3654757 9.523809
 59.27211 60.238182 57.271255 0.9507467 1.016299 9.086936 6.818182
 95.082726 93.58736 87.46337 0.934564 0.984273 5.0651765 1.6666666
 101.674736 99.55868 93.25424 0.93667614 0.97918797 5.034109 0.0
 112.134575 108.67915 101.69127 0.9357017 0.969185 5.0408893 10.0
 126.50652 123.926414 115.81449 0.9345424 0.9796049 5.1535425 1.6666666
 14.778935 13.14805 7.325793 0.5571771 0.889648 6.5424995 9.090909
 90.064064 89.30927 83.9101 0.9395453 0.99161935 5.061006 6.6666665
 16.264915 16.25028 15.626057 0.9615869 0.9991002 8.506389 4.5454545
 96.30182 94.43686 88.76659 0.93995696 0.9806343 4.873689 3.3333333
 96.15521 95.51958 89.26867 0.93455887 0.9933895 4.980321 1.6666666
 12.336711 11.418757 10.465302 0.916501 0.9255917 8.421305 11.363636
 11.602336 12.326347 11.812254 0.95829314 1.0624022 8.4046135 9.090909
 22.945484 20.031754 19.031065 0.9500449 0.87301517 8.775327 7.9545455
 109.58927 106.80106 100.19739 0.9381684 0.97455764 4.96933 3.3333333
 16.135292 14.467845 13.870645 0.95872223 0.8966584 8.429881 7.9545455
 101.27601 99.87851 92.09289 0.9220491 0.98620105 4.145528 1.9230769
 92.78342 89.68824 83.90752 0.93554646 0.96664083 5.017081 1.6666666
 100.62635 98.84248 92.21128 0.9329114 0.9822724 4.967898 1.6666666
 102.060425 99.3057 92.948746 0.93598604 0.9730089 4.9546576 1.6666666
 62.59183 63.716457 61.660816 0.9677377 1.0179676 8.277413 3.409091
 107.33743 105.08469 98.275024 0.93519837 0.9790125 4.988427 8.333333
 10.043728 9.680436 9.2457 0.9550913 0.96382904 8.575444 11.363636
 15.5108385 16.098965 15.387713 0.9558201 1.037917 8.534888 4.5454545
 3.6849263 1.1687706 0.70931196 0.6068872 0.3171761 5.6533213 16.666666
 19.895086 8.772162 7.6427736 0.87125313 0.44092104 7.768787 17.045454
 96.72455 95.368866 88.72662 0.9303521 0.98598415 5.043516 0.0
 4.573564 2.6550865 2.4359388 0.91746116 0.580529 3.479876 16.666666
 122.41564 120.093834 110.44972 0.9196952 0.98103344 4.9756093 1.6666666
 93.94312 89.05345 83.38167 0.9363103 0.9479507 5.028291 8.333333
 98.73096 97.33035 91.37064 0.93876827 0.98581386 4.963952 1.6666666
 105.398796 103.79645 96.62094 0.93086946 0.9847973 4.9641232 3.3333333
 104.22733 98.59301 90.94695 0.9224483 0.945942 4.1050763 3.8461537
 101.057144 100.48837 94.18366 0.93725926 0.99437183 5.069616 1.6666666
 82.65256 84.746895 81.04758 0.95634866 1.0253391 6.1455326 0.0
 130.8097 133.59174 124.990005 0.9356118 1.0212679 4.732919 1.7857143
 124.96795 123.26556 114.87719 0.93194884 0.98637736 4.667139 1.7857143
 86.08493 89.18405 82.38403 0.92375296 1.0360007 8.007073 4.7619047
 104.367744 89.38342 29.606909 0.3312349 0.8564276 1.9919443 5.769231
 88.69729 91.24066 84.831764 0.9297583 1.0286748 4.2486353 1.9230769
 97.19892 99.23739 91.904625 0.92610884 1.0209721 4.2768474 0.0
 96.849075 100.347176 93.084625 0.9276258 1.0361191 4.2860956 1.9230769
 93.20554 97.72769 90.898926 0.9301245 1.0485181 4.184976 1.9230769
 17.479172 18.3769 16.215635 0.8823924 1.0513599 4.3609815 2.0833333
 1.0 80.00856 77.77082 71.5182 0.91960204 0.97203124 400.14954 5.46751 82.0
