 149.7428 145.33598 137.28796 0.9446247 0.97057074 8.861549 2.2727273
 9.34222 7.990985 7.292935 0.91264534 0.85536253 8.524363 12.5
 7.7191234 7.037382 6.4806523 0.9208896 0.91168153 8.953597 11.363636
 9.877036 9.211381 8.377032 0.909422 0.9326058 8.978876 7.9545455
 6.116164 5.37621 5.068107 0.9426914 0.87901664 8.906124 14.772727
 2.1165783 0.62534076 0.19064653 0.30486825 0.2954489 2.5026598 13.157895
 9.390497 8.503172 7.945805 0.9344519 0.9055082 9.223436 13.636364
 106.728966 95.01782 90.143684 0.94870293 0.89027214 8.680257 7.9545455
 12.789957 11.062856 10.354951 0.93601066 0.86496425 8.58801 9.090909
 153.50089 150.67087 142.59984 0.9464327 0.9815635 8.591347 1.1363636
 2.5137823 0.6572193 0.09348354 0.142241 0.26144642 1.5786606 19.047619
 25.510258 27.838552 24.35204 0.8747595 1.091269 8.673857 3.409091
 17.748394 15.263269 6.988484 0.45786285 0.8599803 5.988561 12.5
 19.73374 20.041983 18.467758 0.9214536 1.0156201 7.3636494 7.9545455
 13.844897 12.312298 11.092437 0.90092343 0.88930213 8.767204 11.363636
 16.916826 12.986876 11.497226 0.8852958 0.7676898 7.310877 13.636364
 4.8137355 2.8539927 2.3567846 0.8257851 0.5928852 7.429223 15.476191
 5.340513 3.0114758 2.040512 0.6775788 0.56389254 6.188051 14.772727
 5.811382 1.9247499 0.34348363 0.17845625 0.33120346 1.3269926 14.772727
 11.911914 11.570143 10.819795 0.93514794 0.9713084 9.173045 6.818182
 10.426794 9.275023 8.747766 0.9431529 0.88953745 8.410363 4.5454545
 134.25139 133.32086 126.95445 0.95224744 0.9930688 8.709363 7.9545455
 10.832541 8.251371 6.799257 0.82401544 0.7617207 8.106572 9.090909
 138.8314 136.04526 128.91226 0.94756895 0.9799314 8.679409 1.1363636
 11.441326 8.064827 7.3178854 0.90738285 0.70488566 8.274219 11.363636
 13.143023 11.876817 11.273471 0.9491997 0.9036594 8.547883 9.090909
 47.541092 14.571808 8.100791 0.55592215 0.30650973 6.014239 17.045454
 148.75711 142.00595 130.98941 0.92242193 0.95461625 4.5924134 0.0
 15.115568 13.347247 12.109198 0.9072431 0.88301325 6.173154 13.235294
 163.06168 174.22304 163.82323 0.94030744 1.0684488 6.704991 1.4705882
 146.10428 156.04134 142.97353 0.91625416 1.0680134 6.7674613 2.9411764
 109.279816 107.99187 97.80254 0.90564734 0.98821425 6.1532645 10.9375
 1.0 48.13299 45.759624 42.17492 0.9216623 0.95069146 345.0846 9.450082 32.0
