 4.9514403 2.4296517 0.9689782 0.3988136 0.49069598 4.396705 12.5
 16.996677 14.980457 9.658397 0.6447331 0.8813756 8.395358 9.090909
 3.3258212 0.73619133 0.13771628 0.18706587 0.22135626 1.7090188 18.181818
 11.47317 9.050938 8.628843 0.95336455 0.78887856 9.362454 9.090909
 98.22476 95.878975 91.870445 0.95819175 0.97611815 9.271444 5.952381
 13.72625 13.509516 13.159356 0.9740805 0.9842103 9.833493 11.363636
 5.6140876 4.1849127 3.0889223 0.7381091 0.74543065 6.531117 20.0
 16.97442 14.62364 13.902637 0.95069605 0.8615104 8.047133 6.818182
 16.431187 5.925291 4.381194 0.7394057 0.3606125 9.08389 18.181818
 26.154016 23.175892 21.937363 0.94655955 0.8861313 11.092396 10.227273
 11.135646 10.663358 10.00084 0.9378697 0.95758766 10.183005 13.636364
 117.968056 103.50772 99.45291 0.96082604 0.8774216 10.007961 1.1363636
 16.505732 13.562607 12.38265 0.9129993 0.8216908 10.149695 11.363636
 127.05173 121.51047 116.73748 0.9607195 0.95638573 9.384344 11.904762
 11.323651 9.549919 7.0567665 0.7389347 0.8433604 6.375882 11.363636
 115.048706 109.31833 104.82689 0.95891404 0.95019174 9.130473 1.1904762
 6.8290434 1.5165579 0.54910207 0.36207128 0.22207472 3.2044868 17.857143
 12.627446 10.716081 10.1789255 0.9498738 0.84863406 9.228522 7.9545455
 6.6339192 3.724146 3.2054133 0.860711 0.56137943 7.6626267 19.318182
 67.96201 60.639374 58.336723 0.9620271 0.892254 9.696859 9.090909
 109.92712 106.47561 101.91986 0.9572133 0.9686018 9.351318 1.1904762
 9.25152 6.381 5.9319572 0.92962813 0.6897245 9.715417 16.666666
 108.178375 98.93257 95.05787 0.960835 0.9145319 9.564988 0.0
 20.51764 18.9262 14.646616 0.7738804 0.9224356 7.4042625 11.363636
 14.719881 13.41542 12.904799 0.9619378 0.911381 9.382128 7.9545455
 98.87507 90.49058 87.10613 0.962599 0.9152012 9.438413 2.2727273
 17.093128 18.123272 17.69876 0.97657645 1.0602665 9.526093 7.9545455
 19.368437 13.414627 11.813723 0.8806598 0.69260246 9.382124 14.772727
 18.004477 12.35699 11.522939 0.9325037 0.68632877 9.854471 13.095238
 116.15263 97.11807 89.55386 0.9221133 0.8361246 6.522023 2.9411764
 78.515045 77.51377 68.876 0.8885647 0.9872474 6.611166 1.4705882
 110.18519 98.212776 78.94555 0.80382156 0.89134276 4.002446 10.416667
 21.347755 15.357924 13.140855 0.85564005 0.7194163 4.485914 7.6923075
 104.764824 84.076836 76.109116 0.9052328 0.8025293 3.79673 2.0833333
 1.0 45.701733 40.588226 37.520283 0.92441297 0.88811135 334.50864 9.591105 34.0
