 35.450985 31.331778 29.146948 0.93026793 0.8838055 8.278887 10.227273
 99.461266 85.00809 75.921265 0.89310634 0.8546853 4.1727223 5.769231
 15.545109 4.2684484 2.1590376 0.5058132 0.27458465 4.962828 19.318182
 7.516519 2.0534344 1.142943 0.5566007 0.27318954 5.3550525 15.909091
 15.929084 13.61198 12.997183 0.95483404 0.8545363 8.084992 6.818182
 9.559912 6.7768283 6.4632826 0.95373267 0.7088798 8.211762 12.5
 13.2323475 10.162507 9.665701 0.9511138 0.76800483 8.645933 13.095238
 9.241386 8.531088 7.9672 0.933902 0.92313933 8.30367 14.285714
 48.96012 46.598133 43.951027 0.94319284 0.95175695 7.16621 2.2727273
 9.159902 8.14142 7.7069077 0.9466294 0.8888108 8.225641 11.363636
 7.4651937 6.149178 5.9276495 0.96397424 0.8237131 8.684233 15.909091
 12.88982 5.5213666 3.9015658 0.7066304 0.42835096 4.788127 15.909091
 3.6267655 0.8216787 0.19740282 0.24024332 0.22655965 1.8156885 19.047619
 12.166054 10.933696 10.453841 0.95611227 0.89870524 8.428541 6.818182
 69.27529 65.54535 62.24224 0.9496058 0.9461577 8.126274 3.409091
 1.536748 0.40350604 0.10071878 0.24960911 0.26257136 1.7917237 22.058823
 10.062445 8.084183 7.3523293 0.909471 0.80340147 7.73525 10.227273
 62.229656 58.57376 55.574257 0.94879097 0.9412516 8.289682 4.5454545
 1.0555307 0.33239302 0.09775562 0.29409647 0.3149061 1.9500852 22.727272
 23.148083 19.782484 18.587467 0.93959224 0.8546057 7.837453 11.363636
 2.7014701 0.8232658 0.39723092 0.48250628 0.30474734 4.1061735 15.476191
 22.668867 18.41206 17.402105 0.94514704 0.81221795 5.3694563 13.636364
 43.10774 39.28388 37.5964 0.957044 0.9112953 8.077018 11.363636
 7.981046 5.869814 4.772347 0.8130321 0.7354692 8.103445 12.5
 83.9946 78.953575 75.37673 0.95469683 0.93998396 8.3455515 3.409091
 5.0536184 4.118248 3.8394372 0.93229866 0.8149108 7.2386975 11.25
 6.7613015 6.297594 5.9944844 0.95186895 0.93141747 8.113942 7.9545455
 104.67645 82.73421 77.866875 0.941169 0.79038036 8.245568 11.363636
 1.4414606 0.4264513 0.09892429 0.23197089 0.29584664 1.6721491 19.642857
 96.47509 65.220795 57.15248 0.8762923 0.67603767 4.611619 12.5
 3.1884024 1.7841265 1.3810054 0.7740513 0.5595675 11.689863 19.444445
 31.748074 24.774292 21.940199 0.8856035 0.7803401 3.4953113 2.0833333
 13.099104 8.01413 7.4355736 0.92780805 0.61180747 8.345542 14.772727
 2.1206138 0.55252534 0.077488154 0.14024362 0.26054972 1.4492091 17.5
 94.28615 56.81038 51.366726 0.90417856 0.60253155 7.871691 17.045454
 99.25915 93.87991 89.78247 0.95635444 0.94580615 8.173702 5.681818
 12.745916 8.624484 7.842676 0.9093502 0.6766468 8.226958 14.772727
 39.87956 38.72509 36.865345 0.9519757 0.97105116 8.204016 12.5
 8.296613 6.141327 5.625547 0.91601485 0.740221 8.055428 17.045454
 12.032933 9.34885 8.736615 0.93451226 0.7769386 8.1733 11.363636
 1.2575805 0.35681888 0.069162026 0.1938295 0.2837344 2.1506677 22.916666
 4.964012 2.7036788 2.5352793 0.93771464 0.544656 7.316291 15.909091
 14.499994 11.863437 11.003706 0.927531 0.8181684 8.313485 10.526316
 11.7643 5.656941 4.944207 0.8740073 0.48085654 7.2580276 17.045454
 2.562341 0.7240675 0.2248042 0.31047407 0.28258047 3.3415844 16.666666
 2.2012854 1.024745 0.4396275 0.4290116 0.4655212 2.8340023 17.857143
 74.75955 66.540855 59.41034 0.89284 0.89006495 3.8270257 8.333333
 10.158303 4.53087 3.2040467 0.7071592 0.4460263 5.0916657 13.888889
 92.64572 86.46492 76.83378 0.88861215 0.9332856 4.2567177 13.461538
 1.0 28.037622 22.92434 21.056578 0.918525 0.81762785 156.9056 12.8874655 49.0
