 6.4951067 3.3450577 2.6022608 0.777942 0.51501197 7.9298635 14.772727
 14.781188 15.762093 11.532729 0.73167497 1.0663617 8.027513 9.090909
 122.89012 123.1082 117.950935 0.9581079 1.0017745 9.219044 2.2727273
 84.806755 57.755928 50.96939 0.8824963 0.6810298 6.276908 14.0625
 14.598145 7.723084 4.2870536 0.5550961 0.5290456 4.048451 14.772727
 118.11702 116.40868 110.33193 0.9477981 0.98553693 9.36162 6.818182
 112.07849 108.11865 102.57354 0.94871277 0.96466905 9.34019 10.227273
 111.03425 106.691895 101.329185 0.9497365 0.9608918 9.470136 10.227273
 116.93187 112.132355 104.48371 0.9317891 0.95895463 9.266938 3.409091
 121.26888 119.072914 113.93432 0.956845 0.9818917 9.35933 9.090909
 25.366179 24.638414 23.82563 0.9670115 0.97130966 9.399981 5.681818
 115.450455 111.783775 105.86735 0.94707257 0.9682402 7.9851604 3.9473684
 120.15403 118.898384 113.44895 0.9541673 0.98954976 9.116643 1.1363636
 48.890324 38.827496 35.500996 0.91432613 0.7941755 9.870652 11.363636
 121.0359 120.299614 114.2373 0.94960654 0.9939168 9.051934 1.1904762
 8.7040205 8.173267 7.3795834 0.90289265 0.93902206 6.835497 12.5
 109.51054 106.63475 101.11473 0.9482343 0.9737397 9.30155 0.0
 8.861074 7.8082833 4.6512938 0.5956871 0.8811892 7.67053 13.636364
 10.392948 8.073265 4.190554 0.5190656 0.77680224 6.5687714 10.714286
 13.546369 13.885133 10.825154 0.77962196 1.0250077 10.967942 10.227273
 94.32388 94.01798 90.753494 0.965278 0.9967569 9.705437 2.2727273
 8.055508 6.718477 6.064879 0.9027164 0.83402276 11.070304 9.523809
 118.56965 114.61651 107.91641 0.94154334 0.9666598 9.378255 1.1363636
 22.067543 18.144888 16.19396 0.8924806 0.8222432 5.6085234 8.928572
 7.136357 5.5228915 5.0810943 0.92000616 0.7739091 9.355207 10.227273
 6.898252 3.8132546 2.9248018 0.7670094 0.55278563 5.5479336 15.476191
 109.00132 107.10461 102.079544 0.9530826 0.9825992 9.16641 10.227273
 98.07304 94.97964 91.01061 0.95821184 0.96845824 9.037014 1.1363636
 124.0389 119.86324 112.365524 0.9374477 0.9663359 9.325948 2.2727273
 116.72604 114.06165 105.80957 0.9276525 0.9771739 9.187923 11.363636
 107.5806 105.085464 99.65709 0.9483432 0.9768069 9.544646 1.1363636
 107.471954 107.98805 103.09761 0.9547131 1.0048022 8.932102 4.7619047
 115.5763 116.9377 109.066055 0.93268514 1.0117792 5.9652805 1.6666666
 121.05356 119.19504 114.14185 0.9576057 0.98464715 9.341073 1.1363636
 29.525461 29.314047 28.047506 0.956794 0.99283963 9.826083 11.363636
 113.65 116.53668 108.815445 0.9337441 1.0253998 6.590705 4.6875
 111.91543 107.966675 101.13731 0.9367456 0.9647166 9.383981 5.681818
 20.064186 16.934187 11.212353 0.6621134 0.84400076 5.0931807 10.714286
 130.9531 129.85298 118.566666 0.9130839 0.9915992 4.817238 3.8461537
 99.85454 94.71791 88.46417 0.9339751 0.9485589 9.983202 1.1363636
 13.055165 12.292636 11.532318 0.9381485 0.94159174 8.947432 10.227273
 112.80243 109.02415 103.88344 0.95284796 0.9665053 9.042232 1.1363636
 116.150665 113.811935 108.658554 0.9547202 0.9798647 9.051479 2.2727273
 1.9669957 0.5583313 0.11518731 0.20630638 0.28384978 2.010253 18.181818
 114.31207 97.25376 87.57557 0.90048516 0.8507742 7.494078 10.227273
 115.654144 108.75302 100.16217 0.92100585 0.9403297 9.238499 6.818182
 117.03746 114.81078 109.691864 0.95541435 0.9809747 9.213871 9.090909
 111.23007 110.081085 104.883224 0.9527815 0.9896702 9.290302 6.818182
 10.905052 6.330934 3.5468378 0.56023926 0.58055055 8.372514 13.636364
 110.01001 101.832466 96.957016 0.9521228 0.92566544 9.349795 15.909091
 113.477455 120.0122 112.63997 0.938571 1.0575863 5.446242 1.7857143
 124.451866 121.92128 111.84799 0.9173788 0.9796661 8.198281 1.25
 107.88277 105.26232 100.47631 0.9545325 0.97571033 9.436366 1.1363636
 105.24749 107.25583 99.61712 0.9287805 1.0190821 6.0305777 1.6666666
 4.8716116 2.2697363 0.8089323 0.35639924 0.4659108 5.206013 15.909091
 109.14154 106.96217 102.01074 0.9537086 0.9800317 9.326175 4.5454545
 109.0582 102.54816 96.91648 0.9450826 0.9403068 9.53349 9.090909
 8.187199 7.860791 5.439942 0.69203484 0.96013206 6.1071625 12.5
 112.83956 115.891785 106.30326 0.91726315 1.0270492 5.379489 1.7857143
 3.4725575 1.654757 1.1086707 0.66999 0.476524 7.621203 14.772727
 14.146865 9.372714 7.010439 0.74796253 0.66252947 4.8813868 12.5
 102.3535 99.53526 95.05868 0.95502514 0.97246563 8.490717 3.5714285
 2.7618468 1.1009517 0.24994908 0.22703002 0.3986288 2.891535 17.857143
 3.8841145 1.4676857 0.4027036 0.27438 0.3778688 2.2496748 20.0
 115.593056 112.218765 106.43169 0.94843036 0.9708089 9.172434 1.1363636
 113.854744 109.77949 102.176315 0.9307414 0.9642065 9.347283 0.0
 12.417586 12.199524 8.312699 0.68139535 0.9824393 9.267367 9.090909
 8.342551 3.754573 2.151153 0.57294214 0.45005095 2.8927064 14.705882
 112.88609 109.358315 103.0843 0.9426288 0.9687492 9.375246 0.0
 115.99767 113.29587 105.56854 0.9317952 0.97670805 9.174134 1.1363636
 116.72833 114.66588 109.20384 0.9523656 0.9823312 9.220416 1.1363636
 5.533798 1.8593476 1.021742 0.54951644 0.33599845 4.0498276 14.772727
 110.6235 109.40402 104.63052 0.95636815 0.98897636 9.369517 2.2727273
 120.69337 118.57801 113.502235 0.9571946 0.98247325 9.377868 0.0
 32.845028 13.750867 5.5287805 0.40206778 0.418659 3.22612 13.636364
 104.4633 87.25027 82.33249 0.943636 0.8352241 9.501473 14.772727
 120.74987 119.457855 114.27736 0.95663327 0.9893001 9.431135 0.0
 122.97577 117.81936 109.81572 0.9320685 0.95806974 9.302266 1.1363636
 117.319115 114.41869 108.964966 0.95233536 0.9752775 9.270271 1.1363636
 5.63463 3.126379 2.8245795 0.9034667 0.5548508 8.536708 18.181818
 113.14678 111.88782 107.12443 0.95742714 0.9888731 9.38035 0.0
 123.01473 119.9917 114.71996 0.95606583 0.9754254 9.178415 1.1363636
 13.869154 12.102867 11.159206 0.92203003 0.8726464 4.2675734 6.25
 118.9101 116.52445 111.2185 0.9544649 0.9799374 9.290792 0.0
 111.3712 107.20656 101.8167 0.9497246 0.9626057 8.95537 1.1363636
 113.36466 115.112526 106.76904 0.9275189 1.015418 5.5304484 7.142857
 116.88016 119.5659 110.34929 0.922916 1.0229787 5.5128207 1.7857143
 1.85448 0.5169316 0.115152426 0.22276144 0.27874744 2.365753 23.529411
 7.3069787 3.5023994 2.1536562 0.6149088 0.47932252 5.3596654 15.909091
 110.33722 112.2058 104.99337 0.9357214 1.0169352 6.608242 1.5625
 91.156334 89.31199 83.098274 0.9304269 0.9797672 6.514733 6.25
 8.2114725 6.6695104 5.6397276 0.8455984 0.81221855 6.8769846 11.904762
 114.77308 112.42507 107.21111 0.9536228 0.97954214 9.077235 1.1363636
 13.856127 11.607781 9.841015 0.84779465 0.83773637 10.531499 9.090909
 108.0252 106.22793 101.39004 0.95445746 0.98336244 9.541239 12.5
 100.55586 98.3768 93.52437 0.9506751 0.9783298 9.375452 1.1363636
 112.024216 116.3931 109.7012 0.94250613 1.0389994 8.721199 10.714286
 125.24766 124.529175 114.95248 0.9230968 0.9942635 8.376907 2.3809524
 9.837272 7.4705186 6.2872705 0.84161097 0.7594096 9.089569 11.904762
 125.28946 124.68552 114.29684 0.91668093 0.99517965 8.431739 1.1904762
 104.78317 105.73573 99.637695 0.94232756 1.0090908 8.674577 1.1904762
 111.35506 109.23665 100.49704 0.9199938 0.98097605 8.669957 7.142857
 103.47078 104.83705 94.55901 0.90196174 1.0132045 4.1758485 2.0833333
 61.583702 60.887962 55.601147 0.9131714 0.9887026 7.8452206 6.25
 15.604509 12.633794 9.016014 0.71364266 0.8096246 7.760579 9.210526
 117.3412 113.79465 103.85091 0.9126168 0.96977574 6.568346 5.5555553
 107.109535 97.36087 89.17384 0.9159105 0.9089842 6.136187 1.4705882
 13.133212 8.046159 6.5470853 0.8136908 0.6126573 6.9630713 11.666667
 124.23676 113.31755 104.99104 0.9265206 0.9121097 5.3429203 1.6666666
 7.989694 5.341305 4.6102204 0.8631263 0.6685243 6.211528 13.333333
 106.70898 97.15953 87.001144 0.89544636 0.9105094 4.708587 1.7857143
 119.13677 111.076706 100.30402 0.90301585 0.9323461 4.5176735 5.357143
 83.07827 73.183975 60.11002 0.821355 0.8809039 5.218816 1.9230769
 118.0593 112.720795 102.27144 0.90729874 0.9547811 4.9417267 1.7857143
 125.89732 119.22191 108.588524 0.9108102 0.94697726 4.7008104 1.7857143
 123.73461 122.568474 111.63747 0.91081715 0.99057543 4.7756395 5.357143
 114.99947 107.701584 97.75948 0.90768844 0.93653977 4.759074 5.357143
 124.695526 118.23165 108.058334 0.9139544 0.94816273 4.743603 1.7857143
 120.60277 115.75263 104.558395 0.9032917 0.9597842 4.7923265 0.0
 129.12361 124.27613 113.47138 0.9130585 0.9624586 4.746683 1.7857143
 111.20725 106.24376 96.42566 0.9075889 0.95536715 4.804876 1.7857143
 105.98683 97.871185 88.84742 0.9077996 0.92342776 4.6095257 0.0
 105.68065 109.88175 96.37723 0.8770995 1.0397528 4.184027 1.9230769
 116.67328 118.405014 106.82152 0.90217054 1.0148426 4.2540245 1.9230769
 122.68888 128.00334 115.13353 0.8994572 1.0433165 4.306746 1.9230769
 114.50344 116.02941 102.222694 0.8810068 1.0133269 3.73868 0.0
 124.84724 125.02278 112.413025 0.89914036 1.0014061 4.3052506 1.9230769
 120.98353 124.97489 109.715866 0.8779032 1.0329909 3.8150127 2.0833333
 106.97282 105.564125 94.34676 0.8937389 0.9868313 4.275614 1.9230769
 15.643244 15.0354595 12.964595 0.862268 0.9611471 3.8417082 8.333333
 110.7511 110.92005 99.19363 0.8942804 1.0015255 4.2077227 11.538462
 116.32583 114.07961 101.538216 0.89006454 0.98069024 4.386379 1.9230769
 118.41728 118.855194 107.5574 0.90494496 1.003698 4.252661 1.9230769
 110.8414 110.920166 99.28306 0.8950857 1.0007106 4.219461 1.9230769
 115.047035 115.81817 104.18243 0.89953434 1.0067028 4.2891693 3.8461537
 99.55172 95.92652 86.395996 0.9006477 0.9635848 4.2946205 5.769231
 101.76684 104.435356 94.45149 0.90440154 1.0262219 4.2890573 1.9230769
 119.46959 118.67858 107.14355 0.90280443 0.99337894 4.214628 5.769231
 116.99744 117.69914 106.34602 0.9035412 1.0059977 4.288919 0.0
 116.53055 120.267685 106.1301 0.882449 1.03207 4.2186093 5.769231
 110.91375 113.73626 101.93687 0.89625657 1.0254478 4.3363976 1.9230769
 20.219694 2.3367808 1.3161157 0.56321746 0.11556954 2.2113369 13.636364
 102.908585 104.9863 94.832245 0.9032821 1.0201899 3.9080405 2.0833333
 1.0 84.794495 82.07277 75.76467 0.92314017 0.9679021 591.8993 6.1723194 143.0
