 12.195781 10.809449 10.003664 0.92545545 0.88632697 9.41497 11.363636
 117.75383 109.4723 101.19306 0.9243714 0.9296708 9.567473 10.227273
 8.609602 3.1934676 2.1208715 0.6641281 0.37091932 6.6614475 17.045454
 9.686467 9.030102 8.440154 0.9346687 0.93223894 9.552351 11.363636
 7.61122 7.2896805 6.8046045 0.9334572 0.95775455 9.7606535 6.818182
 70.96138 48.211376 43.51538 0.90259564 0.67940307 9.345043 13.636364
 21.182354 20.536455 19.167658 0.93334794 0.96950763 9.447667 5.681818
 14.508572 10.225023 8.603412 0.84140754 0.70475745 6.362695 14.772727
 13.078731 11.783104 10.779246 0.9148053 0.9009363 7.4124613 6.9444447
 2.595312 0.66629916 0.3138397 0.4710192 0.2567318 2.5046604 16.071428
 2.3004422 0.80848014 0.42511275 0.5258172 0.35144553 5.7202153 22.368422
 6.530576 6.150846 5.708322 0.9280548 0.9418535 9.36444 5.681818
 2.4116852 0.620742 0.20436658 0.3292295 0.2573893 2.6398282 17.857143
 3.6064181 2.3675036 2.0182536 0.8524818 0.6564695 9.588765 17.647058
 31.169546 21.931044 19.565506 0.8921374 0.7036049 8.628378 14.772727
 1.8969817 0.4805801 0.12165148 0.25313467 0.25333932 3.0887918 18.75
 106.563774 99.90448 88.619415 0.8870414 0.9375089 9.383048 5.681818
 3.509532 1.4238175 0.4866784 0.34181234 0.40570012 4.2066936 16.666666
 111.613106 106.95891 99.461685 0.9299056 0.9583006 9.592062 1.1363636
 116.26005 99.93683 92.4032 0.92461604 0.8595973 9.592753 13.636364
 13.883881 10.217458 9.149107 0.8954387 0.73592234 8.9841795 14.772727
 33.472412 31.31087 28.768343 0.9187973 0.93542314 8.396888 10.526316
 5.3301816 4.3060784 3.8790636 0.90083444 0.8078671 9.634755 15.0
 6.1529284 4.5572906 4.09093 0.8976672 0.74067014 9.607745 14.772727
 3.4662864 1.4802965 0.41732177 0.2819177 0.42705545 2.7666996 21.25
 36.070007 36.85265 34.713924 0.9419655 1.0216979 9.229821 1.1363636
 6.8435216 2.7310624 2.2693925 0.8309559 0.39907268 8.503503 18.181818
 10.863435 7.1582494 5.3041863 0.7409893 0.6589306 9.687314 13.636364
 111.77522 107.031624 98.86683 0.92371607 0.9575613 9.610829 4.5454545
 116.59182 90.96995 83.39938 0.91677946 0.780243 9.46902 17.045454
 4.9154487 3.1812532 2.7861724 0.8758097 0.6471949 8.293093 14.285714
 96.47379 61.217308 51.760902 0.84552723 0.63454854 4.564129 9.615385
 98.23072 93.3809 87.00293 0.93169945 0.9506282 9.518082 1.1363636
 15.772571 15.260156 6.91372 0.45305696 0.96751225 5.3753552 9.090909
 71.440674 21.95575 16.335825 0.74403405 0.30732843 7.4260216 14.772727
 89.998764 84.850174 79.19235 0.9333198 0.94279265 9.616699 9.090909
 18.89874 17.273926 16.028925 0.9279259 0.9140253 8.899532 11.363636
 53.1435 32.007824 26.73152 0.83515584 0.60229045 8.709185 13.636364
 1.0644696 0.2631571 0.07272691 0.2763631 0.24721898 3.3303552 23.214285
 2.050358 0.49694732 0.20113656 0.4047442 0.24237101 3.1826854 22.222221
 4.0896444 2.126513 1.7846729 0.83924854 0.519975 7.640244 17.045454
 8.444166 8.2168 7.6729693 0.93381476 0.9730742 9.136609 7.142857
 7.9725475 7.1094975 6.4928803 0.91326857 0.89174724 7.8813314 11.111111
 3.59901 0.9977658 0.17475124 0.17514254 0.2772334 1.4925356 15.789474
 111.231155 106.00672 97.10448 0.9160219 0.9530309 8.353659 1.25
 50.809216 49.968765 46.216675 0.9249113 0.98345864 8.066364 1.25
 10.831391 8.74534 7.6971297 0.88014066 0.8074069 3.811064 16.666666
 95.64303 92.17779 84.71744 0.9190657 0.963769 5.551551 1.6666666
 92.69858 67.85031 60.976334 0.8986891 0.7319455 5.024532 14.285714
 1.0 37.669445 31.459244 28.381186 0.9021573 0.8351395 267.60464 12.114838 49.0
