 50.027798 43.61201 41.386196 0.9489632 0.87175554 8.49174 13.636364
 6.698623 3.2558305 2.7320888 0.83913726 0.48604473 7.5611205 18.181818
 5.085891 2.992087 2.7032285 0.90345925 0.58831125 8.535491 13.636364
 36.241726 35.38665 32.896297 0.92962444 0.97640634 8.931296 1.1363636
 1.8996198 0.3972924 0.101180114 0.25467417 0.20914312 2.2102342 19.047619
 3.3705206 0.8790375 0.29416806 0.3346479 0.2608017 3.8152018 19.318182
 3.1286817 1.4518135 0.6175977 0.42539743 0.4640336 4.36175 17.5
 9.498203 7.3532953 6.834831 0.92949224 0.77417755 8.9107685 10.227273
 13.785061 12.878146 12.228951 0.94958943 0.9342103 8.522282 5.681818
 2.8917377 0.6964414 0.17752685 0.25490564 0.24083836 2.0318244 19.318182
 3.3394005 1.2262706 0.8399762 0.6849844 0.36721277 6.962997 17.5
 4.1086283 1.9094514 1.1512213 0.6029068 0.46474183 5.194932 18.181818
 2.9421897 0.9466015 0.37415037 0.39525646 0.32173368 2.9198873 17.857143
 0.67371285 0.24822742 0.10577527 0.42612243 0.36844692 3.7283776 25.0
 1.7091991 0.57042634 0.10939575 0.19177891 0.33373898 1.7855204 20.833334
 19.398737 10.689924 9.745365 0.9116402 0.5510629 8.722031 17.045454
 1.8073488 0.41688704 0.06355364 0.1524481 0.2306622 1.4772185 23.333334
 1.44468 0.35468093 0.034628715 0.09763344 0.2455083 1.0335073 23.333334
 104.39448 77.943855 73.29598 0.94036895 0.7466281 8.422883 18.181818
 2.244887 0.61639047 0.15696439 0.2546509 0.27457526 2.462235 20.238094
 2.733559 0.79457325 0.15370129 0.1934388 0.29067352 1.8814871 18.75
 2.1231742 1.1689594 0.95694417 0.8186291 0.5505716 6.34664 18.055555
 24.067411 5.6967864 0.59206325 0.10392934 0.23670124 0.89030784 18.181818
 20.230913 18.795828 17.86508 0.9504811 0.9290647 7.9228873 11.363636
 0.28028017 0.092197426 0.06914807 0.75 0.32894737 3.75 50.0
 116.81676 85.67801 79.28357 0.92536664 0.73343945 8.286087 15.909091
 2.3776498 0.98966026 0.4177949 0.4221599 0.41623464 6.564964 18.421053
 18.993422 18.774065 17.938242 0.9554799 0.988451 8.538413 9.090909
 43.12149 44.16444 41.911514 0.9489877 1.0241864 10.193136 5.681818
 2.8886013 0.82812476 0.4576573 0.55264294 0.2866871 6.2109 15.909091
 111.33324 88.46273 83.39744 0.9427409 0.79457617 8.433289 18.181818
 2.0547333 0.66180384 0.26914826 0.40668887 0.32208747 3.145719 22.058823
 1.7857089 0.5989987 0.09688824 0.16175032 0.3354403 1.4263115 20.3125
 28.42819 22.917727 21.5009 0.93817765 0.806162 8.358347 14.772727
 92.73656 68.091446 63.072044 0.92628443 0.73424596 8.293998 14.772727
 102.80334 101.69403 94.127525 0.92559534 0.9892094 8.399855 4.5454545
 9.6545725 7.1631174 6.5855427 0.91936827 0.74194044 8.310386 17.045454
 1.1950978 0.31738836 0.07807723 0.24599902 0.26557523 3.0970848 27.083334
 1.8185487 0.43702188 0.09053979 0.20717451 0.24031353 1.3258573 22.058823
 1.0435376 0.32314137 0.092042595 0.28483692 0.30965954 2.1930408 26.923077
 4.1078353 2.1443815 1.4936686 0.6965498 0.52202225 6.7366614 16.666666
 69.85336 68.05117 64.256714 0.94424117 0.97420037 8.4047575 1.1363636
 3.826523 1.9105749 0.43700132 0.22872765 0.4992979 2.646084 14.772727
 3.8557546 1.2290072 0.4871179 0.39635074 0.3187462 3.4544234 17.045454
 8.551749 7.722423 7.364468 0.9536473 0.90302265 8.695944 12.5
 11.03996 9.995329 9.499736 0.9504176 0.90537727 8.186336 13.636364
 3.074346 1.1131163 0.69190824 0.6215956 0.362066 2.430153 17.307692
 109.82139 98.76813 91.66226 0.9280551 0.8993524 4.357863 1.9230769
 1.0 22.402267 17.966864 16.472872 0.9168473 0.802011 141.53346 16.7353 48.0
