 62.28642 64.38503 55.852856 0.867482 1.033693 8.160147 7.9545455
 6.753815 5.5943513 4.773082 0.8531966 0.8283246 8.84327 11.904762
 99.10546 75.02162 70.21671 0.935953 0.75698775 8.73546 10.227273
 89.79823 93.93465 88.97462 0.947197 1.0460634 8.849766 5.681818
 5.488173 2.5764937 2.0234578 0.7853533 0.46946293 7.1528325 14.772727
 6.826663 5.258472 2.0109637 0.38242358 0.7702844 4.859971 14.772727
 117.332085 119.65802 110.08424 0.91999054 1.0198236 6.3070927 7.352941
 84.441505 50.294804 42.363857 0.8423108 0.5956171 3.893634 17.307692
 114.970505 119.0428 109.98941 0.92394847 1.0354203 6.354367 1.4705882
 7.1644673 3.7474883 3.1774049 0.84787583 0.52306587 6.2314024 14.772727
 110.74358 112.35598 103.4569 0.9207956 1.0145597 6.357221 1.4705882
 4.368389 2.8394945 2.2882912 0.8058798 0.6500095 8.700604 16.666666
 6.7244253 3.533363 1.9815443 0.5608097 0.525452 6.9672194 13.095238
 98.4484 98.022064 90.584625 0.92412484 0.99566936 6.4542704 0.0
 112.643936 115.53429 103.6237 0.89690864 1.0256592 4.7345805 7.142857
 112.35081 115.330986 103.93609 0.9011983 1.0265256 4.844128 1.7857143
 113.64338 120.05359 107.245186 0.89331096 1.0564063 3.6308613 2.0833333
 102.005066 98.28637 92.09125 0.9369687 0.963544 8.708858 9.090909
 5.4897346 2.8443286 2.4957066 0.8774325 0.5181177 6.9642935 15.476191
 119.87465 122.91376 113.06174 0.91984606 1.0253524 6.4700613 0.0
 112.42041 112.32875 103.53221 0.92168933 0.9991846 6.3811564 11.764706
 108.21783 111.34877 102.90849 0.9241996 1.0289319 6.400685 0.0
 106.11599 108.962456 99.31818 0.9114899 1.0268241 5.742353 3.125
 119.88132 117.02729 106.43419 0.9094818 0.9761929 6.3414154 7.352941
 109.293526 109.99788 100.58342 0.9144124 1.0064446 6.33098 8.823529
 9.660041 5.3179255 4.008827 0.7538329 0.55050755 5.2727394 15.909091
 118.50255 123.381355 112.66019 0.9131054 1.0411705 6.2763734 5.882353
 125.15211 126.53288 115.99757 0.91673845 1.0110328 6.4293947 8.823529
 5.80893 3.8555217 2.9460857 0.7641212 0.66372323 7.615149 16.666666
 7.0121436 5.4140882 2.4759521 0.45731655 0.77210176 3.2401042 17.857143
 5.664037 4.905308 4.264916 0.8694492 0.86604434 4.979766 11.764706
 114.811745 115.983765 106.574455 0.91887397 1.0102081 6.407176 1.4705882
 11.143403 8.767366 5.08363 0.5798355 0.7867764 6.364831 18.181818
 104.97173 105.111435 97.04895 0.92329586 1.0013309 6.393414 7.352941
 111.44929 111.46184 105.25659 0.9443285 1.0001125 6.4805427 4.4117646
 109.355385 111.43585 103.763695 0.93115175 1.0190248 6.428489 4.4117646
 107.1944 106.609 97.26127 0.9123176 0.9945389 6.3159294 2.9411764
 116.612785 117.80539 108.487335 0.92090297 1.0102271 6.37638 10.294118
 107.33128 108.71637 100.29802 0.922566 1.0129048 6.5049834 0.0
 12.387885 11.482304 8.46662 0.7373625 0.9268978 6.1226325 14.772727
 107.17075 108.97571 96.367386 0.8843015 1.0168419 3.6455555 2.0833333
 107.73506 111.31665 102.98006 0.9251092 1.0332444 6.365534 0.0
 107.62276 110.290634 103.855995 0.9416574 1.0247891 8.968825 10.227273
 101.70938 101.65942 95.58273 0.9402251 0.99950874 7.8390393 9.523809
 111.53708 112.39674 103.88663 0.924285 1.0077075 6.3944674 5.882353
 106.430214 88.76239 80.75283 0.90976405 0.8339962 6.2375736 14.705882
 104.3412 109.28073 98.99417 0.9058703 1.0473402 4.8238997 7.142857
 12.658521 8.521748 7.260761 0.8520272 0.6732025 3.5269089 15.277778
 91.081726 93.92054 88.92251 0.9467845 1.0311677 8.785972 2.2727273
 106.17243 103.13116 96.85761 0.9391693 0.9713553 8.270113 11.904762
 105.2268 107.09253 100.828545 0.94150865 1.0177305 5.724741 1.6666666
 110.044075 107.15928 101.678986 0.94885844 0.9737851 8.155319 3.75
 106.01274 108.75272 103.252525 0.9494247 1.0258458 5.7141037 5.0
 80.5035 83.541954 78.64511 0.9413847 1.0377431 7.353561 4.1666665
 121.31454 125.185425 115.09824 0.9194221 1.0319078 4.884594 1.9230769
 111.4685 124.330795 107.52462 0.8648269 1.1153896 4.1951036 0.0
 116.09247 131.71812 115.53392 0.87713003 1.1345966 4.2249656 0.0
 117.46634 128.4997 111.477036 0.8675276 1.0939279 4.1841745 2.0833333
 116.834625 128.69086 112.613525 0.87507015 1.1014788 4.2038746 6.25
 114.2415 126.84684 110.86761 0.8740273 1.1103394 4.2032104 12.5
 116.33067 130.85681 114.58716 0.8756683 1.1248693 4.2037477 2.0833333
 118.848404 135.73576 119.11549 0.8775542 1.1420916 4.2390404 0.0
 120.65612 133.99954 117.33558 0.8756416 1.1105905 4.2236524 6.25
 114.19271 126.891785 110.94876 0.87435734 1.1112074 4.234062 12.5
 116.65118 85.40959 70.18034 0.8216916 0.73217946 5.2773952 14.285714
 63.01495 60.55183 54.677814 0.9029919 0.96091217 4.2419744 5.769231
 1.0 86.49704 87.13928 79.05194 0.9071906 1.0074251 516.6278 7.607343 66.0
