 13.130614 11.061304 10.193753 0.9215689 0.8424056 8.643284 14.772727
 124.846 114.97547 107.904945 0.93850404 0.9209383 8.836634 7.9545455
 120.91836 110.51539 103.83601 0.9395616 0.913967 8.822657 2.2727273
 6.987813 5.5628095 5.2128663 0.9370923 0.796073 8.373336 11.363636
 4.3646545 1.143003 0.2264371 0.1981072 0.2618771 2.190521 15.909091
 106.50055 96.96963 88.18133 0.9093706 0.9105083 6.219998 10.9375
 1.2329271 0.16326474 0.030428702 0.18637645 0.13242044 1.5295647 20.454546
 105.76211 97.55049 91.544525 0.9384322 0.9223576 8.789948 0.0
 2.6648939 0.5076792 0.12973242 0.2555401 0.19050637 2.5431962 19.318182
 107.73573 67.159355 58.986797 0.8783109 0.62337124 6.069029 17.1875
 118.45618 105.34796 98.643906 0.93636274 0.88934124 8.746778 5.681818
 116.870766 106.75795 98.00292 0.91799176 0.9134701 8.670058 4.5454545
 14.893323 13.770765 12.888624 0.93594104 0.92462677 8.831175 3.409091
 52.33421 20.038935 16.188025 0.80782866 0.38290316 7.1973257 18.181818
 114.622856 106.39581 100.01818 0.94005746 0.9282251 8.828167 1.1363636
 120.6987 111.40393 104.744705 0.9402245 0.922992 8.807298 1.1363636
 18.12545 15.583857 14.597898 0.936732 0.8597777 8.962939 7.9545455
 82.159546 34.273956 29.211845 0.85230446 0.4171634 7.7348437 15.909091
 11.230723 10.0999365 9.40041 0.93073946 0.8993131 8.492237 12.5
 116.31103 105.96264 97.379845 0.9190017 0.9110283 7.4678864 3.9473684
 13.742873 13.008312 12.299268 0.945493 0.94654965 8.840425 10.227273
 2.5591385 0.87128097 0.5351744 0.6142386 0.3404587 7.9359984 20.833334
 117.84818 98.97869 92.064316 0.93014276 0.8398831 8.6581135 10.227273
 2.9131055 0.62554115 0.14297777 0.22856653 0.21473344 1.77659 19.047619
 1.8621843 0.42002243 0.10001073 0.23810807 0.22555363 1.4908439 20.0
 100.323 68.94038 63.56365 0.92200905 0.68718415 8.540084 15.909091
 2.16991 0.5090494 0.07851687 0.15424214 0.2345947 1.1534435 19.047619
 119.90862 110.7669 104.130196 0.94008404 0.9237609 8.811061 1.1363636
 1.0 61.47048 51.048725 47.151333 0.9236535 0.8304592 423.80777 11.107177 28.0
