 98.507835 87.23933 77.23027 0.885269 0.88560796 4.4468665 7.6923075
 12.119363 10.535188 10.065912 0.9554563 0.86928564 7.2554502 10.714286
 10.124621 9.331368 8.674817 0.92964035 0.92165107 8.889754 9.090909
 75.3029 52.469166 47.512695 0.9055355 0.6967748 8.638537 13.636364
 8.397913 7.418918 6.9834332 0.94130075 0.88342404 8.259326 12.5
 9.923162 7.1601677 6.1395636 0.8574609 0.721561 10.854273 13.636364
 10.636348 8.275672 7.4099536 0.89539003 0.7780557 8.774283 15.909091
 2.436124 0.6306115 0.1750505 0.27758852 0.25885853 3.261657 16.25
 10.812733 10.052671 9.343378 0.9294423 0.92970675 9.038324 9.090909
 27.633064 24.629597 23.707417 0.96255803 0.8913089 10.021273 10.227273
 12.261077 11.096283 10.339651 0.9318121 0.9050006 8.967378 5.681818
 11.064581 10.254829 9.459483 0.92244184 0.92681587 8.679985 12.5
 6.5769625 1.5931906 0.47155133 0.29597923 0.24223804 2.936399 19.047619
 117.54604 84.04794 73.00454 0.8686059 0.71502143 4.29972 9.615385
 1.7850969 0.54834396 0.16557308 0.3019511 0.30717883 4.1863146 21.25
 2.4010506 0.5310253 0.12679227 0.23876879 0.22116372 1.7075635 17.857143
 108.34711 81.28287 74.34489 0.914644 0.750208 8.762263 12.5
 1.2910734 0.4269544 0.0811913 0.19016388 0.3306972 1.6154348 21.875
 18.770397 14.585581 10.914666 0.7483189 0.77705234 10.116614 15.909091
 11.160749 10.100452 9.299734 0.92072445 0.9049977 8.7147665 17.045454
 9.768376 9.056052 8.160754 0.9011382 0.92707855 9.38907 10.714286
 2.3356197 0.6757342 0.17534703 0.25949112 0.2893169 2.4694295 19.736841
 1.2667147 0.39717472 0.19194098 0.48326585 0.3135471 3.2247672 19.736841
 15.74791 13.423964 12.046078 0.8973563 0.85242826 10.086484 10.714286
 9.656377 7.191617 6.4996076 0.9037755 0.7447532 9.483766 7.9545455
 104.33782 79.87259 73.66858 0.9223262 0.7655191 8.799637 13.636364
 11.322346 10.66353 9.869863 0.92557174 0.9418129 9.254088 14.772727
 16.892036 16.458376 15.227432 0.92520875 0.9743275 8.333353 8.333333
 18.400415 13.408159 9.682378 0.72212577 0.7286878 6.2679386 15.909091
 11.283713 10.30816 9.582413 0.9295949 0.9135432 9.025722 10.227273
 9.854527 7.6810436 6.9817233 0.90895504 0.77944314 9.048765 13.636364
 12.593565 10.850762 10.043427 0.9255965 0.8616117 8.961315 12.5
 10.235674 9.389626 8.716088 0.9282679 0.9173432 8.472985 7.142857
 9.740064 8.502738 7.5557823 0.8886293 0.87296534 8.426384 7.9545455
 8.0802 6.7672505 6.2218122 0.9194003 0.8375102 9.209411 11.363636
 8.741275 6.398168 5.517758 0.8623965 0.7319491 5.238084 10.0
 12.570728 10.970325 10.016049 0.913013 0.8726881 9.428027 10.227273
 12.899553 9.035274 8.09097 0.89548707 0.700433 7.1227326 12.5
 10.842525 9.2041235 8.198001 0.8906878 0.84889126 5.520722 7.8125
 10.964315 9.813966 9.067163 0.9239041 0.8950824 8.800207 9.090909
 104.204506 86.51616 81.227745 0.9388737 0.83025354 8.479196 9.523809
 95.70657 70.702614 65.95605 0.9328657 0.7387436 8.5755625 15.476191
 11.733956 10.583573 9.846453 0.93035233 0.90196127 7.36256 17.105263
 87.398186 89.36153 80.61599 0.90213305 1.0224643 6.9007707 12.5
 90.624115 91.94761 83.87437 0.91219735 1.0146042 7.0012264 6.9444447
 85.265976 78.8801 71.23523 0.9030825 0.9251063 6.965351 9.722222
 98.86826 94.87931 86.29897 0.90956575 0.9596539 7.014419 18.055555
 104.53562 105.11209 95.942085 0.9127597 1.0055146 6.9662166 9.722222
 95.22381 97.90995 89.33165 0.9123858 1.0282087 6.941267 2.7777777
 89.27701 91.63515 82.89511 0.90462136 1.0264138 6.9547224 5.5555553
 96.65478 102.178734 92.81777 0.9083864 1.0571514 6.956795 4.1666665
 110.36104 95.69856 83.02897 0.8676093 0.8671409 5.081567 12.5
 91.589935 92.65694 80.5863 0.8697277 1.0116497 4.056437 12.5
 3.1255703 0.77596724 0.1503677 0.19378099 0.24826422 1.0001152 13.333333
 96.27779 82.777054 72.939415 0.881155 0.8597731 5.1337633 8.333333
 98.84747 85.756546 74.59927 0.869896 0.8675644 3.7766294 12.5
 1.0 39.720116 34.993763 31.469812 0.8992978 0.8810085 240.16475 12.08409 56.0
