 0.5682406 0.06310204 0.059292734 0.93963265 0.1110481 16.40534 0.0
 13.994432 12.298765 11.4443035 0.93052465 0.8788327 10.104489 10.227273
 94.524345 67.542656 60.987946 0.9029545 0.714553 4.4944077 13.461538
 6.892381 6.179141 5.8480477 0.94641757 0.89651763 9.123718 11.363636
 12.865683 13.017338 12.343908 0.9482668 1.0117875 8.793888 4.5454545
 91.21507 85.38443 78.28356 0.9168365 0.9360781 4.890329 5.357143
 5.1500416 4.8026905 4.515315 0.9401636 0.93255377 9.419233 7.9545455
 69.64031 55.849346 52.48751 0.93980527 0.8019687 8.994636 13.636364
 13.387348 8.405807 7.0510917 0.83883584 0.62789184 9.123913 15.909091
 87.51844 63.49962 58.029095 0.9138495 0.725557 8.696334 14.772727
 2.7327557 1.5821167 0.8739921 0.5524195 0.5789455 7.5623503 17.5
 9.169051 7.030971 6.652279 0.94613945 0.76681554 9.743995 14.772727
 15.0562525 6.686356 3.4345024 0.51365834 0.44409165 2.974973 8.333333
 17.077703 10.42326 8.920034 0.8557816 0.6103432 4.4978514 4.1666665
 45.37553 41.27182 38.381104 0.9299591 0.90956116 8.922111 6.818182
 88.44896 87.143135 82.895645 0.9512584 0.9852364 9.088105 6.818182
 89.25742 85.98954 81.71838 0.95032936 0.9633881 9.056055 2.2727273
 6.468239 4.577057 4.0382714 0.88228554 0.70762026 9.315195 14.772727
 15.268768 13.845785 12.989593 0.9381622 0.9068043 8.549126 9.090909
 84.9393 82.35804 78.33155 0.95111 0.9696105 9.090357 5.681818
 83.20546 79.7585 75.72515 0.9494305 0.95857286 9.358401 3.409091
 1.7893655 0.36267722 0.10628738 0.29306328 0.20268482 4.2091765 18.75
 25.892138 25.652664 24.57213 0.9578783 0.99075115 9.327352 10.227273
 8.069343 5.1526713 4.1785655 0.81095123 0.6385491 10.641924 11.904762
 86.18024 85.08208 80.84587 0.9502104 0.98725736 9.078319 7.9545455
 17.363682 13.115217 11.123999 0.8481749 0.75532466 9.249497 9.090909
 63.47927 65.34731 62.51833 0.9567085 1.0294275 8.82969 1.1363636
 13.872202 9.408633 8.674941 0.9220193 0.6782365 9.62287 14.772727
 9.604773 4.951088 3.7375095 0.75488657 0.51548207 7.1530094 17.045454
 11.763365 11.504261 11.16719 0.9707003 0.9779737 9.530304 6.818182
 74.244644 70.46229 66.45805 0.94317204 0.9490554 9.029678 3.409091
 4.973275 4.370612 4.0848165 0.93460965 0.87881976 8.993807 12.5
 14.12396 12.17885 11.470494 0.94183725 0.86228305 8.214154 12.5
 50.51324 43.13876 39.95918 0.9262941 0.8540089 9.60441 13.636364
 82.91363 73.6386 68.93642 0.93614507 0.8881363 8.93386 10.227273
 1.426109 0.49687603 0.18165413 0.36559248 0.34841377 3.6356306 14.0625
 11.527457 9.926285 8.904207 0.8970332 0.86109924 8.121645 13.636364
 24.993542 22.74742 21.884502 0.9620653 0.91013193 8.90235 13.636364
 67.90171 54.692978 51.882607 0.9486155 0.80547273 9.391988 13.636364
 1.9379299 0.7128664 0.29817194 0.4182718 0.36784947 4.306525 15.476191
 6.6752305 6.2817883 5.9753404 0.9512164 0.9410594 9.122467 15.909091
 16.187366 15.139157 13.297033 0.8783205 0.9352453 9.811396 8.333333
 5.9145665 3.7582233 3.2384334 0.8616926 0.63541824 8.418224 14.772727
 11.516255 10.49694 9.9802475 0.95077693 0.9114889 8.540306 10.227273
 80.35555 48.77761 43.564945 0.8931341 0.6070223 8.569251 18.181818
 82.04897 62.205185 57.00663 0.91642886 0.75814706 8.842104 14.772727
 19.798695 19.688463 18.293306 0.92913836 0.99443233 9.182479 13.636364
 12.615446 11.966332 11.358931 0.9492408 0.94854605 8.972233 10.227273
 11.6707735 10.763565 10.281754 0.95523673 0.9222667 9.165603 10.227273
 88.53716 70.19688 66.12846 0.9420428 0.7928521 8.996429 14.772727
 14.910269 13.86417 13.198486 0.9519853 0.9298404 9.113234 14.772727
 74.82422 70.77684 66.49138 0.9394511 0.9459082 9.021864 10.227273
 43.465878 43.36667 41.00789 0.94560844 0.9977175 8.541675 4.5454545
 8.985865 8.852255 8.454281 0.9550427 0.9851311 9.452762 12.5
 55.361767 48.328556 46.24051 0.95679474 0.8729591 9.037726 18.181818
 6.159532 2.233488 1.6776934 0.7511539 0.3626068 7.539749 17.045454
 13.473118 10.867708 9.804679 0.9021846 0.8066216 7.799349 13.636364
 76.10307 62.53624 56.224705 0.89907396 0.8217308 4.1272187 6.25
 84.71001 84.79462 79.717804 0.9401281 1.0009989 8.059763 5.0
 10.594566 6.6057296 6.2139497 0.9406909 0.62350166 5.248792 14.285714
 26.830055 26.585163 24.185375 0.909732 0.9908725 3.9009986 14.583333
 1.0 35.67318 30.962904 28.825203 0.9309592 0.86796033 258.00284 11.038912 61.0
