 4.2576394 3.5750089 2.8702097 0.8028539 0.8396692 8.725498 13.75
 108.20894 109.993034 104.52597 0.9502963 1.0164875 8.539331 6.818182
 90.19205 61.95831 56.444435 0.9110066 0.6869598 5.9790907 14.705882
 6.454833 5.300786 5.0114884 0.94542366 0.82121193 7.6676793 13.095238
 23.147808 9.441618 7.040568 0.74569505 0.40788388 3.0072904 12.5
 3.8559763 2.7882898 2.6024492 0.93334955 0.7231087 8.051323 18.181818
 79.75522 68.92086 62.293713 0.9038441 0.8641549 4.662822 14.285714
 12.245604 12.08595 11.373759 0.9410728 0.9869624 9.002913 9.090909
 11.660487 10.399278 9.773257 0.9398015 0.8918391 7.511724 17.045454
 82.16531 55.28569 50.33697 0.91048825 0.6728592 8.626384 14.772727
 4.8049383 4.26343 3.943471 0.9249526 0.8873018 9.3735695 14.285714
 9.535185 9.944597 9.37282 0.94250375 1.042937 8.702471 11.363636
 96.85209 96.383156 89.1087 0.9245256 0.99515826 5.4932494 9.375
 97.98761 97.01986 92.288765 0.95123583 0.99012375 8.49036 11.363636
 19.346449 15.37213 4.6715465 0.30389714 0.79457116 3.1179545 12.5
 2.8887367 0.8376993 0.11742192 0.14017192 0.2899881 1.5659944 18.181818
 2.3586187 1.186293 0.9098331 0.7669548 0.50296086 7.294436 22.368422
 82.676094 81.31586 74.09901 0.91124916 0.9835474 4.695369 1.7857143
 15.300631 11.729159 10.923552 0.9313158 0.76658016 8.819831 18.181818
 82.56415 68.01088 63.96531 0.94051576 0.8237338 8.497802 11.363636
 104.15511 106.6033 101.037895 0.94779325 1.0235053 8.592919 1.1363636
 103.147415 102.940056 97.075554 0.94302994 0.9979897 8.491034 1.1363636
 6.4398465 6.2869945 5.8858933 0.93620145 0.97626466 9.0559845 10.227273
 105.71526 108.430016 102.21565 0.9426878 1.02568 8.14872 3.5714285
 21.122406 15.389682 14.247759 0.9257994 0.72859514 5.8218894 15.277778
 6.3400974 4.9511847 2.8355656 0.57270443 0.78093195 6.974972 14.285714
 6.1551733 1.3834306 0.2797532 0.20221701 0.22475901 1.302553 10.714286
 103.61496 90.14567 83.38695 0.92502445 0.8700063 5.6285434 12.5
 100.14008 99.633095 91.710434 0.9204816 0.9949372 5.136655 15.0
 2.4000528 1.3775835 0.84188426 0.6111312 0.5739805 5.940335 18.75
 7.982954 7.2936172 6.7834487 0.93005276 0.9136489 8.399382 10.227273
 95.8242 97.981895 91.06097 0.9293652 1.0225172 8.629732 5.681818
 4.5231104 2.4323606 1.2597044 0.51789373 0.5377628 4.4180293 14.772727
 13.569822 13.267951 12.404188 0.93489856 0.97775424 9.012545 5.681818
 7.0706677 7.0545297 6.4981995 0.9211386 0.9977176 8.893093 13.636364
 2.6131759 0.67041004 0.23390725 0.34890178 0.2565499 3.2551162 15.909091
 2.0663888 0.5254142 0.076911286 0.1463822 0.25426686 1.7941473 21.052631
 99.49205 99.92917 91.740555 0.91805583 1.0043936 5.5886087 4.6875
 29.264496 27.223127 20.764872 0.76276577 0.9302442 7.780219 10.227273
 118.53466 116.62051 107.77531 0.92415404 0.98385155 5.5453415 1.5625
 99.67086 101.4313 96.2087 0.948511 1.0176625 8.427976 9.090909
 14.338277 14.543955 13.838614 0.9515029 1.0143447 8.979801 10.227273
 13.13197 11.766903 10.840074 0.92123425 0.89605004 8.44091 6.818182
 20.699543 19.549124 18.563482 0.9495813 0.94442296 9.282218 6.818182
 12.144767 11.848677 9.995229 0.84357345 0.9756199 8.645138 10.227273
 94.40289 91.614746 84.86137 0.926285 0.9704654 5.371389 1.5625
 9.769895 1.8993812 1.2029988 0.6333635 0.19441164 4.421086 12.5
 3.9067032 3.1733806 2.7531571 0.8675786 0.8122912 8.398298 13.75
 79.84226 80.99355 76.62344 0.9460438 1.0144196 8.68579 6.818182
 2.4247024 0.51585215 0.098532915 0.19100998 0.21274865 1.4997903 21.052631
 9.741815 8.392216 5.13204 0.61152387 0.86146325 6.812407 9.090909
 99.1397 100.86591 96.02042 0.951961 1.017412 8.50136 4.5454545
 97.40917 97.28765 91.9296 0.9449257 0.9987524 8.729636 5.681818
 4.1778884 3.6269312 3.3613992 0.9267888 0.8681255 8.37939 11.363636
 20.313168 11.0382395 9.505555 0.86114776 0.5434032 8.769689 15.909091
 8.39592 6.266625 5.7821555 0.9226906 0.7463893 7.8310194 13.636364
 102.3129 105.624825 100.6943 0.9533204 1.0323706 8.659993 0.0
 82.56396 82.32205 73.04046 0.8872527 0.99707 3.918733 10.416667
 5.8578467 4.788095 4.377482 0.9142429 0.81738144 8.029733 19.047619
 9.103458 9.086114 8.611715 0.9477886 0.9980948 9.505484 10.227273
 3.9076312 2.9696243 2.6303306 0.8857453 0.7599551 7.5946264 17.5
 3.9399831 3.4849255 3.1796174 0.9123918 0.88450265 8.227676 14.772727
 105.527596 106.31718 101.44867 0.9542077 1.0074822 8.584728 9.090909
 15.407165 12.316613 10.99933 0.89304817 0.7994082 9.068525 13.636364
 18.333054 14.62315 12.876402 0.8805492 0.79763854 7.541857 15.909091
 2.5547764 0.9042356 0.20602955 0.22784941 0.35393924 2.0067515 19.047619
 23.247896 23.0185 20.674397 0.8981644 0.99013263 9.225461 17.045454
 90.05265 89.25362 84.9151 0.9513912 0.991127 8.648615 1.1363636
 45.513466 45.793816 42.63025 0.9309172 1.0061598 5.5016284 14.0625
 95.84166 97.796036 93.09238 0.9519034 1.0203918 8.326709 1.1363636
 4.0558596 3.7612896 3.496858 0.9296965 0.92737174 9.286776 14.772727
 6.017248 5.211667 4.662243 0.8945781 0.86612135 6.143871 13.636364
 8.854606 5.4909644 4.5047536 0.8203939 0.62012523 7.9818015 17.045454
 1.4408965 0.32002965 0.10933151 0.34162933 0.22210452 4.8822665 21.428572
 1.0790852 0.32576418 0.1767989 0.5427205 0.3018892 6.3236027 22.916666
 3.8542457 1.5399623 0.30275056 0.19659609 0.3995496 2.0837045 14.772727
 100.13906 83.62813 78.58926 0.9397467 0.83511996 8.497094 9.090909
 10.159782 9.350275 9.065352 0.9695279 0.92032236 7.8442883 13.636364
 7.7057853 2.8350348 2.4283118 0.85653687 0.36790994 7.9387484 17.045454
 14.04288 14.258527 13.2992 0.9327191 1.0153563 10.119749 12.5
 10.186561 9.714239 9.20253 0.9473238 0.9536329 9.834626 13.636364
 114.404724 113.541306 107.27475 0.9448081 0.992453 8.842396 3.409091
 100.09448 102.185745 95.49901 0.9345629 1.0208929 7.9459968 1.1904762
 44.92998 43.368557 40.63699 0.937015 0.96524763 8.582938 3.409091
 1.6356686 0.5086892 0.16646117 0.32723552 0.31099772 3.3608963 20.833334
 19.493933 17.202944 14.009983 0.8143945 0.88247687 9.532053 17.045454
 7.1232944 6.097211 4.045524 0.663504 0.8559538 6.9875207 15.909091
 13.57603 13.660596 12.796942 0.9367777 1.0062292 9.169372 12.5
 4.667484 3.140462 1.8905969 0.60201234 0.67283833 5.617729 14.772727
 6.2207217 6.2371116 5.861654 0.9398026 1.0026348 7.243794 12.5
 6.185555 1.2016577 0.15085189 0.1255365 0.19426836 1.0551149 19.318182
 14.821214 14.151387 12.725007 0.8992056 0.9548062 8.563957 10.227273
 2.1671782 1.672303 0.99884194 0.5972853 0.77164996 3.254767 18.75
 8.641718 6.740938 5.5233 0.8193667 0.7800461 8.311386 16.666666
 16.80072 17.024256 16.22737 0.95319104 1.0133052 7.8886843 10.227273
 11.8072605 9.051987 8.359659 0.9235166 0.7666458 8.26903 13.636364
 4.291475 3.8574882 3.6360452 0.942594 0.8988724 8.667326 14.285714
 10.950354 9.033863 8.484146 0.9391493 0.82498366 8.3562 9.090909
 23.945374 22.000292 21.392431 0.9723703 0.91877 7.783183 12.5
 93.310555 91.61611 87.199066 0.95178753 0.9818408 8.515908 3.409091
 96.75487 96.61674 91.52793 0.94732994 0.9985724 8.695515 9.090909
 7.1038384 7.310225 6.912674 0.94561714 1.0290529 8.678837 15.476191
 31.410841 28.715307 27.168806 0.9461437 0.9141846 7.978554 11.363636
 8.029707 7.622864 7.17828 0.9416776 0.9493327 8.919793 10.227273
 76.36723 40.392956 36.489174 0.9033549 0.5289305 7.967961 18.181818
 5.613224 5.294548 3.9615757 0.74823684 0.94322765 6.5532985 12.5
 105.98182 105.7299 98.19243 0.92871016 0.99762297 5.565234 1.5625
 3.1519015 0.775217 0.2999706 0.38695052 0.24595217 5.208227 15.909091
 93.16968 88.74924 80.87578 0.9112842 0.9525549 4.7383018 3.5714285
 8.306361 2.375886 1.3145461 0.5532867 0.2860321 6.4031334 14.772727
 13.671271 15.033028 14.456952 0.96167934 1.0996072 9.126383 9.090909
 81.0467 82.31497 77.72234 0.9442066 1.0156486 8.607343 0.0
 14.328737 8.687563 2.9996603 0.34528214 0.60630345 2.9989557 13.636364
 112.98747 112.43888 104.19376 0.9266702 0.99514467 5.6821895 0.0
 1.9847118 0.67307615 0.283504 0.42120644 0.33913043 5.018487 16.666666
 7.0384803 2.218258 0.6511875 0.29355806 0.3151615 2.8789387 14.772727
 7.404888 7.5666533 7.1693344 0.9474908 1.0218457 8.757424 18.181818
 101.351006 101.8518 95.19668 0.93465877 1.0049412 8.563228 9.090909
 9.919701 9.804225 8.822078 0.899824 0.98835903 7.5897293 7.9545455
 94.46141 88.836494 84.39637 0.9500192 0.94045275 8.603957 12.5
 95.11683 92.03352 84.680504 0.9201049 0.9675841 5.6422405 6.25
 111.30295 112.34218 105.8878 0.94254714 1.009337 7.0361457 13.157895
 101.21511 103.05221 96.16856 0.93320227 1.0181504 8.579615 0.0
 14.453246 14.073297 13.539806 0.96209204 0.9737117 8.010357 9.090909
 7.4902287 3.6180165 1.8506601 0.51151234 0.48303154 5.9859643 17.5
 8.210757 7.7891445 7.329236 0.9409552 0.94865113 8.517643 14.772727
 99.054596 100.1821 87.91623 0.87756425 1.0113826 3.776388 0.0
 5.726178 3.1628158 1.6187485 0.51180613 0.55234325 6.285403 13.636364
 7.242125 5.707052 4.9254627 0.8630485 0.78803563 7.569072 12.5
 7.1579266 6.4449596 5.682567 0.88170713 0.90039474 5.846035 15.625
 12.237753 10.3274765 8.864592 0.85835016 0.84390306 6.728465 10.227273
 9.103102 8.432576 7.1186523 0.84418476 0.926341 6.8859267 11.363636
 3.1705365 1.4284502 0.38054836 0.26640645 0.45053896 2.787911 18.75
 12.95166 5.0708876 3.444718 0.6793126 0.39152417 5.285358 11.666667
 2.8644419 0.62824357 0.12612566 0.20075919 0.21932496 1.7083459 23.529411
 12.459048 10.52053 9.593879 0.9119198 0.8444088 6.8046117 11.363636
 0.28329903 0.07207231 0.025477076 0.35349324 0.25440365 1.413973 25.0
 72.525406 47.583908 43.384785 0.9117533 0.6560999 7.9432874 12.5
 7.067576 1.758072 0.23668401 0.13462703 0.24875177 1.276885 15.909091
 9.7566595 7.7312155 7.03289 0.9096745 0.7924039 8.537822 11.363636
 85.83357 71.84883 67.51385 0.9396652 0.8370715 8.561754 12.5
 93.17349 80.70908 75.99864 0.94163674 0.8662237 8.674851 12.5
 1.8750616 0.52089304 0.17756456 0.3408849 0.27780047 3.9547076 17.045454
 14.459388 14.230909 13.505741 0.9490428 0.98419863 7.8383327 6.818182
 0.81348217 0.1930719 0.048868347 0.25310957 0.23734005 2.3410738 25.0
 92.650475 94.7232 90.096855 0.95115936 1.0223714 8.388486 1.1904762
 117.29271 120.24571 111.70182 0.92894644 1.0251763 4.7632093 1.7857143
 105.37877 107.029015 99.45042 0.9291911 1.0156602 4.7474904 8.928572
 20.853027 7.0470448 1.6936691 0.24033749 0.3379387 1.889628 15.0
 117.71616 116.29383 107.71559 0.9262365 0.9879173 4.7314515 0.0
 87.68897 89.92818 85.85633 0.9547211 1.0255358 7.4615865 7.894737
 6.734955 4.8230405 4.421777 0.9168027 0.7161207 4.7439003 18.055555
 39.933792 39.969494 37.87037 0.9474819 1.0008941 7.4629135 3.9473684
 120.05568 120.19219 110.62635 0.9204121 1.0011371 4.289181 0.0
 98.618835 103.20123 96.56971 0.9357418 1.0464658 5.839725 1.5625
 9.301121 3.876067 1.4713162 0.37958997 0.41673118 4.269274 13.888889
 73.37788 73.43225 69.93144 0.952326 1.000741 7.039139 8.333333
 97.179054 99.242744 92.56115 0.9326742 1.021236 6.563809 7.352941
 1.6568255 0.62296516 0.44143447 0.7086022 0.37599924 3.2857234 18.75
 105.15585 113.94616 105.62592 0.926981 1.0835931 6.0752225 4.6875
 8.5654125 9.874699 9.090251 0.9205598 1.1528573 5.493665 11.666667
 106.18208 116.21921 106.89676 0.9197856 1.0945275 5.330819 5.357143
 40.96003 41.86803 36.938454 0.88225913 1.0221679 4.6304855 3.8461537
 1.0 40.292255 38.053978 35.11916 0.9228775 0.94444895 269.475 11.461375 163.0
