 46.921497 47.427586 44.7087 0.9426729 1.0107858 9.194362 3.409091
 114.95931 80.372574 73.42201 0.9135207 0.6991393 8.789001 15.909091
 48.380615 47.55879 44.644882 0.9387304 0.9830133 8.694368 3.409091
 57.741028 57.58979 54.44309 0.94536006 0.9973808 9.17965 7.9545455
 2.4084384 1.0130163 0.56452835 0.55727464 0.4206113 7.207507 19.117647
 36.19363 36.874577 34.723915 0.9416763 1.018814 9.7086935 6.818182
 21.82452 19.05016 17.37525 0.912079 0.87287873 6.1531944 11.764706
 113.23278 81.39743 74.73357 0.9181318 0.7188504 8.729384 17.045454
 93.719246 52.913803 48.46974 0.9160132 0.5645991 9.093383 12.5
 1.3740331 0.29001164 0.04434633 0.15291224 0.21106598 1.5331305 18.333334
 2.5696251 0.46780652 0.14248385 0.3045786 0.18205243 3.651356 15.789474
 0.9312265 0.28799325 0.17487323 0.60721296 0.3092623 3.132771 15.0
 38.795452 35.80694 33.669228 0.940299 0.9229674 8.986245 7.9545455
 5.9698105 5.030249 4.401306 0.8749679 0.84261453 4.160942 11.538462
 23.041405 9.518106 6.760377 0.7102649 0.41308704 6.073925 12.5
 94.94799 62.0017 58.43737 0.9425124 0.653007 9.0647955 12.5
 106.82996 74.233055 68.61429 0.9243092 0.69487107 8.801447 17.045454
 116.65264 85.476746 78.10062 0.913706 0.7327459 8.8116 13.636364
 1.7169892 0.5601529 0.07589621 0.13549197 0.32624134 1.5494514 21.875
 20.66084 17.114962 16.425282 0.9597031 0.82837695 6.3876505 6.818182
 2.2168384 0.45100155 0.072895646 0.1616306 0.20344357 1.7187943 17.045454
 63.453087 63.86406 60.732834 0.9509705 1.0064769 9.101395 0.0
 37.579453 17.120724 15.557685 0.9087048 0.45558736 8.87798 14.772727
 1.3951385 0.3558743 0.055612274 0.15626943 0.25508168 1.3456072 15.476191
 56.577023 28.577927 24.08407 0.8427508 0.50511545 7.661902 15.909091
 42.771904 43.66577 41.597836 0.95264167 1.0208985 9.291992 1.1363636
 2.1361945 0.52060497 0.12236703 0.23504774 0.24370675 2.2129784 20.238094
 101.50485 98.6227 92.74162 0.9403679 0.9716058 9.000492 7.9545455
 46.88873 45.65172 43.128788 0.9447353 0.97361815 8.98907 5.681818
 1.1805625 0.28910002 0.07800273 0.26981226 0.24488328 2.1580982 28.846153
 48.31686 42.250717 39.907288 0.9445352 0.8744508 8.799178 7.9545455
 48.554543 48.314953 45.960392 0.95126635 0.99506557 9.039936 1.1363636
 1.7654853 0.49519607 0.10406692 0.21015297 0.2804872 1.5125084 19.047619
 7.3536496 7.482515 7.126467 0.952416 1.017524 9.525845 7.142857
 23.590574 20.253386 19.20522 0.9482474 0.85853714 9.136704 11.363636
 17.727654 14.30218 13.319954 0.93132335 0.8067723 8.788573 12.5
 16.872183 9.607788 8.753133 0.91104555 0.5694455 8.976676 13.636364
 3.85574 1.0480577 0.5999642 0.5724534 0.27181754 5.8930173 17.045454
 16.10444 13.760471 12.911532 0.938306 0.85445195 8.3136 12.5
 10.734799 10.072521 9.531268 0.9462644 0.93830556 8.954604 9.090909
 99.763336 87.4237 81.09415 0.92759913 0.8763109 9.031441 7.9545455
 36.513485 31.46084 25.757082 0.8187029 0.8616226 7.82237 6.818182
 1.9724765 0.8456744 0.36693248 0.43389332 0.42873737 2.3314517 8.333333
 1.5861099 0.39744294 0.06475899 0.1629391 0.25057718 1.15868 17.045454
 95.07806 54.215034 49.565235 0.91423416 0.570216 8.816623 12.5
 2.8202283 0.7557197 0.24715893 0.32705104 0.26796404 2.0365105 17.1875
 25.960474 24.649351 23.003683 0.9332369 0.94949543 7.9801087 8.75
 90.83339 91.32474 84.32461 0.923349 1.0054094 7.566581 1.3157895
 26.418587 24.696934 22.30548 0.90316796 0.9348318 5.6256275 4.6875
 12.113067 8.626928 6.0793824 0.7046984 0.7122002 5.8546333 12.5
 7.2404523 6.7064924 6.1042724 0.91020346 0.92625326 6.015661 3.125
 50.412567 48.97076 44.433506 0.90734774 0.97139984 5.5984235 0.0
 74.87893 73.95623 65.154 0.8809805 0.98767745 4.325251 5.769231
 122.701065 84.25495 73.189415 0.86866605 0.68666846 4.293557 11.538462
 1.0 39.773018 31.851435 29.207638 0.91699594 0.80083025 258.87845 11.239293 54.0
