 14.3281555 12.19193 11.485501 0.9420577 0.85090715 8.835409 17.045454
 10.961954 5.4554324 3.7829013 0.69341916 0.4976697 5.6710267 15.909091
 30.019556 28.14297 26.527433 0.9425954 0.93748784 9.011782 7.9545455
 55.3522 54.121315 51.527203 0.95206857 0.97776264 9.014653 0.0
 25.848677 23.084213 21.896872 0.9485648 0.893052 9.011692 11.363636
 27.327816 27.140268 25.750887 0.94880736 0.9931371 8.869761 4.5454545
 23.761341 22.211187 20.852379 0.9388233 0.93476146 8.817532 1.1363636
 2.53613 1.0034373 0.2617659 0.26086923 0.39565685 1.9161334 13.75
 17.282574 11.044436 9.851119 0.89195305 0.6390504 8.325901 12.5
 2.415995 0.6183808 0.16239132 0.2626073 0.25595286 3.0431316 18.75
 36.204254 34.827114 33.34255 0.95737326 0.961962 8.594967 6.818182
 37.14042 32.600792 31.204319 0.9571644 0.87777126 8.427596 9.090909
 30.260542 28.142021 26.911385 0.95627046 0.92999065 9.063174 15.909091
 20.087864 18.41433 17.551477 0.95314234 0.9166893 8.979317 9.090909
 23.21362 21.998238 20.68778 0.94042903 0.94764364 8.874347 2.2727273
 38.503975 36.917576 35.03474 0.948999 0.9587991 8.969043 11.363636
 11.932111 7.961076 6.982332 0.87705886 0.6671976 8.815682 12.5
 13.260995 12.227652 11.612551 0.94969594 0.92207646 9.017777 5.681818
 1.5218714 0.45705074 0.14238653 0.3115333 0.3003215 2.05813 27.083334
 53.875694 52.19981 49.740196 0.9528808 0.9688935 9.040162 3.409091
 7.5681252 3.9832273 3.2518423 0.81638384 0.5263162 9.382286 15.909091
 22.850834 22.466099 21.385187 0.951887 0.9831632 9.3793745 13.636364
 78.985695 50.207886 46.596478 0.9280709 0.63565797 8.922345 15.909091
 29.95054 29.741934 28.36238 0.95361584 0.99303496 9.153732 3.409091
 40.865833 39.67485 37.875595 0.9546499 0.97085625 8.894198 1.1363636
 24.337595 19.98142 18.686161 0.93517673 0.82101053 7.9999537 15.909091
 74.8194 39.632538 37.04527 0.93471855 0.5297094 8.998744 14.772727
 60.764957 57.990086 55.28693 0.9533859 0.9543343 8.985031 13.636364
 23.51104 22.645039 21.589745 0.95339847 0.9631662 9.15534 3.409091
 12.276235 10.93552 9.814902 0.897525 0.8907878 10.026665 6.818182
 19.40255 17.549131 16.567728 0.9440768 0.9044755 9.288349 2.2727273
 21.628763 20.361551 19.48879 0.9571368 0.9414108 8.906389 12.5
 26.805815 24.243961 23.210073 0.9573548 0.9044292 8.994782 10.227273
 35.445946 31.783783 29.9986 0.9438336 0.89668316 9.010939 11.363636
 51.21392 49.45046 47.363865 0.9578044 0.96556675 8.663385 1.1363636
 9.452287 7.437555 7.1138177 0.95647264 0.7868524 8.643029 15.909091
 12.416886 11.925831 11.353194 0.95198345 0.9604527 8.950331 3.409091
 13.569302 12.31583 11.861837 0.96313745 0.9076245 9.161704 2.2727273
 34.448673 33.06903 31.549831 0.9540598 0.95995075 8.977059 6.818182
 35.07647 33.20477 31.35529 0.94430083 0.9466394 8.90103 6.818182
 13.437928 10.277127 8.630888 0.83981526 0.76478505 8.0348215 15.909091
 28.277832 26.298529 24.913158 0.94732136 0.93000513 9.206358 10.227273
 37.441315 35.119865 33.35208 0.9496643 0.9379977 8.848002 9.090909
 17.25307 9.131102 7.7849197 0.8525718 0.52924496 8.677285 18.181818
 33.49838 31.867382 30.541037 0.9583792 0.9513112 9.629109 9.090909
 9.768464 7.4947057 7.2183657 0.9631287 0.76723474 8.818157 14.772727
 44.194164 42.511536 40.683216 0.9569923 0.96192646 8.895313 1.1363636
 13.399748 10.835235 10.288191 0.94951254 0.8086148 9.737347 13.636364
 53.148052 52.219772 49.856533 0.95474434 0.98253405 8.897833 10.227273
 39.499332 37.519638 35.44324 0.9446584 0.9498803 8.2590475 6.818182
 8.722189 7.51728 6.9975443 0.9308612 0.8618571 8.7900915 14.772727
 41.544846 38.796616 36.78401 0.94812423 0.93384916 9.324577 5.681818
 12.218458 12.004893 11.336127 0.9442922 0.9825211 8.945524 3.409091
 12.166716 11.249809 10.664612 0.94798154 0.92463815 8.964445 6.818182
 43.542843 37.21161 34.849476 0.93652165 0.85459757 9.043855 10.227273
 47.48563 44.36239 42.235256 0.95205104 0.93422765 8.954393 4.5454545
 12.041285 11.313744 10.61564 0.93829596 0.9395794 8.894724 7.9545455
 14.594407 12.058502 11.059052 0.91711664 0.8262413 8.526465 9.090909
 5.9445505 4.392185 3.1354973 0.71388096 0.7388591 6.600986 13.636364
 21.985783 20.312674 19.086348 0.9396276 0.92390037 8.538099 11.363636
 4.7284236 1.1715016 0.2081117 0.17764525 0.24775736 1.9706727 18.181818
 7.5120463 2.3432817 0.39833084 0.16998845 0.31193653 1.3719329 14.772727
 12.923953 11.063067 10.34193 0.9348158 0.85601264 7.936516 10.227273
 8.7132 7.001645 6.5445247 0.93471247 0.8035676 8.3842 7.142857
 16.819551 15.430467 14.297706 0.9265893 0.91741246 5.6343293 15.0
 16.954535 12.700416 11.707709 0.9218367 0.7490866 8.042498 11.904762
 33.971798 32.744953 31.220573 0.9534469 0.9638863 9.193181 1.1363636
 23.926178 26.433529 25.110106 0.9499339 1.1047953 10.149651 6.818182
 19.21455 16.374886 14.716228 0.89870715 0.8522129 8.9922495 4.5454545
 48.852615 46.96128 44.642075 0.9506145 0.96128494 8.827185 1.1363636
 34.68021 32.74163 31.192144 0.95267534 0.9441013 8.77642 2.2727273
 30.03517 29.686348 28.04248 0.94462544 0.9883862 8.892034 3.409091
 20.006464 15.133721 14.1684475 0.936217 0.75644153 7.8587513 14.772727
 27.089144 24.124945 22.962614 0.9518204 0.8905761 9.405888 13.636364
 64.064 61.917664 59.04842 0.9536603 0.966497 9.0135355 7.9545455
 48.817398 37.42963 34.572433 0.92366487 0.76672727 8.7816305 7.9545455
 19.214577 17.4195 16.532413 0.9490751 0.9065773 8.884307 1.1363636
 5.2927628 3.9207723 3.7419243 0.95438457 0.7407799 9.724767 11.363636
 17.588264 15.445027 14.617494 0.94642067 0.8781439 8.067542 15.909091
 18.933456 18.016645 17.01985 0.9446736 0.9515772 9.310746 5.681818
 39.16455 37.48684 35.40484 0.94446045 0.95716244 9.464733 11.363636
 54.265713 52.54986 49.155956 0.9354156 0.9683805 8.79738 3.409091
 106.296394 72.80654 67.96196 0.9334595 0.68493897 8.776631 14.772727
 69.14047 40.001072 36.74221 0.9185307 0.57854784 8.551729 17.045454
 48.949345 44.382645 41.522884 0.9355658 0.90670556 7.3901324 11.842105
 34.267616 29.463274 27.698324 0.9400966 0.8597993 7.425958 11.842105
 73.26466 45.039734 42.13597 0.9355288 0.61475384 9.247333 17.045454
 76.90691 42.277378 38.177223 0.9030177 0.5497214 8.747828 19.318182
 53.84226 53.341022 48.967472 0.9180078 0.99069065 4.599359 0.0
 31.604244 29.543446 28.136314 0.95237076 0.93479365 9.079458 3.409091
 17.262653 8.95986 7.875027 0.8789231 0.5190314 9.375001 15.909091
 10.409365 10.128542 9.532928 0.9411946 0.9730221 9.227694 3.409091
 44.37692 42.266136 40.034294 0.9471955 0.95243514 8.9955015 6.818182
 25.602709 24.16883 23.026745 0.9527455 0.94399506 9.33417 3.409091
 9.075332 7.11501 4.5703526 0.64235365 0.78399444 3.6303065 6.818182
 21.112583 15.750575 14.49452 0.9202534 0.7460278 8.134512 10.227273
 27.979378 16.829062 15.231365 0.9050633 0.6014809 8.609327 18.181818
 46.332157 44.25852 42.352467 0.9569337 0.95524406 8.774488 0.0
 32.23074 28.792267 27.431486 0.9527379 0.8933169 8.863174 9.090909
 13.295331 12.439282 11.7548 0.9449741 0.93561286 9.176488 7.9545455
 41.358543 39.238987 37.371464 0.9524064 0.9487516 8.75477 1.1363636
 20.795988 16.763758 15.956281 0.951832 0.8061054 8.81227 15.909091
 20.485958 19.682262 18.676672 0.94890887 0.96076846 8.867297 7.9545455
 16.790287 15.669658 12.836717 0.8192085 0.93325734 7.1795154 12.5
 26.68688 25.900555 24.70057 0.9536695 0.97053516 8.919748 3.409091
 5.357419 4.275985 3.985955 0.9321724 0.7981427 8.318509 16.666666
 21.39088 16.614483 14.318111 0.86178493 0.7767087 8.628395 14.772727
 34.882393 31.80523 29.938644 0.941312 0.9117846 9.537745 9.090909
 85.63254 57.317318 53.547398 0.9342272 0.66934043 8.548903 18.181818
 12.415041 10.108396 9.687748 0.9583863 0.8142056 8.021345 10.227273
 67.244385 67.18742 61.541336 0.91596514 0.99915296 5.620521 0.0
 45.06133 41.62894 38.38453 0.9220636 0.9238285 5.644505 6.6666665
 21.690454 19.63509 18.49259 0.94181335 0.9052411 8.869062 4.5454545
 6.2792163 4.9309506 3.7444532 0.75937754 0.78528124 6.0291715 7.9545455
 10.937369 5.3514237 4.562013 0.8524859 0.48927885 7.3201737 15.909091
 90.71834 67.89478 63.797123 0.9396469 0.74841297 8.8625145 12.5
 70.947105 67.792915 64.38903 0.94978994 0.9555416 9.293803 1.1363636
 30.177628 28.087694 26.612638 0.94748396 0.93074554 9.091726 10.227273
 87.397675 52.18489 44.89 0.86021066 0.59709704 5.2454777 13.333333
 18.664845 15.874708 14.955317 0.9420845 0.8505138 8.500806 6.818182
 25.137056 21.654953 20.386469 0.9414229 0.8614753 9.214961 12.5
 27.585941 27.528122 26.285242 0.95485055 0.997904 8.830617 1.1363636
 9.071634 8.802563 8.250606 0.93729585 0.97033924 9.2132635 3.409091
 54.07609 50.71065 48.355434 0.9535558 0.9377647 8.796387 3.409091
 26.38402 23.622158 22.269354 0.9427315 0.89532065 8.789359 11.363636
 12.799684 9.915744 8.957535 0.90336484 0.77468663 7.7011433 13.636364
 20.283934 15.680514 14.93684 0.9525733 0.77305096 9.663904 14.772727
 18.587461 14.712261 13.617054 0.92555815 0.7915154 8.9986105 10.227273
 26.63405 26.742258 25.568083 0.95609283 1.0040628 8.854597 6.818182
 8.285736 5.7290816 5.1873918 0.90544903 0.69143903 7.0072837 15.909091
 47.344055 46.182064 43.839085 0.94926655 0.97545636 9.002545 3.409091
 8.223601 3.669646 2.7136002 0.7394719 0.44623345 7.554836 15.909091
 44.387627 46.591187 44.505466 0.95523363 1.0496436 9.338808 0.0
 1.8502893 0.54516673 0.16106053 0.29543352 0.29463866 2.9429688 18.181818
 46.91371 45.304367 42.688034 0.94224983 0.9656957 9.113538 3.409091
 24.197107 20.944391 19.08237 0.91109693 0.8655741 9.068874 12.5
 18.459375 16.843838 16.244482 0.9644169 0.9124815 8.593685 6.818182
 27.436644 23.5822 21.129047 0.8959744 0.8595148 5.7796288 6.6666665
 11.995725 9.795705 9.274343 0.9467765 0.8165996 8.944535 14.772727
 24.795149 22.032822 20.864363 0.94696736 0.88859403 8.325104 11.363636
 11.589737 5.707708 5.229621 0.91623837 0.49247953 5.6978292 15.0
 55.30284 52.02907 49.359913 0.9486987 0.9408028 9.025269 1.1363636
 16.28517 6.8251395 5.6665087 0.83024067 0.41910157 8.107217 17.045454
 39.541138 30.833055 28.755701 0.9326258 0.77977157 9.393243 7.9545455
 20.637442 14.710819 13.554019 0.92136395 0.7128219 10.066667 14.772727
 27.417103 6.9573264 2.5656996 0.36877665 0.25375864 4.575591 18.181818
 22.966295 20.637877 19.216494 0.9311274 0.89861584 9.368654 0.0
 11.907526 5.2388396 4.04087 0.7713292 0.4399604 6.507802 13.636364
 51.1609 46.712044 42.324352 0.9060694 0.9130419 4.1648602 6.25
 16.179129 13.7902355 12.856151 0.9322648 0.8523472 9.191185 15.909091
 102.395454 77.00234 65.89242 0.8557196 0.7520094 3.91836 8.333333
 55.594963 54.78166 50.98777 0.9307453 0.9853709 8.402524 5.952381
 36.57351 35.356777 32.72995 0.92570513 0.9667319 6.194759 4.4117646
 40.07341 36.32285 32.143425 0.8849368 0.9064077 5.4851665 8.333333
 35.478996 33.642117 30.605225 0.9097294 0.9482263 6.6052184 10.294118
 20.350481 15.285041 14.119074 0.9237184 0.75108993 5.5817676 17.647058
 23.063412 20.600649 18.433182 0.8947865 0.89321774 5.2174487 11.666667
 85.95132 51.189743 44.991447 0.87891525 0.5955667 4.956415 13.333333
 12.829918 12.540934 11.596386 0.9246828 0.9774758 5.1102843 8.333333
 20.038712 17.413937 15.653617 0.89891315 0.86901486 4.1616325 16.071428
 33.5359 31.366468 28.669577 0.9140199 0.9353102 4.793261 10.714286
 1.0 30.399664 25.807423 24.036829 0.9313921 0.84893775 213.33525 9.60863 161.0
