 3.6049159 1.6919477 1.3726938 0.8113098 0.46934456 7.178773 14.772727
 7.3583455 4.074543 3.4467885 0.8459325 0.55373085 7.384164 14.772727
 14.969089 14.740828 14.078085 0.95504034 0.98475116 8.485417 3.409091
 31.481983 23.379345 21.699806 0.92816144 0.7426262 8.581799 13.636364
 5.3756833 2.414344 0.770978 0.31933224 0.4491232 2.3220196 15.476191
 10.226218 8.920959 8.455226 0.94779325 0.87236154 8.858201 11.363636
 16.68077 16.498867 15.564134 0.9433456 0.989095 8.511361 3.409091
 21.671211 20.710358 19.510023 0.9420418 0.95566225 8.072697 5.681818
 25.508646 25.22227 23.631527 0.9369311 0.98877335 8.394097 3.409091
 5.0502715 3.1735172 2.7312868 0.8606497 0.6283855 6.763555 16.666666
 5.2339525 2.8942747 2.582017 0.8921119 0.55298066 7.0444074 15.909091
 2.1993093 0.7668089 0.15432978 0.20126237 0.34865895 1.5155932 17.045454
 12.559511 8.40247 7.736666 0.920761 0.6690125 8.206031 14.772727
 11.075512 7.9264655 7.280598 0.91851765 0.7156748 8.529917 15.909091
 7.8300557 5.4359856 5.089219 0.9362091 0.69424605 8.583093 12.5
 6.424914 4.1818547 3.7608423 0.89932406 0.65088105 8.317561 15.909091
 14.958777 13.951992 12.478631 0.8943978 0.93269604 5.1398554 5.0
 15.86081 13.300014 12.434218 0.93490267 0.8385457 8.206133 14.772727
 10.847506 8.834494 8.290351 0.9384071 0.8144263 7.9474564 9.090909
 10.418049 8.598216 7.993986 0.9297261 0.8253193 8.332731 14.772727
 20.55713 19.323175 18.20213 0.94198436 0.93997437 7.8350058 7.9545455
 18.626846 18.214258 17.255966 0.94738775 0.97784984 8.279321 3.409091
 7.7903943 4.8006644 3.9954531 0.8322709 0.61622864 7.407705 12.5
 2.153019 0.53857785 0.2761433 0.51272684 0.25015005 4.639308 19.318182
 33.092384 28.482761 26.491383 0.9300848 0.86070436 7.9818854 15.909091
 2.985668 0.9303023 0.23478286 0.25237265 0.31158936 2.766999 19.318182
 4.822971 3.1317337 2.748079 0.8774946 0.649337 8.372193 13.095238
 12.723702 11.988415 11.352209 0.94693154 0.9422112 8.162849 15.909091
 19.35457 18.513502 17.590626 0.9501512 0.95654416 8.261281 11.363636
 3.7856162 1.7735509 0.43193948 0.24354503 0.46849728 2.3812702 17.045454
 18.410572 18.175098 17.081045 0.93980485 0.98720986 8.3133545 9.090909
 2.0757532 0.6008137 0.06796094 0.113114834 0.28944367 1.0056257 25.0
 16.27555 5.7057643 4.23045 0.74143445 0.35057274 8.075923 12.5
 5.429913 3.2504158 2.9397745 0.9044303 0.59861284 6.960599 12.5
 23.851665 22.997347 21.823137 0.94894147 0.964182 8.509898 6.818182
 5.462188 4.250552 3.6689956 0.86318094 0.7781776 7.947468 13.095238
 18.97545 18.305851 17.396847 0.9503435 0.9647123 8.206141 7.9545455
 18.94111 17.958387 17.062819 0.9501308 0.948117 8.3177185 4.5454545
 27.439249 26.213776 24.820704 0.9468572 0.95533866 8.391527 7.9545455
 18.245422 11.316659 10.202946 0.9015865 0.62024647 8.329473 17.045454
 17.226917 15.539876 14.706074 0.9463444 0.90206945 8.313585 10.227273
 18.976566 18.759884 17.789814 0.9482902 0.9885816 8.189966 9.090909
 30.72782 30.004118 27.658909 0.9218371 0.976448 8.298082 3.409091
 1.9914505 0.5229337 0.10473109 0.20027605 0.26258934 2.1710446 20.238094
 18.745165 18.988277 18.199507 0.9584601 1.0129694 7.856794 3.409091
 9.239001 3.4980884 2.758377 0.7885384 0.3786219 8.744491 15.909091
 12.402869 8.031303 6.746777 0.84006006 0.6475359 6.093162 17.045454
 0.6594416 0.20435363 0.06996584 0.34237632 0.3098889 2.8414981 25.0
 19.935558 18.87436 17.761742 0.94105136 0.9467685 8.09795 11.363636
 19.923231 17.972538 17.019695 0.94698346 0.9020895 8.4688635 4.5454545
 5.5847216 4.6683393 4.3275623 0.92700255 0.8359126 8.224722 14.285714
 14.567266 12.698773 11.828244 0.93144774 0.8717335 8.234883 11.363636
 5.539474 3.9952767 3.615509 0.90494585 0.72123754 7.8361316 9.090909
 37.65054 40.001976 38.23754 0.95589125 1.0624542 8.391442 1.1363636
 74.24967 67.576294 63.71346 0.9428374 0.91012245 8.463528 3.409091
 8.061134 4.2871957 3.3880877 0.79028064 0.53183526 5.6628814 10.227273
 4.1339574 2.5529742 1.8233911 0.7142223 0.6175618 7.5961165 14.772727
 3.4885087 2.098583 1.7652314 0.841154 0.6015702 6.5744843 17.105263
 15.272508 12.107215 11.394929 0.9411684 0.7927457 5.379355 10.9375
 1.4467388 0.63126373 0.2502014 0.39635003 0.43633565 2.2170067 20.0
 2.5399241 0.6654369 0.15534292 0.23344499 0.26199088 1.6169143 14.772727
 16.388025 12.588837 11.8357315 0.9401767 0.7681729 6.5146613 14.473684
 26.238697 26.335045 24.896154 0.94536215 1.003672 8.547122 3.409091
 1.3572171 0.5643443 0.24216692 0.42911205 0.4158099 5.4782367 22.058823
 10.9205 6.7416363 5.96155 0.8842884 0.6173377 6.8748903 14.772727
 15.871945 14.674602 13.94276 0.9501287 0.9245623 8.234477 5.681818
 13.410929 13.767776 12.909497 0.93766034 1.0266087 9.61151 7.9545455
 28.237768 27.910564 26.70481 0.9567994 0.98841256 8.055232 12.5
 12.231243 5.2829313 3.948116 0.7473343 0.43192104 6.473834 15.909091
 4.1877813 1.8527144 1.6296829 0.87961906 0.44240955 8.607469 15.909091
 4.4966717 2.4267356 1.0764645 0.4435854 0.53967375 4.257123 14.473684
 1.4941651 0.5604275 0.3696127 0.65951926 0.37507734 4.8592043 23.4375
 18.259235 16.608273 15.781321 0.9502084 0.909582 8.33113 5.681818
 18.860281 8.490175 3.80148 0.44775048 0.45016167 3.149806 17.045454
 41.846222 41.534733 39.767933 0.95746213 0.99255633 8.291789 1.1363636
 16.365105 16.847937 14.900984 0.88443965 1.0295038 7.5835576 3.409091
 5.6860275 2.469135 1.0779585 0.43657333 0.43424606 6.295192 14.772727
 14.212419 13.316935 12.209374 0.91683066 0.9369928 8.637579 1.1363636
 60.541996 56.742653 53.516495 0.943144 0.93724453 8.824515 10.227273
 5.2795095 3.2189353 1.060353 0.3294111 0.6097035 3.0755303 13.095238
 18.943285 15.7919035 15.136913 0.9585237 0.83364123 6.7191496 9.090909
 6.040833 2.721548 1.6477972 0.6054632 0.45052528 6.2742863 18.181818
 6.0495377 2.3735824 1.0017622 0.42204648 0.39235765 3.8063924 17.045454
 19.761059 17.203041 16.222681 0.9430125 0.8705526 8.363923 13.636364
 4.606899 1.575331 0.8089428 0.51350653 0.34195042 6.33484 17.045454
 17.221336 15.175717 13.942206 0.91871816 0.881216 5.480041 3.125
 1.1889364 0.25602695 0.110621296 0.4320689 0.2153412 4.257594 20.0
 3.1428432 1.1740872 0.62533855 0.5326168 0.37357485 5.4518614 17.045454
 5.5291414 1.7186955 0.6916745 0.40244156 0.3108431 3.6049352 17.045454
 6.8571286 4.439987 3.9444535 0.888393 0.6474995 7.5272565 14.772727
 4.5656047 2.4560606 1.9727263 0.8032075 0.53794855 7.4579177 17.045454
 13.4724245 6.7453604 5.7200837 0.8480027 0.500679 4.159404 15.384615
 23.02324 23.081554 21.608011 0.9361593 1.0025328 8.768735 5.681818
 14.053453 9.041749 7.546599 0.83463925 0.64338267 9.369199 13.636364
 17.668211 15.738598 14.880107 0.94545317 0.8907862 8.564246 10.227273
 6.382614 5.5179386 4.126843 0.7478957 0.8645264 10.016036 11.25
 19.349558 17.236605 16.13563 0.93612576 0.89080095 8.292309 13.636364
 29.82868 27.730253 26.06219 0.93984675 0.9296507 7.760101 15.909091
 33.95161 36.64356 34.70768 0.94717 1.0792878 8.376755 6.818182
 19.261478 8.117525 2.6893806 0.33130547 0.42143834 3.4279602 11.363636
 8.293391 3.014574 1.3562862 0.44990972 0.36349112 3.3775673 17.045454
 20.43323 17.948612 15.304769 0.8526993 0.8784031 8.1325 9.090909
 71.12123 66.27543 61.627945 0.92987615 0.9318657 9.003702 10.227273
 22.127237 20.37845 19.342766 0.9491775 0.92096674 8.579061 17.045454
 5.0465064 1.9493518 0.84153736 0.43170112 0.38627747 3.7877188 15.277778
 4.242804 3.8810177 3.375262 0.8696848 0.91472936 8.057161 6.818182
 5.347105 3.6405725 2.921287 0.80242515 0.6808493 9.396911 14.772727
 8.999556 8.471754 7.858042 0.9275579 0.9413525 9.561564 15.909091
 27.517883 27.64664 25.898003 0.9367504 1.0046791 8.901096 10.227273
 4.3021064 2.202719 1.2392424 0.5625967 0.51200944 3.9202454 14.772727
 5.676041 3.1273906 1.4264197 0.45610538 0.550981 3.595643 11.764706
 26.263144 21.576754 20.034998 0.92854553 0.8215602 7.972876 10.227273
 2.1601562 1.3874265 1.2057313 0.8690416 0.6422806 7.8947515 13.333333
 13.075672 10.764119 9.461932 0.8790252 0.8232173 5.4922023 7.8125
 9.053683 6.4371743 3.6885257 0.5730038 0.7110006 3.9722252 15.476191
 3.2742763 1.6793252 1.0567336 0.62926084 0.5128844 8.043677 19.047619
 10.715777 9.80161 7.612572 0.77666545 0.9146896 9.092133 12.5
 36.40408 33.037716 29.436611 0.8910003 0.9075278 5.265924 8.333333
 12.496305 6.771318 5.2089067 0.76926035 0.5418656 7.3623295 12.5
 16.03192 3.2259264 1.7197702 0.53310895 0.20121898 3.9390779 15.909091
 11.331327 7.9802475 7.314238 0.91654277 0.7042641 8.824321 12.5
 2.6266544 1.1457392 0.4434306 0.38702577 0.43619716 2.6207006 15.789474
 2.6124852 0.8686494 0.27982152 0.32213402 0.33249927 2.5557537 20.3125
 8.476602 6.3394504 5.4263644 0.8559676 0.74787647 9.362391 13.636364
 7.396444 5.7341356 3.973589 0.6929709 0.7752558 7.4821563 7.142857
 13.137449 9.472732 8.876633 0.9370721 0.72104806 8.657854 12.5
 15.642969 13.750578 12.759404 0.92791766 0.8790261 8.09655 14.772727
 4.404655 4.185116 3.9592104 0.94602174 0.95015746 7.966911 17.105263
 16.66994 14.862532 14.149759 0.95204234 0.8915767 8.206362 5.681818
 16.153158 14.834706 13.989013 0.9429922 0.918378 8.467092 11.363636
 15.981815 14.602317 13.342556 0.9137287 0.91368324 7.2573147 11.363636
 11.695447 8.143332 7.4644713 0.91663605 0.6962822 8.311679 14.772727
 14.558033 12.581272 11.754312 0.9342705 0.86421514 8.444529 11.363636
 4.2886243 3.8321142 3.581239 0.9345335 0.89355326 9.637825 12.5
 19.426922 17.610588 16.606876 0.94300526 0.9065043 8.079179 5.681818
 14.537305 13.385596 12.477081 0.9321274 0.9207756 7.850847 13.636364
 77.79668 71.06886 66.214645 0.93169695 0.9135206 5.886113 7.352941
 15.944074 7.010656 5.5259867 0.7882267 0.43970293 7.496294 14.772727
 4.3115673 1.475579 0.39181903 0.26553577 0.34223726 2.406101 14.772727
 19.167477 15.560705 14.303679 0.91921794 0.81182855 7.746749 11.842105
 3.4464312 0.7145801 0.12960304 0.1813695 0.20733915 1.6049397 17.045454
 14.262433 3.5195968 0.8278909 0.23522322 0.24677394 2.1395338 15.909091
 7.5611763 5.389015 4.7044983 0.87297916 0.7127218 7.7001963 14.772727
 4.3264604 1.1988238 0.30372524 0.2533527 0.27709115 2.4685907 14.772727
 5.94409 4.980254 4.4203978 0.88758475 0.8378498 9.03083 15.909091
 3.6305046 1.5367706 0.97729146 0.6359384 0.42329395 5.371323 18.75
 3.5943305 1.4923431 0.92115015 0.6172509 0.41519362 2.7839205 15.0
 3.4847062 1.7111033 0.5098403 0.29795998 0.4910323 3.39227 18.75
 6.0098853 4.4306264 3.4900665 0.78771406 0.7372231 7.0187664 13.636364
 112.721855 119.39905 112.660126 0.94355965 1.059236 7.836265 1.1904762
 103.62971 108.14071 100.4122 0.92853284 1.04353 7.97644 1.1904762
 76.20119 76.45343 70.40536 0.9208921 1.0033103 9.167968 4.7619047
 109.47999 116.16845 109.88103 0.94587666 1.061093 7.9508486 1.1904762
 110.36027 116.54316 108.67945 0.93252534 1.0560247 7.927277 7.142857
 115.19225 121.73744 114.96977 0.94440764 1.0568197 7.9466844 1.1904762
 82.98554 80.29066 74.38641 0.92646414 0.96752584 8.816801 2.3809524
 108.52843 114.322586 106.23438 0.929251 1.0533884 7.8738837 2.3809524
 108.60871 113.27371 105.52228 0.93156904 1.0429524 6.380861 1.3888888
 112.34194 117.88849 109.18238 0.9261496 1.0493721 6.498602 6.9444447
 109.177185 114.099174 104.18506 0.9131097 1.0450826 7.7948246 4.7619047
 115.97202 120.86138 114.15716 0.94452965 1.0421598 8.032029 1.1904762
 4.887646 1.91697 1.3682631 0.7137635 0.39220718 4.4806447 12.5
 7.684711 4.50781 3.514066 0.77955055 0.58659464 6.095416 13.75
 13.157614 11.967489 11.306795 0.94479257 0.9095486 6.7941513 14.473684
 18.904917 19.235888 17.937788 0.9325169 1.0175071 6.6149335 8.333333
 37.672874 41.156635 39.758877 0.9660381 1.092474 6.663183 6.9444447
 111.62821 115.2472 108.61729 0.9424722 1.03242 6.339762 5.882353
 118.2734 112.24337 102.00862 0.90881646 0.94901615 4.5685816 8.928572
 115.917786 131.63286 120.39641 0.914638 1.1355708 3.9728532 2.0833333
 115.06259 128.44994 119.76559 0.9323912 1.1163484 5.5907564 1.6666666
 23.506218 26.486305 25.138027 0.94909525 1.1267787 5.3257484 1.6666666
 118.610916 134.7147 126.34905 0.93790096 1.1357698 5.5690384 0.0
 117.10629 132.3575 124.50575 0.9406777 1.1302339 5.624009 1.6666666
 118.19164 136.77107 122.50842 0.89571875 1.1571975 4.105084 0.0
 119.56901 134.59604 121.93318 0.90591955 1.1256766 4.587676 9.615385
 132.1434 149.69893 133.32455 0.89061797 1.1328521 4.1355186 2.0833333
 117.738815 131.47412 114.202095 0.8686279 1.1166592 3.980602 4.1666665
 1.0 26.247105 25.176353 23.04243 0.91524094 0.959205 173.43921 11.321731 177.0
