 18.872826 17.331215 15.659573 0.9035473 0.9183158 7.882389 12.5
 103.67818 93.52441 86.76322 0.9277068 0.9020645 9.157528 11.363636
 20.554401 18.063662 16.961464 0.9389826 0.8788221 8.07706 13.636364
 11.937892 10.053598 8.920555 0.8872998 0.84215856 9.517041 12.5
 95.53222 73.92378 67.84803 0.91781056 0.77380997 8.624724 13.095238
 37.328514 34.427223 31.550518 0.91644096 0.92227685 9.595876 1.1363636
 84.33929 61.91087 56.924496 0.91945887 0.7340691 9.009811 15.909091
 102.09062 79.83991 72.260765 0.9050707 0.7820494 8.8050165 17.045454
 36.131714 15.065275 5.8054914 0.38535583 0.4169543 4.846751 18.181818
 83.26588 76.95599 70.21936 0.9124613 0.9242201 6.8070817 4.4117646
 41.054527 40.570198 38.403584 0.94659597 0.9882028 8.684613 9.090909
 15.264106 14.769508 14.143739 0.95763093 0.96759737 10.7947645 11.363636
 104.61736 88.85336 82.859764 0.932545 0.84931755 9.175937 13.636364
 104.597115 99.168015 93.29297 0.9407567 0.94809514 8.973132 4.5454545
 106.563194 87.98395 81.18961 0.9227776 0.82565045 9.197699 12.5
 88.31462 73.54009 67.83943 0.92248225 0.8327058 9.108568 18.181818
 108.92651 91.33613 85.227615 0.9331205 0.83851147 9.039928 18.181818
 100.16411 86.96448 80.7831 0.92892057 0.86822 8.832476 14.772727
 0.15627958 0.02570388 0.02570388 1.0 0.16447368 4.0 75.0
 86.84507 86.38074 81.682365 0.94560856 0.99465334 9.208119 1.1363636
 24.707808 20.029018 16.691143 0.83334804 0.81063527 5.854729 12.5
 15.952818 14.58417 12.043093 0.82576466 0.91420656 8.013052 11.25
 107.402626 85.86618 79.68688 0.92803574 0.79947937 8.916733 13.636364
 59.948112 49.758865 43.836258 0.8809739 0.8300322 6.59954 11.764706
 25.174288 22.42013 19.801094 0.8831837 0.8905964 5.165521 8.928572
 11.606301 6.3158026 5.497857 0.8704923 0.54417014 8.559743 17.045454
 14.021593 11.992723 11.052434 0.92159504 0.8553039 8.426085 12.5
 96.020546 78.73897 72.22643 0.9172896 0.8200221 8.861549 15.909091
 90.378044 74.89808 69.154015 0.9233083 0.8287198 8.947238 17.045454
 35.983845 33.922928 31.79525 0.93727905 0.9427266 8.986716 2.2727273
 13.469973 10.915894 9.730903 0.89144355 0.8103872 10.275032 12.5
 3.695966 1.2765911 0.33508536 0.2624845 0.34540123 1.9383209 18.181818
 24.882166 21.734598 20.546642 0.9453426 0.87350106 9.397317 11.363636
 25.65401 26.048515 24.01491 0.9219301 1.0153779 9.874261 4.5454545
 20.14957 17.349058 15.140295 0.8726868 0.8610138 8.361458 10.227273
 88.433784 55.2208 49.133152 0.88975805 0.624431 6.5475984 10.294118
 99.63915 81.56661 70.69294 0.8666897 0.8186201 4.240153 14.583333
 79.23509 77.07696 72.02554 0.9344627 0.9727629 9.318845 3.409091
 16.002539 2.0659726 0.4568008 0.2211069 0.12910281 2.1718173 15.476191
 94.9153 83.73816 74.42671 0.8888028 0.8822409 5.402855 14.285714
 15.662571 12.56994 11.535359 0.9176941 0.8025464 8.604133 13.636364
 96.38987 82.31427 71.458786 0.86812156 0.8539722 4.224451 12.5
 102.49437 97.94541 88.624626 0.90483695 0.9556174 6.3791146 3.125
 100.033295 82.14812 75.94061 0.92443526 0.8212077 9.635853 11.363636
 50.931416 49.584175 45.81039 0.9238913 0.973548 9.035041 13.636364
 105.74905 91.18651 84.33544 0.9248676 0.8622916 9.489325 15.909091
 97.60864 90.979836 85.09182 0.93528223 0.9320879 8.922582 3.409091
 103.50142 91.13003 84.6434 0.92882013 0.8804713 9.055376 14.772727
 38.576233 35.179813 33.55354 0.9537726 0.9119556 7.7533226 7.9545455
 13.230852 9.989399 8.759353 0.8768649 0.755008 8.431544 7.5
 13.99211 11.633907 11.037419 0.9487285 0.83146197 8.122987 13.636364
 11.306068 8.554315 7.481283 0.87456256 0.75661266 8.403487 10.227273
 13.956815 12.681386 11.699156 0.92254555 0.90861607 6.8518486 13.235294
 32.434807 29.402225 27.341358 0.92990774 0.9065023 8.181231 2.2727273
 43.3132 39.48269 36.71066 0.9297912 0.91156244 9.193659 1.1363636
 13.883617 12.146839 10.965763 0.90276676 0.87490445 9.051279 6.818182
 7.215224 6.8904786 6.3854947 0.92671275 0.9549917 9.556533 4.5454545
 11.690046 9.408164 7.5708323 0.8047088 0.8048013 7.542863 12.5
 101.88915 88.00097 81.64152 0.92773426 0.8636932 9.004889 12.5
 112.927345 86.4575 80.013054 0.9254611 0.7656029 8.999551 13.636364
 7.053577 5.4513264 2.8530529 0.5233686 0.7728456 7.2410116 9.090909
 8.94229 2.919492 1.2034272 0.4122043 0.32648146 3.08455 19.318182
 95.541725 75.041664 68.78098 0.91657054 0.7854334 8.599893 15.476191
 10.755685 9.140234 8.098542 0.8860322 0.84980494 10.672731 11.363636
 107.23003 83.81349 77.35455 0.9229368 0.78162336 8.950676 14.772727
 13.017983 7.4325566 5.0484495 0.67923456 0.5709453 7.3415003 12.5
 8.777657 6.957354 6.6775713 0.95978606 0.7926209 8.474298 11.363636
 38.300552 36.227207 34.373074 0.94881934 0.9458664 9.366469 4.5454545
 97.66954 81.37775 73.58626 0.9042553 0.83319473 6.3814564 10.9375
 14.797477 8.074206 5.763253 0.7137857 0.5456475 7.595823 15.909091
 95.28288 79.78626 74.08727 0.9285718 0.83736193 8.910912 19.318182
 95.15633 87.66045 81.67419 0.9317107 0.9212257 8.98555 10.227273
 88.89759 80.9876 76.13161 0.94004023 0.91102135 9.03091 10.227273
 89.21916 81.82144 75.7661 0.92599314 0.91708374 8.991224 7.9545455
 108.55697 94.26467 86.634315 0.919054 0.8683429 7.1659894 2.7777777
 99.884254 87.67772 81.2971 0.9272264 0.87779325 9.051435 2.2727273
 3.2104545 1.0096614 0.39934772 0.39552635 0.31449175 4.0224023 14.772727
 18.997103 15.816879 15.088558 0.95395297 0.8325943 8.502701 14.772727
 20.522608 13.192513 11.387306 0.8631643 0.6428283 10.555885 12.5
 9.853515 8.901043 8.01253 0.9001789 0.90333676 5.535738 6.6666665
 100.52127 76.99856 71.07531 0.92307323 0.7659927 8.902607 15.909091
 19.72418 17.143322 15.924567 0.92890793 0.86915255 8.75574 12.5
 56.474495 51.437347 46.935886 0.9124865 0.91080666 7.141674 1.3888888
 35.462234 35.249866 33.310272 0.9449759 0.9940114 9.090587 9.090909
 102.147415 85.030106 76.11636 0.8951695 0.8324255 6.4121203 12.5
 103.531906 90.75864 84.26868 0.9284921 0.87662476 8.967471 11.363636
 91.971794 66.37302 60.07685 0.9051397 0.7216671 5.7504406 13.333333
 118.75669 96.599045 88.28998 0.913984 0.8134198 9.2574005 12.5
 91.25332 84.67004 78.672554 0.92916644 0.92785704 9.052105 3.409091
 104.49708 93.17616 87.37116 0.93769866 0.8916628 9.119075 7.9545455
 22.4793 19.866585 18.269743 0.9196217 0.8837724 9.720181 17.045454
 41.265503 36.935345 34.575886 0.93611926 0.89506584 8.522636 10.227273
 87.882996 73.21241 66.12617 0.9032098 0.8330668 8.433927 10.227273
 90.6943 86.70043 80.881035 0.93287927 0.9559634 9.155766 0.0
 19.178055 18.125795 16.276527 0.8979759 0.9451321 5.3083987 3.3333333
 101.27684 85.430244 78.08787 0.91405416 0.8435319 6.821263 14.705882
 51.224426 42.49675 39.00604 0.9178593 0.82961893 8.813322 19.318182
 102.70703 84.35968 78.251335 0.9275916 0.82136226 8.990305 14.772727
 10.91754 9.275889 8.109771 0.874285 0.8496318 10.272164 15.909091
 9.279068 6.7021017 5.29509 0.79006416 0.72228175 6.1795654 10.294118
 96.11282 89.55485 82.79631 0.9245319 0.93176794 9.07376 11.363636
 43.890285 41.74926 39.245373 0.94002557 0.95121866 9.696961 3.409091
 94.856285 86.63569 80.952446 0.93440074 0.9133363 8.946257 13.636364
 104.10269 87.815094 80.82486 0.92039824 0.843543 8.653194 11.904762
 62.366043 58.81348 55.274055 0.9398195 0.9430369 9.724252 0.0
 5.1687765 1.4837669 0.3556365 0.2396849 0.28706348 2.1730034 17.045454
 96.12305 82.41758 72.07931 0.87456226 0.8574175 5.195631 7.142857
 105.312035 90.53472 84.52469 0.9336163 0.85968065 8.945615 12.5
 92.64637 79.17389 72.665276 0.91779345 0.8545817 8.024422 6.25
 97.847145 78.59917 72.431564 0.9215309 0.80328524 8.426772 13.095238
 97.08568 89.25006 79.1863 0.8872409 0.91929173 5.177014 7.142857
 109.18207 93.76063 86.7415 0.9251378 0.8587548 8.0447235 3.75
 56.070248 58.448166 53.498135 0.915309 1.0424095 6.7326565 8.75
 108.96891 93.47662 86.546104 0.92585826 0.8578284 7.711228 18.75
 107.53312 93.26327 85.51235 0.91689205 0.86729807 7.918969 5.0
 48.884747 47.73239 43.663265 0.91475123 0.9764271 7.9935675 1.25
 103.647705 98.02076 90.697334 0.92528695 0.94571084 8.022528 3.75
 96.73544 81.99793 75.85905 0.9251336 0.8476514 7.9059305 11.25
 63.90337 42.12077 37.95027 0.90098715 0.65913224 7.0422397 15.789474
 40.453865 33.962425 30.712168 0.9042984 0.83953476 7.4244065 5.263158
 95.98577 61.418373 55.619354 0.90558165 0.6398696 7.255876 9.210526
 18.979698 17.084404 16.14728 0.94514745 0.90014094 7.3206697 7.894737
 13.721164 11.223376 10.135696 0.90308803 0.817961 7.074868 12.5
 104.4823 89.26624 79.58208 0.8915137 0.8543671 5.349412 11.666667
 93.02421 78.967766 72.07265 0.9126844 0.8488948 6.6187778 15.277778
 81.71852 77.715 70.806366 0.911103 0.9510084 6.6072183 4.1666665
 6.9154763 2.1709185 1.2578512 0.5794097 0.31392175 4.776621 16.17647
 60.010166 58.808342 53.951153 0.9174065 0.979973 6.136234 11.764706
 107.35901 104.58202 96.55659 0.9232619 0.9741336 6.1813607 2.9411764
 80.96771 72.210754 65.43922 0.9062253 0.8918463 6.154043 11.764706
 13.753705 8.102934 5.3672843 0.6623877 0.58914554 4.064059 16.17647
 101.2536 76.40282 69.64431 0.9115411 0.7545689 6.1081166 14.705882
 96.01061 81.927925 75.076454 0.91637194 0.8533216 6.2925773 11.764706
 93.825264 81.44059 69.73586 0.856279 0.8680028 3.8265178 4.1666665
 38.891857 37.627007 35.346264 0.9393855 0.9674777 6.5584197 1.4705882
 13.268426 4.4742484 1.4500766 0.3240939 0.33721018 2.3629432 17.647058
 8.541463 5.204194 4.100332 0.78788984 0.60928607 6.4296083 11.764706
 99.76532 93.57627 86.69941 0.92651063 0.93796396 5.85276 7.8125
 91.19926 86.6985 80.196495 0.9250044 0.95064926 5.7813864 4.6875
 105.15952 92.290276 84.99325 0.92093396 0.87762165 5.8968377 12.5
 13.2338085 7.237456 6.68023 0.923008 0.5468914 6.6877155 12.5
 26.732689 23.197071 21.29726 0.91810125 0.8677418 5.7433543 12.5
 50.50626 46.150887 43.317047 0.9385962 0.91376567 5.500406 6.6666665
 81.03283 71.732994 65.83936 0.9178393 0.8852338 4.909497 8.928572
 100.90352 74.87246 67.65394 0.90358907 0.7420203 4.6858573 12.5
 97.381325 89.31566 79.34345 0.8883487 0.9171744 4.2230616 13.461538
 67.43808 72.68534 64.898605 0.89287066 1.0778085 3.899776 2.0833333
 105.70915 103.401245 92.016655 0.8898989 0.97816736 3.7260392 6.25
 105.423 100.61752 89.526146 0.889767 0.9544172 3.904777 14.583333
 81.25101 79.63365 70.851006 0.88971186 0.9800943 3.883517 10.416667
 83.148 66.7273 58.573013 0.87779677 0.80251247 3.825936 12.5
 91.705444 83.62623 74.02182 0.88515073 0.9119004 3.884251 6.25
 56.01751 58.514267 51.576305 0.8814313 1.044571 3.8484316 10.416667
 1.0 63.35564 54.573227 49.801804 0.91256845 0.8613791 409.67288 11.012627 153.0
