 73.7754 70.90601 65.723045 0.92690367 0.9611065 7.886297 6.25
 2.1756554 0.72339475 0.23228966 0.32111052 0.3324951 3.3952048 14.772727
 19.2296 18.739305 17.654325 0.94210136 0.97450304 8.749209 5.681818
 15.487854 14.935101 13.947123 0.9338486 0.96431047 8.643117 2.2727273
 85.35412 82.755066 76.87212 0.9289114 0.9695498 8.612753 3.409091
 2.165758 0.5920904 0.16751522 0.28292167 0.2733872 2.3500075 18.055555
 22.968824 21.306404 18.255077 0.85678834 0.92762274 3.8616636 4.1666665
 88.925835 73.522194 67.9263 0.92388844 0.826781 8.512036 9.090909
 79.45307 77.16991 72.15749 0.93504703 0.971264 8.705423 4.5454545
 93.23514 89.50444 83.23149 0.92991465 0.9599861 8.674218 5.681818
 77.82543 70.63665 65.436935 0.9263879 0.9076294 8.537411 12.5
 2.6377103 0.7091853 0.28165787 0.39715695 0.268864 3.198732 17.857143
 2.4176788 0.56026965 0.22265719 0.39741078 0.23173866 3.8590653 17.5
 6.242006 1.782562 0.5280327 0.29622123 0.28557518 2.2733858 19.117647
 91.22342 88.4087 82.952515 0.93828446 0.9691448 8.593773 15.909091
 12.400966 10.762514 9.227844 0.8574061 0.86787707 11.071351 11.363636
 95.285095 92.523865 86.42096 0.9340397 0.9710214 8.607894 3.409091
 20.108767 5.9316306 2.8239238 0.47607884 0.29497737 4.65347 13.095238
 2.5146337 0.68496597 0.09485377 0.13847953 0.27239195 1.2201371 19.047619
 7.836111 5.2365007 4.430994 0.8461746 0.6682525 7.4617424 14.772727
 17.7365 17.087967 16.076921 0.9408328 0.9634352 8.589663 0.0
 2.6958568 0.6874255 0.15912831 0.23148444 0.25499332 2.469157 19.318182
 22.243645 9.519023 7.1336045 0.74940515 0.4279435 7.7327943 15.909091
 3.0271356 0.9384087 0.38233384 0.40742785 0.3099989 4.694227 15.0
 57.869396 54.83234 50.48258 0.9206716 0.94751877 6.846278 8.333333
 17.98052 17.721554 16.80968 0.9485444 0.9855974 7.8007894 5.681818
 4.6665835 2.0767195 0.5440581 0.26197958 0.44501925 2.715355 18.421053
 85.897736 82.085 77.14273 0.9397909 0.955613 8.572298 1.1363636
 54.78101 39.72054 37.150692 0.9353018 0.72507864 8.810648 17.045454
 1.6735766 0.58894086 0.1329395 0.22572641 0.35190555 2.5766041 20.833334
 99.44776 97.10311 89.85135 0.9253189 0.97642326 8.950782 0.0
 7.971992 7.000294 6.5059147 0.9293773 0.87811106 8.54109 9.090909
 71.56909 69.326485 64.92399 0.93649614 0.9686652 8.7165785 1.1363636
 2.0280712 0.50966114 0.10180034 0.19974123 0.25130337 1.8468925 18.181818
 2.0886812 0.9379071 0.20108323 0.21439567 0.44904274 2.0237436 18.75
 89.49187 89.079636 83.504814 0.9374175 0.9953937 7.683534 2.5
 107.429634 105.64345 97.199585 0.9200721 0.9833734 6.2546635 14.705882
 31.778337 29.483152 27.333296 0.9270819 0.92777514 9.3267145 3.409091
 117.75464 114.50442 107.611694 0.93980384 0.9723984 8.686065 0.0
 1.6214962 0.53140944 0.19729857 0.3712741 0.32772782 2.046318 26.470589
 2.7289417 0.6320878 0.19247442 0.30450583 0.2316238 2.9901807 19.047619
 106.30218 102.93696 96.59251 0.93836564 0.96834296 8.720909 3.409091
 86.90357 83.932465 77.66603 0.9253395 0.9658115 8.607532 11.363636
 1.584586 0.5126723 0.13571613 0.26472294 0.32353705 2.4328065 16.25
 3.2282212 0.7837206 0.11758053 0.15002863 0.24277167 1.3544931 22.368422
 1.3588649 0.5090166 0.17200778 0.3379218 0.37458953 3.1449723 26.666666
 3.0441916 1.1407578 0.5458453 0.4784936 0.3747326 6.024831 10.227273
 3.5914183 1.3465953 0.32166037 0.23886938 0.37494802 2.6388924 15.909091
 96.95167 92.183876 86.183556 0.9349092 0.950823 8.853766 2.2727273
 18.333698 17.871538 16.821772 0.9412605 0.9747917 8.607608 2.2727273
 2.9445221 0.58422565 0.14451112 0.24735495 0.19841103 2.3831227 15.277778
 16.591667 4.414228 1.506315 0.34124085 0.2660509 3.3948157 14.772727
 3.2609608 0.9232129 0.109579846 0.11869402 0.28311068 1.080945 17.045454
 1.3569667 0.32280228 0.05185865 0.16065143 0.23788519 1.9193089 23.333334
 96.67778 87.696014 81.192116 0.9258358 0.90709585 8.593139 13.636364
 21.337162 4.624878 0.7859756 0.16994515 0.21675226 1.3392789 18.181818
 17.147945 16.573074 15.577369 0.9399203 0.9664757 8.7155285 7.9545455
 77.650795 73.482315 68.69609 0.9348656 0.9463176 8.790839 7.9545455
 0.94013387 0.16707374 0.08212982 0.49157828 0.17771271 5.113535 21.153847
 17.950085 17.583206 16.402367 0.93284273 0.9795612 8.645751 4.5454545
 1.7594225 0.6075349 0.16539358 0.27223718 0.34530357 2.2898233 17.5
 3.2601302 0.69549304 0.10718051 0.15410723 0.21333292 1.3723098 14.285714
 3.8151445 0.89240545 0.20245142 0.22686037 0.2339113 1.5611764 14.772727
 1.8161542 0.40862224 0.083228126 0.20367987 0.22499312 1.6375804 23.61111
 5.3728275 0.7335395 0.16985892 0.23156069 0.13652766 2.764597 17.045454
 4.7636185 1.5842164 0.2592489 0.16364488 0.33256575 1.76354 13.636364
 39.28846 11.901429 1.3896477 0.1167631 0.3029243 1.0264639 17.045454
 102.13645 99.1166 92.84735 0.93674874 0.9704332 8.710712 3.409091
 101.06017 98.39534 92.6025 0.94112694 0.9736312 8.688092 2.2727273
 24.737019 24.47913 22.90474 0.9356844 0.9895748 8.682671 2.2727273
 3.8180678 1.084276 0.18468091 0.17032649 0.28398553 1.9817302 18.75
 20.321444 19.695278 18.413813 0.93493533 0.96918696 8.538603 3.5714285
 77.94059 73.86662 69.139656 0.9360067 0.9477299 8.63486 7.9545455
 22.509298 22.005991 20.579977 0.9351988 0.9776401 8.671957 3.409091
 5.7879815 1.4319074 0.53645146 0.37464118 0.2473932 3.668285 19.318182
 83.8561 79.08465 73.73518 0.9323577 0.9430995 7.866999 3.75
 54.47515 48.520157 45.11673 0.92985535 0.89068425 7.12321 12.5
 109.389 105.318535 99.24536 0.9423352 0.96278906 7.3617277 6.5789475
 89.51097 79.98034 75.20931 0.9403475 0.89352554 7.40176 11.842105
 2.2837718 0.79592687 0.29683563 0.37294334 0.3485142 1.6157407 15.384615
 2.9206357 1.4813731 1.0259315 0.6925545 0.5072091 4.7852182 17.307692
 20.177095 19.12121 17.067112 0.89257497 0.9476691 5.077129 5.357143
 34.173607 9.261035 2.3390899 0.25257328 0.2709996 1.9032613 11.538462
 79.429855 70.51291 60.94668 0.8643336 0.8877381 3.7841184 10.416667
 1.0 36.613155 32.69004 29.879744 0.91403204 0.8928496 262.3962 11.685662 84.0
