 11.669726 11.064185 10.242525 0.9257369 0.9481101 9.824517 9.090909
 18.625202 15.317341 14.473455 0.94490653 0.82239866 9.926151 11.363636
 4.5693207 3.1758702 2.9481452 0.92829525 0.695042 7.9422874 14.285714
 1.9446579 0.4508939 0.12709896 0.2818822 0.23186284 1.690409 20.238094
 17.367718 17.49189 16.657656 0.95230734 1.0071496 9.367663 3.409091
 0.10711858 0.035236374 0.017618187 0.5 0.32894737 2.0 75.0
 14.119338 13.328521 12.580318 0.9438646 0.94399047 10.073509 1.1363636
 17.687891 13.660959 12.926574 0.94624203 0.7723339 9.873761 9.090909
 1.8680872 0.4920271 0.105962016 0.21535808 0.26338553 1.3440892 13.75
 14.821164 14.916934 14.114174 0.94618464 1.0064617 10.040123 1.1363636
 2.0001082 0.5731026 0.0890422 0.1553687 0.28653577 1.9625894 16.666666
 5.0165553 1.5252163 0.5618527 0.36837575 0.3040366 3.1397412 15.789474
 12.590962 12.03909 10.703171 0.88903487 0.9561692 9.6099 10.227273
 82.230255 81.38406 77.35799 0.95052993 0.98970944 9.935663 3.409091
 4.297745 3.554828 3.2936175 0.9265196 0.8271378 8.224624 10.526316
 1.3041532 0.40291217 0.063382596 0.1573112 0.30894545 1.084612 21.666666
 22.418015 15.623753 14.104948 0.90278876 0.69692844 9.315466 12.5
 2.3423796 0.7572507 0.2507739 0.33116364 0.32328266 4.5936093 20.588236
 19.781952 21.094574 19.237055 0.9119432 1.0663545 9.837896 5.681818
 2.354873 0.97410375 0.5070196 0.5204986 0.41365448 6.5150623 17.857143
 9.861802 9.073572 8.563755 0.94381297 0.92007244 9.80667 7.9545455
 20.371784 20.97142 19.971666 0.9523278 1.0294346 10.761777 7.9545455
 16.879122 16.17499 15.2880335 0.945165 0.95828384 9.856382 7.9545455
 22.975468 23.294886 21.823807 0.93684965 1.0139025 10.023938 6.818182
 9.742953 8.031317 7.403898 0.9218784 0.82432055 9.57309 9.090909
 11.888245 11.023932 10.323171 0.9364327 0.92729694 8.597963 7.9545455
 3.741213 2.474168 1.8017364 0.7282191 0.6613278 8.006047 18.421053
 2.92451 0.6879586 0.15707444 0.22831962 0.23523892 1.8709061 15.909091
 1.5245357 0.5742606 0.44113663 0.768182 0.376679 6.5897126 17.045454
 1.8920523 0.79390365 0.5869425 0.739312 0.41959924 8.564054 20.833334
 22.55665 23.456388 21.500336 0.9166089 1.039888 9.34047 7.894737
 3.1491723 1.2861433 0.89381397 0.6949568 0.40840676 4.3399644 18.421053
 4.5908003 3.5767674 3.2216442 0.9007139 0.77911633 10.613799 15.476191
 3.3045876 0.9048086 0.4317488 0.47717142 0.2738038 6.944424 22.058823
 2.1464803 0.5101942 0.08151684 0.15977609 0.23768872 1.2155991 19.444445
 21.799137 21.138617 19.642265 0.9292124 0.96969974 10.18895 5.681818
 4.0728984 2.224428 1.3119583 0.5897958 0.54615355 3.940534 15.909091
 6.70514 2.2159233 0.9306215 0.4199701 0.33048126 5.8092775 15.476191
 1.7857023 0.43293482 0.07253299 0.1675379 0.24244513 1.7107261 20.833334
 2.3585827 0.70357776 0.21615045 0.30721614 0.2983053 3.0758855 15.625
 1.8441664 0.37935826 0.10551689 0.27814573 0.20570718 2.284154 18.055555
 88.5582 84.86199 80.21307 0.9452179 0.9582624 9.913624 1.1363636
 90.73464 67.682045 63.776787 0.9423 0.74593383 9.784548 12.5
 4.925844 1.4783906 0.41347066 0.27967617 0.30012938 2.7405179 15.909091
 16.517332 13.221405 11.472424 0.8677159 0.8004564 3.7409103 10.714286
 11.405257 7.9956107 7.026638 0.8788119 0.70104605 9.540019 14.772727
 5.7104354 1.4370131 0.36462578 0.25373867 0.25164685 2.744503 19.318182
 93.37936 90.50683 85.99889 0.95019233 0.96923804 9.726023 0.0
 22.09404 8.88442 6.373657 0.71739703 0.4021184 8.294321 15.909091
 24.305061 25.203093 19.282827 0.7650977 1.0369483 9.091061 6.818182
 2.638428 1.0780675 0.5827025 0.5405065 0.40860224 3.7900105 19.444445
 2.571725 0.80954826 0.27863938 0.3441912 0.31478804 3.8498807 17.857143
 11.479298 8.791392 7.27382 0.8273797 0.7658476 9.206687 7.9545455
 1.5633816 0.40425366 0.10832616 0.2679658 0.25857648 2.8513389 20.0
 1.4790372 0.59449077 0.28189942 0.4741864 0.40194446 4.692145 21.428572
 126.33129 134.34096 121.89399 0.9073479 1.0634022 4.06091 2.0833333
 2.1653996 0.5402067 0.14913744 0.27607477 0.24947207 3.6502566 21.25
 109.856224 105.45255 98.789154 0.93681145 0.9599142 9.831409 6.818182
 6.323564 3.3011694 1.6631191 0.50379694 0.5220425 6.164395 14.772727
 5.4297175 4.156871 3.8189528 0.91870856 0.7655777 8.47853 12.5
 3.796223 1.4568769 0.30318743 0.20810778 0.3837701 2.313667 17.857143
 1.6251054 0.31720242 0.1798575 0.5670118 0.19518882 5.828247 22.058823
 117.626915 118.55089 108.73692 0.91721725 1.0078552 5.37494 5.357143
 119.41294 116.15806 109.07057 0.9389841 0.9727426 9.140439 1.1363636
 4.3298855 1.941866 0.683293 0.35187444 0.44847974 4.674918 14.772727
 1.6548579 0.51819223 0.3729218 0.71965915 0.31313398 11.21347 21.875
 2.6694312 0.6552782 0.08431261 0.1286669 0.24547485 0.9885458 18.75
 2.2008667 0.61594605 0.16001226 0.2597829 0.27986524 3.339788 19.444445
 12.138057 12.108195 11.109554 0.91752356 0.9975399 9.743198 7.9545455
 1.5489646 0.44377285 0.16288012 0.36703488 0.28649643 2.4335911 27.083334
 4.064889 0.9761321 0.18579397 0.1903369 0.24013746 0.9839457 17.857143
 111.797226 108.790794 102.520004 0.9423592 0.9731082 9.505753 6.818182
 5.0872602 1.3069476 0.3973111 0.30399925 0.25690597 3.181776 15.909091
 10.947843 8.253712 7.6408625 0.9257487 0.75391215 10.099218 11.363636
 3.515028 0.8964864 0.114128456 0.12730639 0.2550439 1.1701915 14.772727
 14.414542 14.053928 13.092363 0.93158036 0.9749826 9.706539 3.409091
 1.1951274 0.26709586 0.07867402 0.2945535 0.22348736 2.4563847 25.0
 5.25906 1.0572182 0.100567766 0.09512489 0.20102797 0.89417136 23.529411
 108.57798 93.37934 46.558357 0.49859375 0.860021 6.177798 3.409091
 1.2082665 0.24662803 0.06189513 0.2509655 0.20411724 2.5472207 25.0
 2.894539 1.5068431 1.0104617 0.67058194 0.52058136 6.597239 20.588236
 3.2880838 0.86206424 0.21437697 0.24867865 0.2621783 1.9560812 19.318182
 2.448209 0.6202367 0.1557416 0.25110027 0.25334305 2.000417 18.181818
 7.658497 6.9213347 6.5826707 0.95106953 0.90374583 9.642423 13.636364
 18.22944 18.315569 17.418036 0.95099616 1.0047247 9.574074 10.227273
 1.9328772 0.5405137 0.07827255 0.14481142 0.27964202 1.356905 18.181818
 1.400106 0.32278407 0.055407267 0.17165428 0.2305426 1.5400044 23.529411
 6.840567 5.973023 5.534699 0.9266161 0.8731766 10.921697 14.772727
 93.28814 91.66044 85.759735 0.93562424 0.98255193 9.895093 1.1363636
 15.13383 15.020492 13.616432 0.9065237 0.9925109 10.30488 7.9545455
 2.864363 0.63641346 0.14326693 0.22511612 0.22218324 2.2202895 17.045454
 16.446762 16.03325 14.653181 0.9139246 0.97485757 10.162786 2.2727273
 8.27537 7.5549474 7.0215983 0.92940396 0.91294384 9.712991 12.5
 94.92272 92.9925 88.057724 0.9469336 0.97966534 9.921231 1.1363636
 14.181411 14.165704 12.777559 0.9020066 0.9988924 10.372079 10.227273
 18.578112 18.874157 17.930794 0.9500182 1.0159352 9.695463 0.0
 11.7062645 11.896071 11.273843 0.9476946 1.0162141 10.060603 2.2727273
 12.529875 12.130195 11.308541 0.9322638 0.9681018 10.127873 6.818182
 14.209068 13.622651 12.98261 0.9530164 0.9587293 9.811058 4.5454545
 1.0418271 0.5072379 0.34703082 0.6841579 0.48687342 3.2634811 25.0
 1.1919156 0.2038069 0.054565378 0.26773077 0.17099105 2.6294935 23.61111
 19.038483 18.898987 17.951365 0.94985855 0.992673 9.764535 1.1363636
 6.5194416 5.457676 4.973091 0.9112104 0.83713853 9.942439 12.5
 15.515841 15.011394 14.047667 0.9358003 0.9674883 9.62796 5.681818
 22.122322 21.386786 20.096384 0.93966365 0.9667514 9.935735 0.0
 11.161988 10.030536 9.3407755 0.931234 0.8986334 9.6237 10.227273
 10.472736 9.49455 8.971701 0.9449316 0.9065969 9.6708 9.090909
 20.08638 20.027014 19.10811 0.9541169 0.9970444 9.877183 0.0
 1.4256972 0.42500737 0.13740295 0.32329544 0.29810494 3.5221007 20.588236
 11.098778 9.588083 8.630969 0.90017664 0.8638865 5.361739 10.714286
 2.9407153 0.6981551 0.10144448 0.14530365 0.23740996 1.5276477 18.181818
 13.861023 13.039124 12.317709 0.9446731 0.9407043 10.081601 4.5454545
 2.8945823 0.5532803 0.10349067 0.18704925 0.19114341 1.6495198 20.238094
 2.012008 0.6368658 0.31472993 0.49418563 0.31653243 6.5046897 17.105263
 1.0494747 0.48205596 0.16403888 0.34029013 0.4593307 4.5329137 19.642857
 1.6808667 0.46565875 0.14183672 0.30459368 0.2770349 2.2009223 20.0
 2.2773674 0.54142666 0.18643688 0.34434372 0.23774233 4.926804 17.5
 14.953807 13.57934 12.200374 0.8984512 0.90808576 9.121412 13.888889
 4.5326223 1.3903081 0.34969473 0.2515232 0.3067337 2.510066 19.736841
 3.8538835 1.368606 0.65057236 0.47535405 0.35512388 5.5745416 17.5
 8.70659 4.577977 3.0891254 0.6747796 0.52580595 5.104219 7.6923075
 4.315523 1.2869071 0.3388498 0.2633056 0.29820418 2.2709324 12.5
 97.1126 79.21714 69.53254 0.8777461 0.8157246 4.6627645 10.714286
 3.6780987 0.9102339 0.4101739 0.4506247 0.24747403 3.8460376 12.5
 74.9337 46.90571 41.404903 0.8827264 0.6259628 4.520256 11.538462
 98.968704 84.98512 77.24927 0.90897405 0.858707 4.454137 1.9230769
 3.8141434 1.0579273 0.25554642 0.24155389 0.27736953 1.1741266 14.583333
 2.3422024 0.5467132 0.15718211 0.2875038 0.23341839 1.4942982 16.666666
 1.0 18.782831 16.511328 14.732103 0.8922422 0.87906486 135.96506 13.375963 128.0
