 7.675617 1.8198256 0.31755438 0.17449714 0.23709176 1.942959 18.181818
 21.80459 18.108763 16.619612 0.9177663 0.83050233 8.589836 11.363636
 34.95911 31.58339 26.512106 0.83943194 0.903438 4.711292 0.0
 10.80776 8.940889 8.182155 0.9151388 0.8272657 7.8899956 9.090909
 68.366295 46.26714 42.22947 0.91273135 0.6767536 8.24665 14.772727
 63.083557 62.607914 59.315353 0.94740987 0.99246013 8.230722 5.681818
 3.9616516 2.8157785 2.5628986 0.91019183 0.71075875 6.3571134 17.857143
 8.261236 2.6349072 1.6433777 0.6236947 0.3189483 5.138824 19.318182
 9.045958 5.370949 5.0520616 0.9406274 0.5937403 9.252779 13.636364
 2.400185 0.6547362 0.17249507 0.26345733 0.27278575 2.6816983 23.4375
 31.551031 31.594717 29.10156 0.9210895 1.0013846 8.731561 12.5
 89.64967 74.464874 65.97172 0.8859441 0.83062077 4.16805 11.538462
 12.253544 9.048457 8.535914 0.9433558 0.738436 8.589541 10.227273
 10.789004 8.385155 6.9936905 0.8340562 0.7771945 9.022329 13.636364
 14.402569 13.267406 12.413301 0.9356239 0.9211833 8.62669 7.9545455
 25.546797 24.287132 22.314026 0.91875917 0.9506919 8.817541 10.227273
 7.1255007 6.6854887 6.26761 0.9374947 0.9382482 8.629365 6.818182
 14.4593725 9.78066 9.114731 0.9319137 0.67642355 8.329832 18.181818
 58.729553 57.477375 54.278725 0.9443494 0.97867894 9.010696 11.363636
 21.935246 16.356562 15.321515 0.93671983 0.74567485 8.389823 17.045454
 58.590305 47.018097 43.95164 0.9347813 0.80248934 8.775905 14.772727
 83.51389 81.76793 76.75741 0.93872267 0.97909373 7.887572 1.1904762
 10.985089 10.797172 10.019612 0.92798495 0.98289335 5.778077 13.157895
 25.089186 18.949215 17.39236 0.9178408 0.7552742 8.786148 13.636364
 7.0227375 6.616728 6.123117 0.92539954 0.9421864 8.078908 9.090909
 11.823913 9.708435 9.008352 0.9278892 0.8210848 8.647401 14.772727
 40.814556 34.637924 31.275324 0.90292144 0.8486659 8.469442 12.5
 12.812843 8.934752 8.188868 0.9165187 0.69732785 8.435565 19.318182
 12.90348 10.016539 9.210591 0.9195383 0.77626646 8.76348 15.909091
 9.5207815 7.8952394 7.4692106 0.9460398 0.8292638 8.720548 13.636364
 6.200072 5.741884 5.335837 0.92928326 0.92609966 8.290557 11.363636
 13.854102 11.997823 11.230032 0.9360059 0.8660123 8.224085 7.9545455
 20.0099 20.120384 18.87965 0.93833447 1.0055215 8.758078 2.2727273
 6.971003 5.4815755 5.0452795 0.92040676 0.7863396 7.9468794 10.227273
 29.895676 29.123388 27.478928 0.94353473 0.9741672 7.6773334 10.227273
 14.466913 13.760388 12.779666 0.9287286 0.9511627 8.694885 5.681818
 11.650136 8.478232 7.843064 0.9250824 0.7277368 8.668332 18.181818
 23.539627 21.044392 19.69018 0.93564975 0.8939985 8.594084 10.227273
 19.416086 18.952751 17.745052 0.9362784 0.9761365 8.830756 0.0
 17.28595 13.773543 12.178375 0.8841861 0.79680574 7.8506083 11.363636
 38.23244 34.42679 32.361156 0.93999934 0.90046 8.44264 7.9545455
 64.581985 43.293003 40.168434 0.9278274 0.6703572 8.514145 13.636364
 14.955914 14.383823 13.470866 0.93652886 0.9617483 9.046078 7.9545455
 21.013243 20.752277 19.594412 0.9442054 0.98758096 8.659815 7.9545455
 9.759737 8.7124 7.7556925 0.89019006 0.89268804 8.849469 15.909091
 21.361546 19.89506 18.56885 0.93333966 0.9313493 8.056452 4.7619047
 23.217674 23.864727 22.596169 0.9468438 1.027869 8.955015 3.409091
 17.168606 11.306072 10.473369 0.92634904 0.6585318 8.29917 12.5
 34.626335 29.720198 26.629986 0.89602315 0.85831195 9.915883 3.409091
 20.508902 14.139726 6.929355 0.4900629 0.68944335 3.4285207 15.909091
 21.821232 20.003578 17.254694 0.8625804 0.9167025 3.691842 6.25
 10.943169 9.291608 8.503352 0.9151647 0.8490784 8.725827 12.5
 15.713065 14.416209 13.300092 0.92257893 0.9174664 7.512989 7.5
 8.725376 8.627778 8.1147785 0.9405409 0.98881453 8.694145 10.227273
 9.020612 7.5892673 6.951687 0.9159893 0.84132504 8.3991785 9.090909
 30.601698 29.98052 28.159327 0.93925405 0.9797012 9.148516 2.2727273
 10.712427 9.205221 8.586818 0.9328204 0.85930306 8.244112 15.909091
 6.274634 3.355138 2.6394224 0.7866807 0.5347146 6.6427846 12.5
 20.841938 20.052708 18.738817 0.9344782 0.9621326 9.251616 7.9545455
 13.183214 11.284182 10.634537 0.94242865 0.8559508 8.436363 9.090909
 17.490917 15.77388 14.730392 0.9338471 0.9018326 8.568668 12.5
 9.991075 7.2396426 6.0506377 0.8357647 0.724611 8.792994 13.636364
 20.238535 19.300386 17.225397 0.89248973 0.9536454 4.7519274 1.7857143
 23.476992 22.634188 21.373533 0.94430304 0.9641009 8.732739 4.5454545
 45.35499 38.04757 34.06596 0.8953518 0.83888394 4.328771 17.857143
 8.44248 3.982333 2.8312502 0.7109527 0.4717018 4.064638 12.5
 33.26981 30.107513 28.422716 0.9440406 0.90495 8.357323 11.363636
 14.661321 13.118943 12.224744 0.9318391 0.89479953 8.524845 12.5
 4.4805965 3.7798884 3.5255632 0.93271625 0.8436128 7.942282 11.904762
 10.70602 5.474964 5.0978885 0.93112725 0.5113912 8.561734 18.181818
 19.164326 18.632889 17.43568 0.93574756 0.9722695 8.610486 12.5
 17.587843 17.694048 16.5249 0.9339243 1.0060385 9.269378 5.681818
 9.319109 8.719996 8.166923 0.93657404 0.9357114 8.586874 7.9545455
 60.397217 47.28128 44.16058 0.9339971 0.7828387 8.894736 18.181818
 66.4738 65.838196 61.799583 0.9386585 0.99043834 8.440779 11.363636
 12.177822 11.932475 11.219544 0.9402529 0.9798529 8.407839 6.818182
 6.043073 4.680443 4.1777368 0.89259434 0.77451366 8.224343 11.363636
 15.740371 15.684627 14.749733 0.9403942 0.99645853 8.233228 11.363636
 1.8345505 0.6746088 0.37851644 0.56109023 0.3677243 7.5098357 20.588236
 3.613181 1.5643222 0.7216733 0.4613329 0.43294877 3.626163 15.789474
 2.5892692 0.5190376 0.18625681 0.35885033 0.2004572 4.405065 17.045454
 15.772288 15.26285 14.504348 0.95030403 0.96770036 8.545871 9.090909
 7.9254174 5.3955364 5.0166907 0.9297853 0.68078893 8.472684 18.181818
 8.955152 6.5102625 5.9350557 0.9116461 0.72698516 8.715103 13.636364
 104.69313 93.12844 87.11688 0.93544865 0.88953733 8.5902405 10.227273
 48.5744 47.099964 44.29722 0.9404937 0.9696458 8.652333 1.1363636
 82.84968 48.443935 43.29336 0.89367974 0.58472085 8.138363 14.772727
 9.759017 8.996839 8.429601 0.9369514 0.9219001 8.646904 7.9545455
 17.777351 15.474549 14.38391 0.9295205 0.87046427 9.039579 12.5
 26.51256 24.79423 22.640543 0.9131376 0.935188 6.7942667 8.333333
 21.295187 21.517744 20.488184 0.9521529 1.0104511 7.7977853 3.409091
 19.830313 18.841877 17.958666 0.953125 0.9501553 8.612676 7.9545455
 15.674263 14.17854 13.286569 0.93709004 0.90457463 8.757329 9.090909
 21.099789 20.208553 18.79018 0.9298132 0.95776093 8.20911 6.818182
 18.889008 15.671374 13.758369 0.87793 0.82965577 6.6840806 12.5
 5.753157 3.2792041 2.994345 0.91313165 0.5699834 8.044122 18.181818
 19.043177 18.573101 17.425953 0.93823606 0.9753152 8.625422 5.681818
 17.754269 15.548728 14.366359 0.92395717 0.8757741 8.514859 14.285714
 11.130385 9.99324 9.362145 0.9368478 0.8978341 8.079244 11.363636
 25.231457 25.890013 24.293411 0.93833137 1.0261005 8.352264 5.681818
 13.462679 5.500794 3.3683226 0.6123339 0.4085958 7.4018207 15.909091
 27.137758 26.77083 24.790916 0.92604214 0.98647904 8.190861 1.1363636
 3.1368852 0.86797535 0.35913157 0.4137578 0.27669975 3.0904706 20.454546
 31.525566 13.630895 9.37112 0.68749124 0.43237588 6.816752 13.636364
 15.91705 5.8771505 4.4284997 0.75351137 0.36923614 8.490154 14.772727
 11.364667 9.116641 8.734402 0.95807236 0.8021917 8.808203 7.9545455
 5.067211 0.98097414 0.3171474 0.32329842 0.19359252 2.764337 18.181818
 8.992779 6.782501 6.101766 0.89963365 0.7542164 8.3894005 10.227273
 55.28679 39.920147 37.40061 0.9368857 0.7220558 8.0221815 14.772727
 88.38095 54.46351 49.15278 0.90249014 0.61623585 8.230756 12.5
 11.145383 9.682564 8.63757 0.8920747 0.86875117 8.56817 13.636364
 8.258498 7.584648 7.174384 0.9459086 0.9184053 8.8779745 12.5
 43.833683 42.044323 39.236298 0.93321276 0.95917845 8.808348 1.1363636
 30.409117 30.23265 28.506407 0.9429014 0.99419695 8.843781 9.090909
 38.383408 37.507896 35.129234 0.93658245 0.9771903 8.428566 13.636364
 25.083023 24.872684 23.579344 0.94800156 0.9916143 8.448601 4.5454545
 93.51538 97.29803 91.54716 0.9408943 1.0404494 9.047658 0.0
 9.314387 7.811775 7.375745 0.94418293 0.8386784 8.612748 9.090909
 17.297394 17.718853 16.821653 0.94936466 1.0243655 8.660373 6.818182
 107.17176 106.359245 100.135 0.941479 0.9924186 8.707316 0.0
 11.873452 10.386195 9.61811 0.92604744 0.87474096 8.434555 13.636364
 18.798811 18.581469 17.57702 0.9459436 0.9884385 8.703385 1.1363636
 17.485495 17.356337 16.025873 0.9233442 0.99261343 8.886447 6.818182
 64.42838 54.421333 50.73601 0.9322817 0.8446795 8.375227 9.090909
 41.47178 37.159096 34.871094 0.93842685 0.89600915 8.740144 10.227273
 23.497353 22.005613 20.693224 0.9403611 0.9365146 8.613222 9.090909
 18.862503 18.489986 17.45626 0.94409263 0.980251 8.69777 4.5454545
 9.4046335 7.6149883 7.04839 0.92559433 0.80970603 8.551996 15.909091
 24.87852 23.652906 22.319395 0.94362164 0.9507361 8.90016 3.409091
 55.42803 57.54477 54.586903 0.94859886 1.038189 8.946298 5.681818
 62.002834 52.33891 44.651623 0.85312486 0.8441373 7.95292 4.5454545
 22.892958 22.097118 20.69899 0.93672806 0.9652364 9.819121 11.363636
 7.765067 6.9602494 6.359445 0.9136806 0.8963541 8.915005 6.818182
 34.47563 36.143955 34.772346 0.96205145 1.0483915 8.720305 0.0
 14.640318 10.561419 8.748795 0.828373 0.72139275 8.488094 17.045454
 1.5334046 0.73180133 0.15387121 0.21026365 0.47723955 1.843567 16.666666
 8.364283 5.9149485 4.992791 0.84409714 0.7071675 7.9565597 12.5
 18.643454 18.976837 18.185902 0.958321 1.0178821 8.651946 6.818182
 27.064781 27.97227 26.815739 0.9586544 1.0335302 8.885899 6.818182
 99.4118 99.37158 93.68016 0.9427259 0.99959546 8.388013 1.1363636
 10.24775 8.86422 8.12409 0.9165037 0.8649918 8.850036 15.909091
 47.986206 32.039234 29.406464 0.9178267 0.6676759 8.656381 15.909091
 11.223028 10.022768 9.371382 0.93500936 0.89305377 8.6045265 7.9545455
 27.068325 20.19724 18.607399 0.92128414 0.74615777 9.143067 18.181818
 9.771616 5.4404197 4.2987423 0.790149 0.55675745 6.1741266 15.909091
 7.31881 6.469979 5.793938 0.89551115 0.88402057 9.050456 12.5
 65.18399 62.612972 58.607563 0.93602914 0.9605575 8.625539 9.090909
 100.19306 99.13889 93.31132 0.9412181 0.98947865 8.590874 12.5
 24.276985 23.753836 22.40089 0.9430431 0.9784508 8.982884 13.636364
 95.84255 93.252716 88.16723 0.9454656 0.9729782 8.617876 1.1363636
 17.52454 14.905822 13.758029 0.922997 0.85056853 8.433802 10.227273
 110.37709 96.079636 89.6266 0.9328366 0.8704672 8.59897 15.909091
 1.9034462 0.56147444 0.15205534 0.27081433 0.29497784 1.9756596 17.857143
 19.028929 11.774642 10.683206 0.9073062 0.61877584 8.533884 14.772727
 10.623819 9.572884 8.659977 0.9046362 0.9010774 9.052484 5.681818
 78.74068 33.682716 29.023737 0.86168045 0.42776766 7.821671 15.909091
 17.391832 16.30126 14.918779 0.9151918 0.937294 8.851966 9.090909
 33.922142 30.293703 28.354343 0.93598145 0.89303625 8.45808 4.5454545
 20.6442 20.108068 18.592714 0.9246394 0.97403 9.610737 5.681818
 11.157804 6.300326 5.2099524 0.8269338 0.56465644 7.1843214 14.772727
 8.632642 6.854435 6.4482393 0.94073975 0.7940136 8.933572 11.363636
 6.8278666 6.0567737 5.6741495 0.93682706 0.8870668 7.988077 12.5
 14.244712 9.1373625 7.286118 0.7973984 0.6414565 7.4300723 12.5
 31.111944 24.560713 23.315514 0.9493011 0.7894304 7.4236093 14.473684
 56.10383 53.38377 49.454014 0.92638665 0.9515174 7.2449813 13.888889
 5.0513177 3.1240044 2.2355566 0.7156061 0.6184533 7.3876095 17.1875
 91.55342 96.05208 88.14403 0.9176692 1.0491369 6.055547 1.5625
 80.070465 83.15383 76.54826 0.9205621 1.0385082 6.100641 1.5625
 15.722405 13.469133 12.054042 0.89493823 0.856684 5.05141 10.714286
 1.0 26.777308 23.33272 21.51333 0.92202413 0.87136173 190.06566 10.635643 169.0
