 16.842186 16.64276 15.471581 0.9296283 0.98815906 6.7017055 7.352941
 18.04918 15.2802 13.440746 0.87961847 0.846587 8.920429 11.363636
 125.1812 127.262215 122.45231 0.96220475 1.016624 8.290302 3.409091
 103.891426 104.75119 100.30218 0.9575278 1.0082756 8.319793 3.409091
 9.686892 9.118251 8.589932 0.9420592 0.94129795 8.621041 11.363636
 89.84253 85.85329 81.02299 0.9437378 0.9555974 6.639803 5.5555553
 108.19042 107.877 103.7193 0.96145886 0.9971031 8.45489 1.1363636
 19.481768 19.515982 18.841724 0.965451 1.0017562 8.320283 4.5454545
 6.739223 5.2211323 4.947634 0.9476171 0.77473795 8.785024 10.227273
 8.082431 5.8637977 5.4354115 0.9269439 0.7254993 8.193349 13.636364
 83.01286 81.73287 76.143 0.931608 0.9845809 5.4193954 8.333333
 14.371609 12.79385 11.64512 0.91021234 0.890217 8.232311 7.9545455
 91.81886 91.76075 86.60488 0.9438119 0.99936706 6.2374053 14.705882
 9.596843 8.340378 7.884539 0.9453456 0.8690751 9.330579 12.5
 16.835945 3.9308043 1.0200452 0.25950035 0.23347689 1.9462258 10.227273
 5.5305653 4.6681023 4.4457555 0.9523689 0.8440552 7.7961497 4.5454545
 2.8301728 1.1454728 0.5742527 0.50132376 0.40473598 3.3590453 20.0
 106.82972 109.97308 105.697685 0.96112317 1.0294241 8.517916 2.2727273
 26.750948 27.140173 26.153154 0.9636326 1.0145499 8.441022 3.409091
 5.124152 1.6733736 0.32174793 0.192275 0.32656595 1.7061994 15.909091
 87.4759 69.67986 62.763947 0.90074724 0.7965607 4.5552444 9.615385
 9.360664 7.5439324 7.2232523 0.9574917 0.8059185 8.14084 13.636364
 14.093 13.189368 11.133117 0.84409785 0.9358807 6.691808 11.363636
 96.95952 91.038795 85.98401 0.9444766 0.9389361 8.377136 9.090909
 15.254208 3.2300816 1.4963486 0.46325415 0.2117502 4.321311 13.636364
 11.6621 5.8468165 5.1285763 0.87715703 0.50135195 7.320463 18.181818
 92.82464 73.16554 70.391235 0.96208173 0.78821254 8.044408 12.5
 15.107462 5.8127184 4.3251615 0.74408585 0.3847581 6.8453813 15.909091
 10.907523 10.786304 10.246548 0.94995904 0.98888665 8.579956 14.285714
 95.31819 97.30283 93.57582 0.9616968 1.0208212 8.267775 7.9545455
 5.517156 3.2410526 2.8312824 0.8735688 0.5874499 6.1816487 13.333333
 14.573893 12.83862 11.852625 0.92320085 0.8809328 5.3114066 11.666667
 12.186349 9.909419 8.772278 0.88524646 0.8131574 5.673466 12.5
 82.925896 83.705315 76.09923 0.90913254 1.009399 4.700452 1.9230769
 3.3846557 0.8873564 0.35527486 0.40037447 0.26217034 3.3803291 15.0
 13.696227 10.169547 8.856988 0.8709324 0.74250716 8.011642 17.045454
 75.23936 70.14592 63.301876 0.9024313 0.93230355 4.6614723 11.538462
 15.898361 15.610049 13.999544 0.89682895 0.98186535 8.301298 7.9545455
 16.297943 15.137065 14.133695 0.93371433 0.9287715 8.619939 12.5
 77.91538 74.91568 67.84581 0.905629 0.96150047 4.6466055 7.6923075
 84.78337 82.76196 78.89741 0.9533052 0.97615796 8.263589 2.2727273
 92.38258 92.04231 87.45729 0.9501857 0.99631673 8.41489 5.681818
 10.703898 9.103595 8.674194 0.95283175 0.85049343 8.439148 12.5
 11.522107 12.568064 11.561611 0.91991985 1.0907784 8.564709 5.952381
 18.124676 17.34793 16.599894 0.95688033 0.9571443 7.2638707 13.636364
 15.007014 10.461156 9.885462 0.9449684 0.6970844 4.9500794 7.352941
 84.620316 76.06995 72.44812 0.95238817 0.89895606 8.396785 7.9545455
 2.0764103 0.98842734 0.2767647 0.2800051 0.476027 2.977061 16.25
 1.7570744 0.53707635 0.1657618 0.3086373 0.30566514 2.2781014 18.75
 95.8808 95.59374 91.6946 0.95921135 0.99700606 8.343785 13.636364
 3.5469043 1.5508404 0.4838956 0.31202152 0.43723774 2.2083895 10.714286
 84.14965 83.25562 79.91495 0.9598745 0.98937577 8.22296 5.681818
 106.66311 106.481674 102.37345 0.96141845 0.998299 8.444906 1.1363636
 93.9795 94.83975 88.89038 0.9372692 1.0091536 8.131486 3.409091
 92.22039 94.60892 86.75388 0.9169736 1.0259002 4.6978464 5.769231
 81.24273 81.348495 77.19404 0.9489301 1.0013019 8.194206 7.9545455
 95.28453 96.31306 92.31911 0.95853156 1.0107943 8.1712885 1.1363636
 105.880356 108.658585 104.45064 0.96127367 1.0262394 8.476699 1.1363636
 12.997839 11.927763 10.930396 0.91638273 0.91767275 9.520011 7.9545455
 13.703676 13.299459 12.35121 0.92870015 0.97050303 8.665981 7.9545455
 86.48668 54.76367 50.964798 0.9306315 0.63320357 7.714854 18.181818
 77.775215 77.7798 70.502 0.90643066 1.0000589 4.6354957 5.769231
 16.29322 15.616034 14.965365 0.95833325 0.95843756 8.165455 14.772727
 1.2739973 0.34034222 0.10152339 0.29829797 0.26714516 2.758026 18.055555
 95.468796 91.04909 85.61311 0.9402963 0.9537052 8.218131 9.090909
 5.73963 4.026995 3.6235747 0.899821 0.7016123 9.898835 14.772727
 4.744304 1.2054408 0.21302627 0.17672065 0.25408167 1.6125829 15.909091
 27.40504 26.430557 25.393408 0.96075946 0.9644414 8.206341 4.5454545
 3.924041 1.0400246 0.17429616 0.16758847 0.2650392 1.73569 15.476191
 99.397125 98.970375 94.842804 0.95829487 0.9957066 8.337272 5.681818
 13.544124 14.715101 14.191939 0.96444726 1.0864565 8.865388 12.5
 97.45015 97.38284 93.239334 0.95745134 0.9993093 8.175033 11.363636
 88.36756 87.74291 84.368355 0.96154034 0.9929312 8.387141 2.2727273
 22.330156 21.691042 20.257687 0.93391955 0.9713788 9.207897 12.5
 106.770546 108.18517 103.65928 0.9581653 1.0132493 8.42783 3.409091
 102.999214 80.96739 73.22477 0.9043736 0.7860972 4.946774 14.285714
 12.786569 11.626332 11.273785 0.9696768 0.90926135 8.749151 14.772727
 119.793335 120.20594 115.51309 0.9609599 1.0034443 8.369587 12.5
 10.035684 8.762124 8.353761 0.9533945 0.8730969 8.362261 11.363636
 9.017438 8.63098 8.072672 0.9353135 0.95714325 8.300027 7.9545455
 13.941536 11.225018 10.253605 0.9134601 0.80514926 4.694807 3.5714285
 2.6243749 0.8583612 0.509594 0.5936825 0.32707262 5.3411093 20.454546
 82.22199 78.54441 73.168976 0.9315618 0.9552725 5.9303474 3.125
 11.852183 11.676948 11.225359 0.9613265 0.9852149 8.3423 6.818182
 90.42656 85.421745 78.10503 0.9143459 0.9446532 5.0533447 7.142857
 13.420095 12.078728 11.49327 0.95152986 0.90004784 8.078655 6.818182
 7.4674067 2.747167 1.7268882 0.6286069 0.36788774 7.2763896 17.045454
 5.097136 1.9089643 0.5480039 0.28706872 0.37451705 2.9490685 16.666666
 3.5507352 2.1423764 1.6886787 0.7882269 0.6033613 4.74824 16.666666
 106.4771 107.42234 103.4129 0.9626759 1.0088774 8.374067 7.9545455
 101.78927 104.832695 100.93874 0.9628555 1.0298992 8.477937 0.0
 50.613792 33.873108 31.388763 0.9266574 0.66924655 7.964944 17.045454
 105.23376 83.384895 79.14124 0.94910765 0.7923778 8.210348 17.045454
 8.971721 6.683203 2.7349396 0.40922585 0.7449188 4.076051 11.363636
 4.3298073 1.154733 0.20455322 0.1771433 0.26669386 1.8203735 17.045454
 12.915051 4.2211714 1.1708174 0.2773679 0.32684124 2.9712896 12.5
 15.710101 10.23659 9.31062 0.9095432 0.65159285 8.079909 18.181818
 14.504874 7.826275 5.917882 0.75615567 0.5395617 7.435503 18.181818
 108.18757 94.14988 88.83015 0.9434972 0.87024677 8.4047785 13.636364
 91.14221 90.52104 85.97366 0.94976443 0.99318457 6.8610396 0.0
 2.5674129 0.65898746 0.23974934 0.36381474 0.25667372 3.2234018 20.0
 106.67112 104.89305 100.28497 0.9560688 0.98333126 8.460809 4.5454545
 28.908737 28.305387 26.937956 0.95169 0.9791292 8.256299 11.363636
 39.98541 41.796913 36.238575 0.86701554 1.0453042 8.268366 7.9545455
 95.96431 95.764275 90.747925 0.94761777 0.9979155 8.421936 9.090909
 13.416464 10.46881 7.6537695 0.73110217 0.7802958 7.1811085 13.636364
 84.87094 86.29904 83.43092 0.9667654 1.0168266 7.889335 4.5454545
 15.759622 11.998585 8.108157 0.67575943 0.7613498 8.764747 14.772727
 86.01034 83.921196 79.717606 0.9499102 0.9757106 6.8146367 0.0
 18.654781 14.58062 13.620355 0.934141 0.78160226 6.894877 15.909091
 80.5848 82.14678 75.2159 0.915628 1.0193832 4.669946 3.8461537
 67.050064 67.93231 65.48995 0.96404713 1.0131581 8.308497 10.227273
 13.018256 7.6014524 6.8598995 0.9024459 0.5839071 8.48716 17.045454
 54.785843 52.599453 50.24655 0.95526755 0.96009207 8.269747 3.409091
 10.482514 9.477849 8.6871805 0.9165773 0.90415794 8.053721 9.090909
 96.889626 97.58754 91.90623 0.9417824 1.0072032 8.240202 1.1363636
 112.1958 105.182465 100.01667 0.9508873 0.9374902 8.005017 10.227273
 100.864365 100.83807 95.772606 0.9497663 0.99973935 8.453418 7.9545455
 17.561012 16.470444 15.274684 0.92739964 0.9378983 7.155352 11.363636
 100.738686 85.6364 81.39132 0.950429 0.85008454 8.235786 14.772727
 14.712335 10.474651 9.828052 0.9382701 0.7119639 8.149687 9.090909
 116.25224 85.608246 79.78426 0.9319694 0.73640084 8.081502 15.909091
 101.991135 103.059074 99.02965 0.9609018 1.0104709 8.109441 0.0
 104.2819 108.00952 102.83712 0.9521116 1.0357457 7.6118536 0.0
 76.75615 76.86321 73.972916 0.9623969 1.0013947 8.31042 6.818182
 13.194921 11.389627 10.90708 0.9576327 0.8631827 8.01222 9.090909
 74.657135 79.84788 73.40977 0.9193703 1.0695277 4.831494 1.9230769
 33.62865 34.248745 32.754242 0.9563633 1.0184395 8.2821045 11.363636
 2.5971622 0.5803496 0.1480237 0.2550595 0.22345528 2.495951 18.421053
 88.86961 88.44938 85.01997 0.9612275 0.9952714 8.365922 1.1363636
 8.058362 2.1824715 0.47907335 0.21950957 0.27083313 1.7536867 12.5
 88.55347 88.293724 84.900665 0.9615708 0.99706686 8.230122 9.090909
 9.193865 3.0675817 2.0790849 0.6777603 0.33365527 8.196111 15.909091
 114.212776 94.182434 89.2429 0.94755346 0.82462263 8.221947 12.5
 107.83916 109.420876 103.73437 0.9480309 1.0146674 8.469359 1.1363636
 9.551018 8.388436 8.104037 0.9660964 0.87827665 7.727349 13.636364
 78.20641 78.99865 75.99734 0.96200806 1.01013 8.406453 9.090909
 10.357374 5.931863 2.6543286 0.44746962 0.5727188 3.9025347 11.363636
 92.98904 92.417786 88.77238 0.9605552 0.9938567 8.152131 10.227273
 8.7719755 5.1301727 3.1477346 0.61357284 0.5848366 5.667028 17.045454
 17.744928 14.992847 14.159183 0.94439584 0.84490883 8.285446 10.227273
 8.974574 4.3074136 3.1669374 0.73522943 0.47995746 4.222008 14.772727
 14.348425 11.386707 9.388982 0.8245563 0.79358584 8.544359 14.772727
 4.190967 1.2338686 0.24131624 0.19557694 0.29441145 2.638984 15.909091
 9.561898 3.5732594 2.130253 0.5961653 0.3736977 7.070701 14.772727
 90.23688 60.953987 53.819115 0.88294655 0.67548865 4.018133 12.5
 10.1850395 6.532383 5.873757 0.8991752 0.6413704 8.033681 13.636364
 81.05402 83.37137 75.45944 0.9051002 1.0285901 4.139595 6.25
 13.804802 12.029382 10.201279 0.8480302 0.8713911 4.285986 10.416667
 8.690037 6.0852942 5.3518186 0.8794675 0.70026106 4.2388425 15.384615
 9.557924 2.1541069 0.36449632 0.16920994 0.22537394 1.3224726 16.25
 9.4692135 9.253242 7.7024555 0.83240616 0.9771923 5.4414244 7.142857
 94.26377 95.13615 91.47357 0.9615018 1.0092546 7.986829 4.7619047
 11.673499 11.416469 10.788309 0.94497776 0.9779817 7.180651 11.904762
 106.40238 111.127365 104.601944 0.9412798 1.0444068 6.918467 0.0
 12.321772 10.777 9.587541 0.8896298 0.8746308 6.3654075 11.842105
 3.5294547 2.196952 1.0166228 0.46274236 0.62246215 2.7183676 12.5
 91.73909 92.551636 85.77055 0.9267319 1.0088571 6.4713893 4.1666665
 102.87807 102.79254 95.41404 0.92821944 0.9991687 5.951077 5.882353
 24.460722 8.7725525 4.417113 0.5035151 0.35863835 4.034314 9.375
 106.429146 105.34767 99.35149 0.9430819 0.98983854 5.225641 5.0
 110.92235 111.68268 104.785805 0.93824583 1.0068547 5.2840476 6.6666665
 98.005356 95.59742 89.930756 0.9407237 0.97543055 5.419532 1.6666666
 109.37259 108.230995 101.09154 0.93403506 0.98956233 4.8953166 5.357143
 103.92512 100.207466 94.34204 0.94146717 0.9642276 4.9208455 3.5714285
 123.46061 139.48817 126.52346 0.9070551 1.1298193 4.0306835 2.0833333
 91.09194 100.323425 91.17344 0.9087951 1.1013424 3.9964542 2.0833333
 1.0 50.082897 47.237892 44.23603 0.93645227 0.9431941 341.18988 9.811384 167.0
