 16.351713 15.794124 14.826215 0.9387172 0.9659003 9.559425 11.363636
 13.561825 11.2098 10.312834 0.9199837 0.82657015 9.128513 12.5
 107.66384 103.1649 98.09316 0.95083857 0.95821303 9.181861 0.0
 10.99441 4.133863 2.3201666 0.5612587 0.37599683 3.5995972 8.333333
 9.455954 8.73 8.216812 0.9412157 0.92322785 8.495516 11.363636
 81.4257 78.5707 74.09837 0.94307894 0.9649374 9.440986 4.5454545
 6.313902 5.854929 5.5580616 0.9492962 0.92730755 8.868434 11.904762
 46.61467 42.12461 38.99412 0.925685 0.90367717 9.1996155 9.090909
 9.799645 6.218006 5.4615374 0.87834215 0.6345134 6.7574854 13.636364
 95.40817 90.01391 85.03426 0.9446792 0.9434612 9.142486 12.5
 106.786255 102.94108 98.21829 0.9541214 0.9639919 9.117608 0.0
 81.5689 55.450134 50.74662 0.9151758 0.6797951 5.402605 15.0
 87.997475 83.87959 79.60587 0.94904935 0.9532046 9.109002 5.681818
 7.405653 5.215143 4.0780244 0.7819582 0.7042111 4.5513477 13.461538
 15.788608 12.999319 9.704799 0.74656206 0.8233354 7.660289 9.090909
 89.38872 86.1009 81.96345 0.95194656 0.9632188 9.010026 10.227273
 84.34852 72.99787 69.06377 0.94610655 0.86543155 9.163271 11.363636
 14.228143 13.119585 12.603998 0.960701 0.922087 9.16424 5.681818
 16.183464 14.2884 10.288971 0.7200926 0.88290125 3.980387 10.227273
 85.59002 81.94434 78.104836 0.9531449 0.9574054 9.107231 11.363636
 101.55093 98.122055 93.31227 0.95098156 0.966235 9.13917 1.1363636
 14.428755 14.018251 12.861054 0.91745067 0.97154963 9.108131 7.9545455
 73.435844 67.96247 63.56187 0.9352495 0.9254673 9.186192 5.681818
 16.130833 11.762412 10.925438 0.9288434 0.72918814 9.931354 15.909091
 66.784386 56.561115 47.713116 0.84356743 0.8469212 7.918434 11.363636
 84.95745 79.944016 76.07782 0.95163864 0.94098884 9.107903 12.5
 16.461082 14.079535 13.143772 0.9335374 0.8553225 8.183892 11.363636
 103.19338 97.38174 89.48575 0.9189171 0.94368196 4.9823155 1.7857143
 108.47143 103.50104 99.28287 0.95924515 0.95417786 9.189635 6.818182
 87.932014 75.960815 71.94731 0.94716346 0.86385846 9.193981 6.818182
 9.910347 6.8762493 4.4658566 0.6494611 0.69384545 8.74402 14.772727
 98.54278 93.74841 89.026924 0.94963664 0.95134735 9.257129 1.1363636
 87.85345 86.18603 81.0178 0.94003403 0.9810204 6.6199517 1.4705882
 11.688271 8.649247 7.885901 0.9117442 0.73999375 9.011659 13.636364
 79.49151 77.00535 72.81478 0.94558084 0.96872413 9.227254 3.409091
 77.38078 65.34488 62.14628 0.95105046 0.84445876 8.999497 7.9545455
 15.680506 12.07801 11.117733 0.92049384 0.77025634 9.335237 13.636364
 7.514445 6.283243 5.5477386 0.8829419 0.8361553 8.1365185 14.772727
 63.57574 60.498413 56.904037 0.9405873 0.9515959 9.06345 3.409091
 6.526073 3.9928424 3.2929564 0.82471484 0.6118293 4.50083 12.5
 27.091688 25.555582 24.4798 0.95790416 0.9432998 8.829885 0.0
 70.22463 64.83268 61.74796 0.9524203 0.92321855 8.91841 5.681818
 9.457199 6.883327 4.496898 0.65330297 0.72783995 3.4486878 17.045454
 98.782715 96.859825 92.33246 0.9532585 0.9805342 9.158319 13.636364
 98.8489 72.63952 68.591606 0.944274 0.7348541 8.972462 15.909091
 9.700313 8.847485 8.301793 0.93832237 0.9120825 9.300916 7.9545455
 58.915424 36.892017 33.281033 0.9021202 0.6261861 8.915397 18.181818
 89.84461 76.862076 72.59179 0.9444423 0.85550004 9.271932 10.227273
 18.208883 15.444784 14.450767 0.9356406 0.8482005 9.558635 19.318182
 13.39423 8.172047 6.3505635 0.777108 0.61011696 4.7161956 12.5
 15.9225025 12.951952 11.83528 0.9137835 0.8134369 7.7215333 10.227273
 15.868449 10.578737 9.530991 0.9009573 0.66665226 8.505127 12.5
 11.168709 6.633975 4.55557 0.68670297 0.59397864 7.774868 16.666666
 107.2831 98.7129 91.71102 0.92906827 0.92011607 4.5019217 6.6666665
 84.57564 81.999954 76.76105 0.9361108 0.9695458 9.1723385 5.681818
 8.294843 6.028379 5.4634533 0.9062889 0.7267623 10.244572 18.181818
 53.487915 48.239346 45.05834 0.9340578 0.90187377 8.36629 3.75
 89.627754 86.50555 82.51599 0.95388097 0.96516466 8.797918 3.409091
 91.93409 88.85169 83.47988 0.9395419 0.9664716 9.1455145 3.409091
 4.37864 3.5024087 3.3190336 0.94764316 0.799885 9.561946 13.636364
 87.08172 66.683945 63.4186 0.9510325 0.7657628 9.070641 11.363636
 5.3496203 1.8219393 1.6056277 0.8812739 0.34057358 3.6163185 11.538462
 28.067719 27.354637 25.685843 0.9389941 0.9745943 8.560047 4.5454545
 16.854164 13.723648 12.958827 0.94426984 0.81425864 9.09444 11.904762
 23.024357 21.276962 19.93655 0.93700165 0.9241067 9.529227 9.090909
 81.86959 82.054535 74.24352 0.90480703 1.002259 3.8753095 2.0833333
 82.78279 80.99981 76.51999 0.94469345 0.97846186 7.0548224 6.9444447
 11.737954 8.949608 8.012235 0.895261 0.7624504 6.610588 11.363636
 18.357817 13.849758 11.51161 0.83117765 0.7544339 11.107913 9.090909
 20.249138 19.33098 18.380697 0.9508414 0.95465696 9.632807 2.2727273
 2.8987687 1.0079578 0.31365556 0.31117922 0.3477193 3.2761812 13.095238
 76.68101 72.81144 68.89483 0.9462089 0.94953674 9.396897 9.090909
 9.671229 4.8700137 3.63632 0.74667555 0.50355685 6.219506 12.5
 46.434845 30.791706 25.820702 0.8385603 0.6631164 10.627236 13.636364
 26.260584 30.164207 28.499353 0.944807 1.1486496 10.369951 2.2727273
 6.4537654 2.0755568 0.7525189 0.36256242 0.321604 2.6184285 19.318182
 70.57748 43.5041 40.186844 0.92374843 0.61640203 9.063332 15.909091
 13.1352 11.408756 10.795846 0.9462772 0.86856365 9.666476 13.636364
 7.158222 5.318545 4.243851 0.79793465 0.742998 8.556918 13.636364
 12.2873955 10.513685 9.880334 0.9397593 0.85564804 9.8747015 13.636364
 10.3553095 8.495518 5.77592 0.6798785 0.82040215 7.1424375 11.904762
 84.73874 79.512505 75.40848 0.9483851 0.93832535 9.243803 13.636364
 3.5240014 1.5489229 0.50222564 0.32424188 0.43953526 2.7393131 16.666666
 14.26007 13.873685 13.069492 0.94203466 0.97290444 9.867751 5.681818
 17.207392 14.2087 9.818807 0.6910418 0.82573235 6.695359 10.227273
 79.564255 76.97643 71.65677 0.9308923 0.96747506 6.1721587 10.9375
 83.63348 78.221565 74.33973 0.9503738 0.9352901 9.162287 3.409091
 12.929223 12.272706 11.238694 0.91574705 0.94922227 4.072628 10.416667
 10.844148 9.542152 8.635955 0.9050323 0.8799356 9.256925 10.227273
 24.014297 9.584354 7.8932815 0.82355905 0.39911032 6.159877 14.772727
 97.62413 94.60639 89.64194 0.94752514 0.9690882 8.958357 9.090909
 13.496756 13.378764 12.521256 0.9359053 0.9912578 7.940437 9.090909
 100.45183 97.53632 92.609146 0.9494837 0.9709761 9.282518 0.0
 93.36444 86.835396 80.22119 0.9238305 0.93006927 6.0431933 9.375
 86.99775 73.71851 68.57062 0.9301682 0.84736115 8.099762 16.25
 14.736506 10.917529 9.906251 0.90737116 0.7408492 9.029643 13.636364
 6.8040233 2.619468 1.8922315 0.7223724 0.3849881 5.586461 17.045454
 91.84645 84.674065 78.94439 0.93233263 0.921909 9.10066 6.818182
 86.87858 81.97159 77.08945 0.9404411 0.94351894 9.206941 1.1363636
 8.724683 4.886739 4.2945895 0.87882525 0.5601051 9.265311 11.363636
 16.823206 12.03752 9.010614 0.7485441 0.7155307 8.582851 13.636364
 9.851709 4.1551785 2.1105845 0.50794077 0.42177233 3.1637135 14.772727
 6.9134245 1.7651255 0.9015084 0.5107333 0.25531855 1.162865 14.285714
 3.7330706 1.4180849 0.30554625 0.21546401 0.37987092 2.2888024 17.045454
 91.02724 88.36785 83.54862 0.945464 0.97078466 9.264797 1.1363636
 89.80619 70.568146 66.58925 0.9436163 0.78578264 9.019139 12.5
 89.851814 81.54472 77.094795 0.94542956 0.90754676 9.104415 9.090909
 3.284953 0.97048515 0.2043988 0.21061507 0.2954335 2.195621 14.772727
 54.111736 40.275696 37.31711 0.9265416 0.7443061 8.9943695 17.045454
 89.67122 87.02677 81.945145 0.9416085 0.97050947 9.034744 3.409091
 11.144536 10.2425165 9.680016 0.9450817 0.9190618 8.961625 12.5
 14.956595 11.376516 9.621013 0.84569055 0.76063544 8.415498 13.636364
 9.049293 7.4987464 6.8801355 0.9175047 0.82865554 8.043519 17.045454
 15.693464 9.701046 8.678367 0.89458054 0.61815834 8.708783 14.772727
 15.895989 9.79302 8.559205 0.87401074 0.61606866 10.613199 15.909091
 4.1252537 3.0480738 1.9579195 0.6423465 0.7388815 7.9267964 15.476191
 12.169143 10.579277 10.099519 0.9546512 0.8693527 9.361597 3.409091
 6.199168 5.3858294 5.119536 0.9505567 0.86879873 9.118861 12.5
 90.38798 84.13088 78.72366 0.93572843 0.93077517 7.6964235 7.894737
 15.482176 14.509051 13.834309 0.953495 0.93714553 9.46725 5.681818
 102.0923 98.89595 93.86501 0.949129 0.9686916 9.3845625 12.5
 8.682529 7.304992 6.478518 0.88686174 0.84134376 10.591668 13.636364
 64.82446 55.936768 52.76289 0.94325954 0.862896 7.923979 1.1363636
 10.741337 5.3388615 4.0055327 0.7502597 0.4970388 4.5484514 18.75
 106.8678 104.214035 97.786575 0.93832445 0.9751678 6.6541653 11.764706
 91.32668 71.62527 67.243385 0.9388222 0.78427535 9.064529 13.636364
 5.1972256 3.4757402 2.8744516 0.82700413 0.6687684 8.332068 16.25
 10.473822 9.408281 8.9005165 0.94603 0.8982663 8.677036 9.090909
 21.149054 5.6821594 4.5412583 0.79921347 0.26867205 7.8204665 19.318182
 89.355965 59.75197 55.94479 0.93628365 0.6686959 9.148461 15.909091
 9.057577 6.115597 5.5903335 0.9141109 0.6751912 9.61693 18.181818
 12.354619 6.3169045 4.835917 0.76555175 0.511299 6.4145064 15.0
 84.932655 79.83964 75.764755 0.94896173 0.94003457 9.16378 5.681818
 11.99166 9.937705 9.340532 0.9399083 0.82871807 9.778744 14.772727
 89.69789 74.11596 68.62617 0.9259297 0.8262842 9.060672 6.818182
 11.491587 9.176682 8.122308 0.8851028 0.7985566 4.044304 12.5
 94.3484 80.43564 74.87477 0.93086565 0.85253847 8.948405 13.636364
 108.25123 109.36542 103.42655 0.94569707 1.0102926 8.326993 3.75
 92.81867 93.282486 88.17498 0.9452469 1.004997 8.278999 3.75
 94.01641 94.76208 89.05687 0.93979436 1.0079312 8.103688 1.25
 94.577255 99.443825 90.37973 0.90885216 1.051456 4.1414843 2.0833333
 15.351449 13.596702 11.385007 0.8373359 0.88569504 4.0497265 10.0
 80.217186 71.391335 67.319496 0.9429645 0.8899756 7.8182225 13.157895
 90.32598 90.00324 84.28289 0.9364428 0.996427 7.915294 1.3157895
 98.05414 99.50396 91.912025 0.9237022 1.014786 7.3155646 1.3888888
 72.125244 69.45389 62.38162 0.8981731 0.9629623 5.2293954 1.7857143
 17.799276 16.942947 15.947037 0.9412198 0.95188963 5.5471687 10.294118
 103.104324 99.06615 89.99316 0.9084148 0.96083415 6.654039 10.294118
 5.595964 1.5421703 0.8377105 0.5432023 0.2755862 4.505383 14.705882
 3.5608995 0.83226216 0.2897133 0.3481034 0.23372245 2.6493855 15.0
 95.706825 93.36413 83.1288 0.890372 0.9755221 5.965268 7.8125
 12.485096 10.648248 9.8308325 0.92323476 0.8528768 5.9994 6.25
 2.25336 0.6195896 0.09090672 0.14672084 0.27496257 1.0576963 14.0625
 15.338237 12.630875 10.39973 0.8233578 0.82348937 5.463688 8.333333
 10.570679 2.4961782 0.32300544 0.12939999 0.23614171 0.84904784 18.75
 11.540396 9.273023 7.566672 0.81598765 0.80352724 5.9329023 8.333333
 14.959036 10.191024 8.835963 0.8670339 0.6812621 5.7028847 16.666666
 5.593417 2.3758078 1.7213311 0.72452456 0.4247507 3.7478633 15.0
 80.14839 76.310616 67.27107 0.8815428 0.9521166 5.414373 8.333333
 29.344748 28.569557 26.645468 0.9326524 0.97358334 4.98199 8.928572
 92.21142 85.74153 76.31551 0.8900648 0.92983633 3.9705095 6.25
 96.97679 90.35436 81.703926 0.904261 0.9317112 4.9928446 1.7857143
 20.73555 15.638618 13.284747 0.8494834 0.75419354 4.3859334 11.538462
 14.918687 7.4588537 5.4153876 0.72603476 0.4999672 5.0432863 13.461538
 87.89767 79.98534 71.943085 0.8994534 0.9099825 4.4961014 5.769231
 93.48381 64.57637 51.76374 0.8015895 0.690776 3.7801874 14.583333
 97.11 82.664635 71.904625 0.8698353 0.85124743 3.8746307 10.416667
 90.643845 79.12416 69.95492 0.88411576 0.87291265 3.9047728 8.333333
 22.749435 17.891396 15.247675 0.8522351 0.7864545 3.7470455 0.0
 9.701432 7.211869 6.276692 0.87032807 0.74338186 3.878555 10.416667
 83.845535 69.313095 60.687115 0.8755505 0.8266761 3.8753278 6.25
 1.0 46.91872 41.773026 38.59325 0.92387974 0.8903274 327.61282 10.08023 171.0
