 108.360115 111.68597 103.37228 0.9255619 1.0306926 9.1834955 1.1363636
 3.2180347 0.87116146 0.18373325 0.21090609 0.27071226 1.7547575 19.444445
 105.47198 107.44394 100.13118 0.9319389 1.0186965 9.271339 0.0
 10.230956 10.509463 9.688085 0.92184395 1.027222 8.851879 7.9545455
 23.408964 21.908823 20.722965 0.945873 0.93591595 7.7378573 15.909091
 88.27795 56.832954 50.532906 0.88914794 0.6437956 7.6760945 17.105263
 93.287 86.40508 80.69379 0.9339009 0.9262285 9.108955 13.636364
 20.812202 16.821548 15.516526 0.9224196 0.80825406 9.313531 14.772727
 93.686775 97.16248 87.79951 0.90363586 1.0370992 7.104679 2.7777777
 87.326195 89.01749 83.26691 0.9353994 1.0193676 9.141095 3.409091
 99.3478 99.735054 91.47937 0.9172239 1.0038979 9.102708 4.5454545
 92.73018 86.863785 80.70975 0.929153 0.93673694 9.140986 5.681818
 81.36744 83.260895 77.1774 0.9269346 1.0232704 9.263299 1.1363636
 91.383675 93.12255 86.3086 0.92682815 1.0190283 9.162754 1.1363636
 97.92153 98.32556 91.30686 0.9286178 1.004126 9.019847 5.681818
 96.74342 100.04556 88.10227 0.8806215 1.034133 4.5868816 5.769231
 85.75353 86.77824 80.87256 0.93194515 1.0119494 9.082993 0.0
 7.022571 7.3740606 6.744369 0.9146072 1.0500515 8.737043 11.363636
 11.883051 9.847705 7.631433 0.7749454 0.82871854 7.774728 14.772727
 85.74352 88.481384 82.64764 0.9340681 1.0319308 9.190167 1.1363636
 88.363144 88.368805 80.80964 0.91445893 1.000064 8.996863 3.409091
 81.29925 85.58157 77.94486 0.91076684 1.0526736 6.601933 0.0
 92.548996 89.58544 83.0013 0.9265043 0.96797854 9.074252 7.9545455
 4.4973817 1.2277886 0.9237916 0.75240284 0.27300072 10.669977 15.789474
 86.10237 89.169655 82.021355 0.9198348 1.0356237 7.698376 1.3157895
 2.194695 0.7637157 0.47628975 0.623648 0.3479826 8.071919 14.473684
 8.101955 8.207177 7.487273 0.9122836 1.0129873 10.039073 12.5
 102.08333 103.31412 94.46031 0.91430205 1.0120567 9.163681 1.1363636
 9.862064 7.0621037 6.2502713 0.8850438 0.71608776 8.115079 13.636364
 97.59907 98.27022 90.86656 0.9246602 1.0068766 8.158884 1.25
 9.98758 9.509956 8.526013 0.8965355 0.95217824 7.42026 5.5555553
 9.922238 9.802881 9.139514 0.9323293 0.98797077 9.176049 2.2727273
 10.373122 9.600544 9.133283 0.9513297 0.9255212 7.2292743 9.090909
 78.92436 78.90336 74.222855 0.9406805 0.9997339 8.793653 12.5
 7.1071157 3.8737948 2.5717354 0.6638801 0.5450586 7.703051 20.0
 104.47157 104.68013 97.59332 0.9323003 1.0019963 9.193218 0.0
 100.57342 102.923645 96.21811 0.9348494 1.0233684 9.132062 0.0
 10.2842045 9.424342 8.4547825 0.8971217 0.91639006 9.401495 11.363636
 86.27744 86.602036 80.53267 0.9299166 1.0037621 9.212629 10.227273
 79.551216 78.820984 73.572845 0.93341696 0.9908206 9.139491 2.2727273
 111.47002 81.97508 74.8849 0.91350806 0.7354003 9.001219 18.181818
 64.69651 63.276848 58.488335 0.9243244 0.97805655 9.000576 3.409091
 109.07516 105.67182 98.11763 0.92851263 0.9687983 9.2520685 2.2727273
 86.48195 87.889694 81.55296 0.9279013 1.0162779 9.086825 1.1363636
 9.484466 7.937988 7.3380747 0.924425 0.8369462 9.260001 12.5
 88.233345 90.50031 84.033844 0.92854756 1.0256928 9.135422 1.1363636
 11.198172 10.482168 9.738975 0.9290993 0.9360606 8.727306 9.090909
 93.64921 95.81559 89.48679 0.93394816 1.0231329 9.231309 5.681818
 116.020805 120.10749 105.862595 0.88139874 1.0352237 4.511461 1.9230769
 7.826271 7.800653 7.3109546 0.9372234 0.9967267 9.217137 9.090909
 86.120605 87.775635 81.9025 0.9330892 1.0192176 9.140389 1.1363636
 91.94126 87.86963 80.32737 0.9141653 0.9557148 8.136082 8.75
 9.951032 7.0586286 6.0495696 0.857046 0.7093364 8.348141 15.0
 86.09994 86.704216 81.00514 0.9342699 1.0070183 9.122994 1.1363636
 84.32244 85.562775 79.85971 0.9333464 1.0147095 9.098048 1.1363636
 88.93543 77.33606 71.265945 0.9215099 0.8695753 8.935071 14.772727
 80.733795 67.973625 62.35989 0.9174131 0.8419476 9.201034 13.636364
 88.69316 90.81088 84.708046 0.9327962 1.023877 9.094204 1.1363636
 80.31073 81.888596 76.38879 0.9328379 1.019647 9.173888 0.0
 116.24054 91.77844 85.199745 0.9283198 0.78955626 9.045454 12.5
 69.18258 52.968494 48.201385 0.91000104 0.7656334 9.003073 10.227273
 15.99111 7.9181824 5.29099 0.66820765 0.49516153 3.357892 12.5
 11.555083 11.252952 10.4194765 0.92593277 0.97385293 9.196412 6.818182
 100.06166 95.98516 84.34794 0.87876016 0.95926017 4.552979 9.615385
 11.679887 12.047361 11.2471075 0.93357444 1.0314622 9.41456 3.409091
 83.1341 83.1178 77.60637 0.9336914 0.99980384 9.102396 13.636364
 83.16864 84.334076 78.72809 0.93352634 1.0140129 9.2080345 1.1363636
 93.13513 94.97934 87.996 0.9264752 1.0198014 9.115451 10.227273
 13.093323 11.486404 10.628569 0.92531735 0.8772719 8.978797 11.363636
 9.04155 7.832511 7.228373 0.92286795 0.86627966 7.7577267 10.227273
 9.784622 8.7834835 8.197521 0.9332882 0.8976824 8.1338625 6.818182
 11.86752 12.19943 8.939207 0.732756 1.027968 8.725634 5.681818
 106.96668 110.07407 99.09149 0.9002256 1.02905 5.52238 1.6666666
 104.87525 107.90402 100.43306 0.9307629 1.0288798 8.671608 0.0
 87.375755 75.51374 69.47142 0.91998386 0.86424136 8.890427 12.5
 18.22652 19.929005 18.987131 0.9527385 1.093407 9.9853115 1.1363636
 100.374 102.62815 95.90207 0.93446165 1.0224575 9.117057 1.1363636
 20.339655 17.356367 4.765377 0.27456072 0.85332656 2.1832163 5.681818
 96.21215 97.308914 90.75831 0.9326824 1.0113995 9.156277 0.0
 77.189964 76.16494 70.22269 0.92198175 0.9867208 8.9310875 1.1363636
 104.78621 109.84387 95.43755 0.8688473 1.0482664 4.098212 2.0833333
 98.081474 98.81625 89.30757 0.90377414 1.0074915 8.626532 3.5714285
 10.248453 9.03372 6.831146 0.756183 0.8814716 5.6637897 12.5
 88.27458 87.81208 81.611404 0.92938703 0.99476063 9.152817 1.1363636
 96.04828 95.312195 88.957184 0.93332434 0.99233633 9.20373 17.045454
 109.931 115.79022 106.46419 0.9194575 1.0532991 7.516131 1.3157895
 100.22513 105.544754 96.547966 0.91475856 1.0530767 6.63273 0.0
 90.2796 90.71384 80.926285 0.8921052 1.0048099 7.8967423 5.0
 93.20855 94.02949 87.530716 0.93088585 1.0088075 9.187344 3.409091
 10.358322 9.935296 9.189863 0.9249712 0.9591607 9.556233 7.9545455
 94.6115 95.93483 88.191635 0.9192869 1.013987 8.689921 4.7619047
 95.97606 84.86543 75.222115 0.8863693 0.88423544 5.4829016 8.333333
 94.43156 93.97854 87.255775 0.92846483 0.9952027 9.112828 1.1363636
 90.44174 93.249245 86.614456 0.92884886 1.0310421 8.420822 1.1904762
 108.896484 109.17521 101.32895 0.9281315 1.0025595 8.534088 1.1904762
 109.38536 104.308586 96.70687 0.92712283 0.9535881 7.380906 0.0
 90.259514 86.68919 79.41072 0.9160395 0.9604438 7.3667426 1.3157895
 38.1223 12.2061615 8.6319895 0.70718294 0.32018426 5.3190637 14.473684
 86.223724 81.07862 73.36235 0.9048298 0.9403284 7.2662544 10.526316
 99.22289 92.393196 84.60162 0.9156694 0.93116814 7.4596186 9.210526
 84.24256 83.89033 76.21819 0.9085456 0.99581885 5.3834195 1.6666666
 91.867134 69.214966 63.915504 0.92343473 0.7534247 6.839359 12.5
 93.11157 69.56823 64.31425 0.9244772 0.7471491 6.8456163 12.5
 16.513472 1.3942438 0.5056954 0.36270228 0.08443069 2.5682204 14.285714
 95.85732 91.15968 84.4091 0.9259477 0.9509935 6.0025744 7.8125
 87.69235 61.553543 54.90048 0.8919142 0.701926 5.894524 14.0625
 103.28333 97.52443 90.42544 0.92720807 0.94424176 6.1403127 1.5625
 102.812584 101.80301 91.87255 0.90245414 0.9901805 5.5496883 1.6666666
 13.485269 13.719879 13.349849 0.9730296 1.0173975 4.5507793 13.333333
 83.71774 83.58875 76.25176 0.91222507 0.9984593 5.4477053 1.6666666
 106.68247 106.49939 93.5034 0.8779713 0.99828386 4.0945816 6.25
 85.89338 88.59286 79.869316 0.9015322 1.0314282 4.9702473 3.5714285
 89.49855 90.012566 79.72268 0.88568383 1.0057433 4.4794703 1.9230769
 80.42036 82.058044 73.5428 0.896229 1.020364 4.490133 1.9230769
 107.99443 82.183266 71.726135 0.8727583 0.7609954 3.8699403 8.333333
 1.0 69.921104 67.284004 61.58345 0.9152762 0.9622847 530.26764 6.607617 115.0
