 5.6827855 2.5906627 2.0603273 0.7952897 0.45587903 7.7913284 17.045454
 111.19222 111.196724 106.34445 0.9563632 1.0000405 9.259184 1.1363636
 59.412876 59.23338 56.38647 0.95193744 0.9969788 9.141176 4.5454545
 131.34396 108.58074 102.85184 0.94723827 0.8266901 9.326634 10.227273
 113.65088 113.05885 108.28212 0.95775 0.99479085 9.280944 1.1363636
 13.9991455 13.321464 12.641146 0.9489307 0.9515912 9.443373 4.5454545
 118.95871 121.14145 114.234795 0.94298685 1.0183487 7.2015805 1.3888888
 12.009659 11.610592 10.730256 0.92417824 0.9667712 6.580364 8.823529
 94.29903 56.612907 52.761707 0.93197316 0.60035515 9.074287 11.363636
 124.728935 123.99931 118.20524 0.9532733 0.99415034 9.283548 1.1363636
 17.413979 14.780108 11.274294 0.7628019 0.8487497 8.507334 11.363636
 118.30373 121.550026 115.86923 0.95326376 1.0274404 8.818203 1.1904762
 84.98589 84.18013 80.524994 0.9565795 0.99051887 9.172276 9.090909
 5.7195864 1.7548704 1.1433908 0.6515528 0.3068177 5.707979 15.909091
 117.01405 116.11784 110.94687 0.9554679 0.992341 9.265006 1.1363636
 10.920694 7.9316826 5.441179 0.68600565 0.72629833 6.5746584 9.090909
 103.32825 105.54771 99.53979 0.94307864 1.0214797 7.198294 1.3888888
 12.375161 11.497114 10.917958 0.94962597 0.92904764 10.316122 11.363636
 69.6062 69.39323 65.878044 0.949344 0.9969403 9.292254 6.818182
 117.68014 116.75192 110.87878 0.9496955 0.99211234 9.329958 0.0
 105.5266 108.61494 103.24042 0.95051765 1.0292659 8.837663 1.1904762
 113.10562 113.03745 105.000114 0.9288967 0.9993972 7.98928 0.0
 18.88618 14.897201 11.461197 0.7693524 0.78878844 7.391519 7.894737
 4.221309 0.95122343 0.7823928 0.82251215 0.22533849 4.9616365 14.285714
 120.614204 119.97568 110.536224 0.9213219 0.994706 5.1659937 1.7857143
 124.42473 129.40732 118.39773 0.91492295 1.040045 4.7476044 0.0
 129.11017 135.34128 123.19725 0.9102711 1.048262 4.714919 1.9230769
 132.87067 138.42853 126.286736 0.91228837 1.0418291 4.726862 0.0
 140.86789 147.17815 134.33383 0.9127295 1.0447955 4.7412806 0.0
 136.81953 141.67212 129.51173 0.91416526 1.035467 4.7084994 0.0
 122.873886 127.91309 117.08392 0.9153396 1.0410112 4.7142005 0.0
 120.17447 125.88795 115.11001 0.91438466 1.0475433 4.6924853 5.769231
 144.04272 150.35822 137.72417 0.9159737 1.0438446 4.716634 1.9230769
 140.54076 147.45763 134.51875 0.9122536 1.049216 4.7002463 0.0
 118.91518 118.921364 109.67073 0.9222122 1.000052 5.1037855 5.357143
 137.39412 143.34004 130.98082 0.91377693 1.0432764 4.7388535 1.9230769
 139.59532 142.86458 130.06429 0.91040254 1.0234196 4.7963367 0.0
 126.049126 129.74904 115.213066 0.8879686 1.029353 4.6989007 1.9230769
 122.84597 127.735695 116.7989 0.9143794 1.0398037 4.751306 1.9230769
 144.65486 151.54785 138.38692 0.91315657 1.0476513 4.732019 1.9230769
 119.91625 119.23151 109.82282 0.92108893 0.9942898 5.2015514 1.7857143
 122.16796 130.66798 116.219444 0.8894256 1.0695765 4.196972 6.25
 1.0 95.91056 96.09594 88.839386 0.9244864 1.0019329 610.7617 4.3942394 42.0
