 11.881835 11.327957 10.543185 0.93072265 0.9533844 8.780807 6.818182
 16.26198 15.0309725 14.069338 0.9360232 0.92430145 8.161588 11.363636
 69.11211 53.34738 48.61928 0.91137147 0.77189636 8.334176 12.5
 30.472603 8.048936 2.1989317 0.27319533 0.2641368 2.2438974 15.909091
 21.44201 8.344126 6.912961 0.82848233 0.38914847 8.43074 17.045454
 33.947483 33.075752 30.377195 0.91841286 0.9743212 7.4191008 13.157895
 21.14021 15.988966 14.804795 0.9259383 0.75632954 7.959025 14.772727
 21.36097 18.83027 17.728159 0.94147134 0.88152695 8.675894 14.772727
 2.3601568 0.9396041 0.29564235 0.31464565 0.39811087 3.102782 19.736841
 27.113106 23.851192 22.000538 0.92240834 0.8796923 8.372551 11.363636
 9.413964 7.7472405 7.257908 0.93683785 0.822952 8.941305 12.5
 22.659355 21.888302 20.434496 0.9335807 0.96597195 8.58914 7.9545455
 20.914913 18.83441 17.47664 0.92791015 0.9005254 8.832778 14.772727
 0.7045684 0.15644334 0.052154053 0.3333734 0.2220414 1.5075586 29.545454
 6.412413 2.0067842 0.43839833 0.21845813 0.31295305 2.370018 15.909091
 71.03352 50.710964 40.101925 0.790794 0.7139018 7.288011 11.363636
 4.4319863 1.3141018 0.4817827 0.3666251 0.29650402 3.887396 18.055555
 8.223467 6.7969112 6.297421 0.9265122 0.8265262 8.450641 12.5
 39.94641 18.080105 14.266685 0.78908193 0.452609 6.39436 14.772727
 35.15759 27.043463 25.053795 0.926427 0.76920694 8.267406 11.363636
 33.83926 10.668947 7.782839 0.7294852 0.3152831 7.277478 15.909091
 14.186045 13.246185 12.343346 0.93184155 0.9337476 8.876531 9.090909
 45.129555 39.4702 36.245895 0.91831034 0.8745976 8.403016 11.363636
 29.472073 16.797132 14.252939 0.8485341 0.56993383 7.5095162 15.909091
 22.35696 8.317184 5.837059 0.7018071 0.37201765 5.624826 17.045454
 7.509659 6.1155844 5.4370565 0.88904935 0.81436247 8.072051 9.090909
 12.465326 10.8107605 9.999304 0.92493993 0.86726654 8.653941 9.090909
 5.821168 3.1447792 2.398993 0.7628494 0.54023165 6.56631 15.909091
 2.7618399 1.1520858 0.5171107 0.44884744 0.41714427 4.713081 13.636364
 98.85851 85.66195 79.27971 0.925495 0.8665106 7.954536 11.904762
 112.70547 98.04772 90.75234 0.9255936 0.8699465 7.35857 12.5
 3.303077 2.4981294 2.3201425 0.928752 0.7563037 5.815817 16.071428
 94.179726 87.925644 81.79212 0.93024194 0.9335941 5.461462 6.6666665
 36.35947 20.586975 18.433332 0.8953881 0.56620663 5.0803185 15.0
 47.903255 28.027693 25.27574 0.9018131 0.5850895 4.9623837 12.5
 0.9722222 29.738344 22.16671 19.773691 0.8920444 0.74539155 162.96689 13.653311 36.0
