 14.644595 15.420125 14.843903 0.96263176 1.0529568 7.508422 5.681818
 127.32715 122.250656 115.15275 0.9419397 0.96013033 7.2059703 1.25
 15.186667 8.85466 4.354774 0.4918059 0.58305484 5.5137544 18.181818
 10.020214 9.744365 9.333144 0.95779914 0.97247076 8.102435 7.9545455
 10.032641 9.828499 8.973546 0.91301286 0.9796522 5.0534306 6.6666665
 131.77556 134.10924 128.30038 0.95668566 1.0177094 8.179148 1.1363636
 33.451584 31.824808 28.711123 0.9021617 0.9513692 5.3835645 8.333333
 8.831233 8.037928 7.532168 0.9370784 0.9101705 7.965086 13.636364
 11.068817 11.484032 10.590745 0.9222149 1.0375121 8.381584 10.227273
 125.15736 117.51253 108.16061 0.9204176 0.9389183 6.1524353 1.4705882
 131.9356 128.3386 119.29133 0.92950475 0.97273666 8.272812 3.409091
 24.19441 23.149017 21.713274 0.9379782 0.95679194 8.390214 1.1363636
 131.16743 132.72438 126.32295 0.95176893 1.0118699 8.295474 1.1363636
 9.463298 9.027596 8.486193 0.9400279 0.9539588 7.3614893 11.363636
 9.598856 9.335992 8.583528 0.9194018 0.97261506 6.9196935 8.333333
 127.29233 128.5744 122.34338 0.95153767 1.0100719 8.344366 5.681818
 10.895691 8.669479 7.8268948 0.9028103 0.7956796 7.858694 13.636364
 12.6719475 11.245998 7.646058 0.67989147 0.887472 4.372061 13.636364
 14.994681 14.335934 13.402587 0.9348946 0.95606786 5.6271195 11.764706
 9.212816 8.028101 7.7413354 0.9642798 0.8714057 7.812685 12.5
 118.568794 111.401215 100.20348 0.89948285 0.9395492 4.179149 0.0
 133.76517 124.23562 115.28264 0.9279355 0.92875916 6.113159 11.764706
 3.455377 1.7948225 1.2403228 0.691056 0.5194288 7.360231 20.0
 17.47726 15.007605 13.641549 0.9089758 0.8586932 8.562175 11.363636
 12.85603 12.364207 10.116957 0.81824553 0.9617438 8.818459 11.363636
 4.5487766 1.0369033 0.24141298 0.23282112 0.22795212 1.388074 12.5
 133.48254 125.097275 116.07817 0.9279033 0.9371808 6.1784363 1.4705882
 5.073708 2.1196785 1.4633762 0.69037646 0.417777 5.3952127 12.5
 3.1573613 0.9389792 0.68947655 0.7342831 0.29739365 6.524905 16.666666
 11.553804 11.379977 10.044031 0.8826056 0.984955 9.364568 10.227273
 111.840256 106.01235 95.96468 0.9052217 0.9478908 6.869478 1.3157895
 9.486496 8.64339 8.02524 0.92848295 0.9111256 7.986823 12.5
 11.70548 10.43469 9.764629 0.93578523 0.89143634 6.4324574 13.235294
 109.72235 109.52284 104.11948 0.95066446 0.99818164 8.019845 1.1363636
 3.5796497 2.1712344 1.9538894 0.89989793 0.60654944 9.051577 17.045454
 9.101178 7.0750213 6.3047547 0.8911287 0.7773742 7.701115 11.363636
 137.22955 131.30602 122.179726 0.93049604 0.9568348 6.1559396 1.4705882
 53.223747 46.468548 43.92743 0.94531536 0.8730792 8.32103 0.0
 18.841354 0.83198684 0.2517089 0.3025395 0.04415749 2.558132 15.909091
 4.2483897 1.0954456 0.23811468 0.21736787 0.2578496 1.9906272 15.909091
 14.721132 13.930017 12.546032 0.9006473 0.9462599 9.554851 4.5454545
 8.783918 8.2427435 7.9064884 0.959206 0.93839025 6.1869383 9.523809
 2.9231634 1.7001054 0.949484 0.5584854 0.5815978 6.7352123 15.476191
 19.900822 21.030876 19.82449 0.94263726 1.0567844 8.433155 3.409091
 3.896547 1.3558285 0.96786916 0.7138581 0.3479564 5.876693 15.909091
 4.1261735 1.0692445 0.41449645 0.3876536 0.25913703 2.7448287 17.1875
 11.037241 8.115121 6.6178994 0.8155022 0.73524904 7.6377587 12.5
 2.3194835 0.7205623 0.202859 0.28152877 0.31065634 3.5098252 18.181818
 126.37582 119.82656 109.81828 0.91647696 0.9481764 6.0318413 5.882353
 11.548624 5.751483 4.807328 0.83584154 0.49802318 5.051615 10.714286
 90.010284 57.679867 53.03495 0.9194708 0.6408142 8.020967 17.045454
 121.66274 115.55949 106.73222 0.92361283 0.9498347 6.13986 2.9411764
 15.668417 16.471386 15.151511 0.9198686 1.0512476 10.180991 6.818182
 10.886626 10.106455 9.57119 0.9470373 0.92833674 8.395416 7.9545455
 108.01445 108.556175 100.202995 0.923052 1.0050153 8.096272 4.5454545
 14.257001 12.15276 10.242172 0.84278566 0.8524065 8.830966 6.818182
 134.19586 137.17839 129.90446 0.9469747 1.0222253 8.002592 4.5454545
 134.61195 125.35546 115.60611 0.92222637 0.93123573 6.17715 0.0
 16.99535 12.510104 8.988914 0.71853226 0.7360898 6.3522124 14.0625
 12.658098 10.989616 10.328622 0.9398528 0.8681886 8.490394 14.772727
 132.41237 132.21132 125.8197 0.95165604 0.99848163 8.178388 1.1363636
 114.04206 114.74011 108.26909 0.9436028 1.006121 8.17102 2.2727273
 121.71105 106.23893 78.48837 0.73879105 0.87287825 5.092364 10.0
 133.69197 126.33344 117.502846 0.9301009 0.9449591 6.223455 0.0
 12.291102 9.655066 8.267274 0.8562628 0.78553295 4.3530746 14.772727
 16.641926 16.097252 13.638815 0.84727603 0.96727085 7.7402506 6.818182
 124.42385 116.55596 107.18582 0.91960824 0.93676543 6.0049458 1.4705882
 11.90906 10.87784 10.358665 0.95227224 0.9134088 7.9441504 12.5
 121.92471 117.003944 105.1458 0.8986517 0.9596409 4.31613 1.9230769
 131.64626 124.16359 116.35019 0.93707174 0.94316083 6.466824 0.0
 1.9894389 0.87191755 0.32558292 0.37341022 0.43827307 4.042769 17.5
 132.95856 125.94985 116.496284 0.92494184 0.94728655 6.3358736 1.4705882
 7.773225 6.5367393 6.0163503 0.9203901 0.84093016 7.4022074 14.772727
 124.43052 121.250786 108.97392 0.89874816 0.97444576 4.208904 1.9230769
 123.66119 118.14202 110.000565 0.9310875 0.9553687 6.1789064 1.4705882
 125.03815 127.22723 121.105354 0.95188236 1.0175073 8.14844 1.1363636
 126.41126 126.100716 119.08255 0.94434476 0.9975434 6.8955903 0.0
 127.19056 123.2733 108.0716 0.876683 0.9692016 3.8333724 2.0833333
 127.65427 120.557365 111.69416 0.9264814 0.94440526 5.384458 1.6666666
 68.23188 61.175873 55.257206 0.90325165 0.8965878 8.412114 3.75
 134.00446 141.51224 134.96541 0.9537367 1.0560263 7.4449778 1.25
 12.308725 13.221387 12.82112 0.9697258 1.0741476 6.7649026 6.5789475
 128.96883 135.94818 129.56844 0.9530723 1.0541166 7.0565615 1.3157895
 11.3488865 11.366488 9.170833 0.8068308 1.0015509 6.96126 6.5789475
 110.0503 111.26442 105.47376 0.9479559 1.0110325 6.9931245 3.9473684
 11.368776 11.340029 8.601977 0.75854987 0.99747133 8.260474 9.210526
 27.020168 25.985268 23.794323 0.91568506 0.96169895 4.762514 5.357143
 120.383606 121.91561 111.928215 0.91807944 1.0127261 4.5690455 1.9230769
 122.35612 122.559586 113.07844 0.9226405 1.001663 4.8295255 1.7857143
 117.887375 128.02121 120.26959 0.9394505 1.085962 6.3174214 0.0
 123.2083 127.371796 114.93849 0.9023857 1.0337924 3.9684937 4.1666665
 126.36943 136.73518 129.15633 0.9445727 1.0820273 6.1190085 1.4705882
 130.56877 139.14178 126.1719 0.90678656 1.065659 4.39018 3.8461537
 31.206501 31.963509 28.065107 0.87803584 1.024258 5.072261 7.8125
 125.34721 134.8254 122.449036 0.90820456 1.0756154 5.063298 8.333333
 35.75678 41.3525 36.847275 0.8910531 1.156494 4.6280856 5.769231
 138.79158 148.77248 135.28569 0.9093462 1.0719129 4.2999544 1.9230769
 16.977196 11.152173 3.5365179 0.31711468 0.6568914 1.8648275 7.6923075
 134.91966 141.2486 126.616714 0.89641047 1.0469089 4.191566 1.9230769
 5.7808204 2.0877702 0.74481255 0.35675025 0.36115465 1.7382965 14.583333
 134.51038 141.04178 127.641014 0.9049873 1.0485569 3.8149998 0.0
 1.0 63.67922 61.8171 56.772625 0.91839683 0.9707578 389.61893 7.325215 101.0
