 1.9959574 0.65881914 0.5147066 0.7812563 0.33007675 5.682859 16.666666
 25.367313 8.808089 3.2759056 0.3719201 0.34722203 1.9791992 14.772727
 14.069517 11.853621 10.921753 0.92138547 0.84250367 7.805973 14.772727
 135.79204 123.27733 110.63807 0.89747304 0.9078391 4.805213 5.357143
 130.31532 120.21493 108.20283 0.9000781 0.9224926 5.3092456 3.3333333
 7.232348 2.8830714 0.94498205 0.32776922 0.3986356 1.7210927 13.75
 2.0167882 0.75107557 0.14984582 0.19950831 0.37241173 1.470745 17.1875
 3.5522678 0.62395346 0.17678398 0.28332877 0.17564933 3.0987709 14.473684
 1.6991236 0.62652534 0.15450378 0.24660419 0.3687344 2.0689418 13.636364
 132.96759 124.38248 111.17131 0.89378595 0.9354345 4.941398 1.7857143
 4.688894 3.8344367 3.740049 0.9753842 0.81777 8.141106 20.0
 19.321646 19.135668 17.432146 0.9109766 0.9903746 7.3717675 3.409091
 140.4513 138.52008 130.24034 0.94022715 0.9862499 7.2095213 1.25
 18.318996 16.986591 14.96483 0.88097906 0.9272665 6.4435725 7.5
 13.416556 10.739926 10.173334 0.9472443 0.800498 7.876465 15.909091
 140.46053 136.65169 122.32247 0.8951406 0.9728833 7.1478367 1.25
 143.33778 139.95312 131.43832 0.9391596 0.9763868 7.235985 0.0
 142.88686 112.750946 104.18042 0.9239871 0.7890925 4.573049 10.714286
 111.52874 103.71218 95.38752 0.91973305 0.9299144 7.4225273 1.1904762
 127.56691 125.480545 118.223694 0.9421675 0.98364496 7.364895 1.25
 17.24782 8.801793 5.1341214 0.583304 0.5103134 6.0404906 13.636364
 14.462894 15.125842 12.780985 0.8449767 1.0458379 12.095302 17.857143
 88.36431 86.673515 82.01846 0.9462921 0.9808657 7.777343 1.1363636
 9.623651 7.596583 6.463732 0.8508736 0.789366 4.5747433 11.538462
 139.03235 136.55202 128.33833 0.9398493 0.9821601 7.2346454 0.0
 3.7322023 1.2137464 0.591153 0.48704824 0.32520917 6.122248 15.476191
 127.744606 124.3188 117.16189 0.9424309 0.9731824 7.1920123 0.0
 16.011883 14.282315 10.806721 0.7566505 0.89198226 3.891942 12.5
 122.91418 114.46318 103.5591 0.9047372 0.9312448 5.604924 1.5625
 123.0936 121.59866 114.183105 0.9390161 0.98785526 7.165207 1.25
 143.92993 141.75998 132.4727 0.934486 0.98492354 7.317097 1.25
 31.73645 23.74168 17.536741 0.7386479 0.7480887 6.88289 10.227273
 114.87484 112.62163 105.88727 0.9402036 0.98038554 6.9598694 1.25
 30.665985 29.116282 27.297476 0.937533 0.9494651 7.9089165 7.9545455
 19.437065 12.567351 8.436485 0.6713018 0.64656633 4.2395964 14.285714
 138.0805 112.78602 95.33711 0.845292 0.8168135 5.57948 5.0
 146.39648 143.45557 123.79384 0.862942 0.9799114 6.487596 2.631579
 128.71475 126.582085 114.837975 0.9072214 0.9834311 6.6594415 2.631579
 131.58656 123.09311 107.89535 0.8765344 0.9354535 4.2782974 3.8461537
 137.15102 107.09372 60.265865 0.5627395 0.7808452 1.8898474 5.769231
 129.6224 122.99347 109.42425 0.88967526 0.9488596 4.169764 1.9230769
 137.19691 123.7463 118.14212 0.95471233 0.90196127 6.336682 1.3157895
 129.97247 121.262375 107.27127 0.8846212 0.93298507 4.2449656 0.0
 126.69534 118.47964 104.972946 0.88599986 0.93515384 4.178558 0.0
 132.14894 123.52131 107.534874 0.8705775 0.9347128 3.6099575 0.0
 154.2761 127.193825 64.325615 0.5057291 0.8244558 3.6290026 5.357143
 155.27745 165.42064 155.08514 0.9375199 1.065323 4.7550874 1.7857143
 151.78297 162.0453 151.87929 0.9372644 1.0676118 4.8872004 1.7857143
 145.35089 153.30707 142.41415 0.9289471 1.0547377 4.847396 1.7857143
 143.27841 152.07144 140.92183 0.92668176 1.0613703 3.7264848 2.0833333
 165.13138 127.105995 66.36969 0.5221602 0.76972646 3.6106505 7.8125
 146.58727 156.82501 143.86595 0.91736615 1.0698407 4.7483487 1.7857143
 145.37396 155.41956 145.80362 0.9381292 1.0691017 4.805533 0.0
 137.12744 148.3124 139.83887 0.94286704 1.0815661 4.736716 1.7857143
 143.97194 155.31267 146.56396 0.94367045 1.0787704 4.632249 1.7857143
 141.19252 150.15825 141.1526 0.94002557 1.0635 4.7028174 1.7857143
 8.415985 6.5604134 4.456121 0.6792439 0.7795182 3.4615343 11.666667
 150.8494 136.58112 53.32296 0.39041242 0.90541375 2.9104176 7.142857
 152.81006 128.50807 97.83379 0.7613047 0.84096605 4.799441 5.357143
 142.49744 153.62077 143.71356 0.93550867 1.0780599 4.7496376 1.7857143
 134.98448 146.88406 137.70157 0.9374848 1.0881552 4.821767 1.7857143
 143.2823 153.06204 144.16528 0.94187486 1.068255 4.6834135 1.7857143
 137.75946 119.75016 90.37683 0.75471157 0.86926997 3.7396648 7.6923075
 144.68498 155.22223 141.71783 0.91299963 1.0728289 4.3545575 1.9230769
 15.748044 10.337001 8.409122 0.81349736 0.656399 4.2678924 14.285714
 1.0 97.197014 92.90754 81.17409 0.87370825 0.95586824 490.39996 6.037364 65.0
