 8.83402 7.4731364 6.560305 0.8778517 0.8459497 9.988885 13.636364
 9.608121 9.106582 7.842803 0.8612236 0.94780046 4.6978087 9.615385
 11.440225 10.958783 9.897199 0.9031293 0.95791686 9.09991 7.9545455
 14.903362 13.073919 11.888441 0.9093249 0.8772463 9.585601 6.818182
 16.299837 11.49296 10.365809 0.9019268 0.70509666 8.646627 14.772727
 91.055855 79.69028 68.58958 0.860702 0.8751801 4.462222 15.384615
 9.184708 6.9397836 6.170615 0.8891654 0.75558025 8.663699 13.636364
 3.5922692 1.2735293 0.4193981 0.32931957 0.35451946 4.818211 18.181818
 21.328884 18.384512 16.972157 0.92317694 0.86195374 7.5235963 3.9473684
 7.39332 3.0666478 2.4202585 0.78921956 0.41478628 8.706684 15.909091
 3.2247047 0.8269444 0.16213335 0.19606318 0.25644034 1.9375943 17.857143
 22.976583 22.43396 20.91742 0.93239975 0.9763836 8.40958 11.363636
 103.810486 81.993004 75.26504 0.9179446 0.78983355 8.831382 18.181818
 5.085148 2.4546018 1.4229615 0.5797118 0.48270014 5.396798 14.285714
 3.5070662 2.7519176 2.3140638 0.8408914 0.784678 7.4756174 16.666666
 76.01423 70.47077 64.57674 0.916362 0.92707336 8.957458 7.9545455
 18.110851 17.45057 16.315828 0.934974 0.9635421 9.022231 6.818182
 4.982502 3.4190435 2.9713821 0.86906826 0.6862102 9.504501 14.772727
 77.77016 61.626366 55.919735 0.9073995 0.79241663 8.571434 12.5
 6.191249 4.0652504 3.4270177 0.8430028 0.65661234 8.5844345 12.5
 14.773631 5.610576 3.7098594 0.6612261 0.37976962 5.2068343 14.772727
 3.4530032 1.2346969 0.3405141 0.27578762 0.3575719 3.0128112 20.238094
 18.154892 16.735943 15.427307 0.92180693 0.92184204 8.878512 11.363636
 8.801852 2.7219992 0.5669585 0.20828752 0.309253 1.8602921 15.909091
 11.593126 10.241655 9.686189 0.945764 0.8834248 8.5189495 12.5
 13.035958 4.497931 2.9932346 0.66546917 0.3450403 4.959872 15.0
 14.632947 10.762343 9.35066 0.8688313 0.7354871 8.43506 14.772727
 12.458399 11.938364 10.917843 0.9145175 0.95825833 8.84577 9.090909
 100.82853 97.22022 89.910904 0.9248169 0.96421343 8.897844 3.409091
 15.084582 12.979687 11.978214 0.9228431 0.8604605 8.972561 10.227273
 8.462026 5.972352 5.384955 0.90164727 0.7057828 9.147668 14.772727
 9.29921 8.45932 7.812599 0.9235493 0.9096817 8.937778 6.818182
 13.16719 11.614936 10.648367 0.9167823 0.88211197 8.712873 15.909091
 11.703118 10.041324 9.162565 0.9124858 0.85800415 8.796201 9.090909
 12.123677 10.717001 9.77799 0.91238123 0.8839728 8.790067 13.636364
 11.015426 6.45829 5.0666103 0.7845127 0.58629507 7.2478304 14.772727
 108.69216 104.15151 96.405174 0.9256243 0.9582247 8.921822 10.227273
 8.970776 8.148727 7.4950404 0.91978043 0.90836376 8.903486 13.636364
 5.348702 3.2596393 2.5837104 0.79263693 0.6094262 8.740644 17.045454
 11.7989645 7.726185 6.821991 0.8829702 0.6548189 8.806275 14.772727
 4.35679 1.7384464 0.8547922 0.49169892 0.39902 4.8939614 17.045454
 19.499056 10.890986 8.850559 0.81264985 0.55853915 7.8550677 15.909091
 11.290808 10.065062 9.233456 0.91737705 0.89143854 8.6912985 11.363636
 5.9469395 4.5566826 3.983106 0.87412405 0.76622313 8.579589 13.636364
 7.841929 6.8750744 6.444812 0.937417 0.8767071 9.48498 14.772727
 9.280091 3.100406 0.9292562 0.29972082 0.3340922 3.2394655 17.045454
 41.53959 12.650428 9.831586 0.77717423 0.30453905 7.2413545 14.772727
 12.1674385 10.145655 9.0374155 0.8907671 0.83383656 9.268848 12.5
 26.024181 25.695704 24.016472 0.9346493 0.98737794 8.835305 5.681818
 13.070843 9.336288 8.676799 0.9293628 0.7142836 9.707458 12.5
 12.837618 11.0685625 9.77508 0.8831391 0.8621975 8.773671 9.090909
 27.223696 26.05753 24.266184 0.9312542 0.9571635 9.114086 5.681818
 103.263664 99.114655 92.05623 0.92878526 0.9598212 8.919301 3.409091
 10.556526 9.760274 8.962528 0.9182661 0.92457247 8.416942 9.090909
 103.40977 93.34789 86.26922 0.9241689 0.902699 9.026742 13.636364
 16.265572 14.36948 12.819188 0.8921122 0.88342917 10.604212 4.5454545
 13.419738 12.546072 11.831174 0.94301814 0.93489695 8.454495 12.5
 9.506829 7.884839 6.720973 0.8523919 0.82938683 9.317732 12.5
 8.429746 6.661495 6.3468885 0.9527724 0.7902368 8.956663 14.285714
 4.318088 1.1013272 0.20812993 0.188981 0.25504974 2.0347638 18.181818
 12.609467 8.505634 7.171035 0.84309226 0.67454356 9.486176 11.363636
 6.43554 5.8378677 5.215168 0.89333445 0.9071294 9.005379 13.636364
 8.947899 6.476587 5.6746054 0.8761722 0.7238109 8.912014 11.363636
 4.4471874 2.3692584 1.975074 0.83362544 0.53275436 8.897421 17.857143
 84.8934 81.18132 75.19061 0.9262059 0.95627356 8.986874 3.409091
 2.4635065 0.7435527 0.2047646 0.2753868 0.30182698 3.1617208 19.318182
 9.76061 6.5647583 5.7507606 0.87600493 0.67257667 8.304312 13.636364
 97.76336 90.55364 82.98082 0.91637194 0.9262534 8.963999 13.636364
 4.7990828 1.2465374 0.4224553 0.338903 0.25974494 1.8854828 14.772727
 104.33508 99.33763 92.08345 0.9269745 0.9521019 9.0245 10.227273
 8.887118 7.0827975 6.3406444 0.8952175 0.79697347 8.642218 11.363636
 8.788432 7.875662 7.211222 0.9156338 0.89613956 8.905654 12.5
 17.217808 15.968045 14.743444 0.9233093 0.9274145 8.943509 10.227273
 23.460812 23.270697 21.870768 0.9398416 0.99189645 8.754025 12.5
 71.03375 34.03205 28.549063 0.83888745 0.47909695 7.7296944 14.772727
 116.98442 86.59943 78.73083 0.90913796 0.74026465 8.734452 15.909091
 11.605152 7.6644716 6.0519285 0.789608 0.660437 7.603173 14.772727
 10.133041 8.321317 7.7298746 0.92892444 0.8212063 9.166051 13.636364
 6.7794137 4.1470666 3.5195282 0.848679 0.6117146 7.989806 15.909091
 5.2797923 4.1749315 3.6448705 0.87303716 0.79073787 6.364949 12.5
 8.785676 7.8420253 7.264696 0.92638016 0.89259213 8.796596 14.772727
 9.736099 7.872338 6.851663 0.8703467 0.80857205 9.434716 10.227273
 33.759068 32.970657 30.877234 0.93650645 0.976646 8.433358 0.0
 17.158054 16.587524 14.668323 0.8842985 0.9667486 4.495392 7.6923075
 92.271164 84.37881 78.418076 0.92935747 0.9144656 8.905015 10.227273
 104.95775 94.80614 86.71559 0.9146622 0.90327907 8.831503 12.5
 85.756454 70.30176 65.32853 0.9292588 0.8197839 7.9905305 12.5
 9.82659 8.396853 7.7022147 0.91727394 0.85450333 8.610869 17.045454
 72.00971 68.740814 64.021385 0.9313446 0.9546047 9.081759 3.409091
 9.51706 4.3073397 3.0962741 0.71883684 0.4525914 7.3263245 13.636364
 7.6356177 3.6105986 2.9194155 0.8085683 0.47286266 10.5661335 15.0
 12.748789 12.054467 11.23899 0.9323507 0.9455382 8.8886595 11.363636
 17.723988 15.870281 14.700201 0.9262723 0.89541256 9.052868 6.818182
 13.1926775 11.536624 9.990495 0.86598074 0.8744718 5.6023374 8.333333
 11.159863 5.2520995 4.6910286 0.893172 0.47062397 5.0756483 13.461538
 1.6817241 0.7794047 0.1865519 0.23935178 0.46345574 1.7843326 17.045454
 10.621882 9.780637 8.650949 0.8844974 0.92080075 8.989967 11.363636
 10.533395 6.255907 3.2865746 0.52535546 0.5939117 4.1513834 15.909091
 7.5545936 6.5193443 5.7989264 0.8894954 0.8629643 9.092744 9.090909
 25.96361 22.374252 20.53508 0.9177996 0.8617543 9.083075 1.1363636
 13.74966 13.108055 12.083617 0.92184675 0.9533367 8.8093195 7.9545455
 17.675022 15.398217 13.96407 0.9068628 0.8711851 8.587341 11.363636
 101.53435 92.73814 84.62939 0.9125629 0.9133671 8.869462 4.5454545
 10.38375 8.707985 7.8384027 0.90013963 0.8386166 9.15877 10.227273
 8.279205 4.160128 2.9184294 0.7015239 0.50247914 6.6625085 13.636364
 10.675528 8.89367 7.9779167 0.89703315 0.83308953 9.582055 14.772727
 9.403836 4.6826606 3.9603975 0.845758 0.49795213 8.91516 14.772727
 4.630722 3.8164287 3.3278902 0.8719907 0.82415414 8.7683325 15.476191
 8.20235 4.326523 2.1289723 0.4920747 0.52747357 3.5363438 15.909091
 13.532169 12.493407 11.51482 0.9216717 0.92323756 8.719682 3.409091
 10.695492 9.289273 8.641392 0.9302549 0.8685223 8.843495 12.5
 7.0925207 5.720606 5.1991444 0.90884507 0.8065688 8.729551 7.9545455
 14.867221 13.798029 12.89113 0.9342733 0.92808396 8.220808 13.636364
 13.683939 9.19961 8.461554 0.9197731 0.67229253 8.515234 12.5
 11.529217 5.751997 4.7417693 0.8243692 0.49890614 8.458587 12.5
 13.625236 12.869278 11.929827 0.9270005 0.9445178 8.877011 14.772727
 19.28383 17.976252 16.741116 0.9312907 0.932193 9.053138 5.681818
 6.9234514 2.4559112 0.8986992 0.3659331 0.35472354 2.025843 14.772727
 14.261952 13.039892 12.074289 0.9259501 0.91431326 8.895534 13.636364
 11.072239 9.616161 8.583685 0.8926311 0.86849296 7.264476 11.363636
 10.454804 8.188569 7.494521 0.91524184 0.783235 9.238144 13.636364
 23.960161 17.112284 15.541529 0.9082089 0.7141973 10.235205 14.772727
 14.390297 11.319735 10.324962 0.91212046 0.7866227 8.8794365 12.5
 3.3736663 1.2098573 0.3779095 0.3123587 0.35861796 3.9006407 15.909091
 8.861894 8.951844 8.4659815 0.9457248 1.0101503 9.005034 9.090909
 13.274266 13.210648 12.273051 0.9290272 0.9952074 8.781295 4.5454545
 13.440302 12.677519 11.736642 0.9257838 0.9432466 8.956858 9.090909
 9.435304 5.297931 4.7596536 0.89839846 0.56150085 8.351654 14.772727
 21.050169 19.339144 17.916433 0.9264336 0.9187168 8.859516 11.363636
 1.8082802 0.64584684 0.20705767 0.32059872 0.3571608 2.8291821 19.444445
 12.551694 12.1645155 11.317118 0.9303385 0.9691533 8.870588 11.363636
 3.6597226 0.9263689 0.48515916 0.52372134 0.25312543 7.7795568 19.736841
 18.050575 16.67621 15.2803 0.91629326 0.92386043 8.875403 4.5454545
 12.443435 10.109477 9.342725 0.9241551 0.8124346 8.828967 18.181818
 6.7033896 1.6078616 0.3610328 0.22454222 0.23985799 1.7159357 15.909091
 5.638616 4.932114 4.495131 0.91140044 0.874703 8.540653 11.363636
 2.7377896 0.7456995 0.20313859 0.27241346 0.2723728 1.7976834 17.857143
 7.8249965 2.0907278 0.32917863 0.15744692 0.26718578 1.3285794 13.636364
 80.80661 77.39875 71.85869 0.9284218 0.957827 8.966181 2.2727273
 15.151285 7.9354124 5.594389 0.7049903 0.5237452 6.471924 12.5
 4.9339247 1.5767108 0.4830812 0.3063854 0.3195652 2.6378844 17.857143
 11.2916975 8.928566 8.113269 0.90868676 0.7907195 9.323753 14.772727
 6.3364506 5.2527804 4.897834 0.932427 0.8289783 8.924067 18.181818
 15.260387 15.341395 7.763491 0.50604856 1.0053084 7.098983 11.363636
 5.750287 3.905764 3.4546838 0.8845091 0.6792294 9.616667 15.909091
 15.240281 13.538201 12.041631 0.88945574 0.888317 5.616335 8.333333
 3.4305649 1.5020591 0.832039 0.55393225 0.437846 6.7155414 19.047619
 98.34294 92.405556 84.39254 0.9132843 0.93962574 9.2062 7.9545455
 72.700516 54.78301 50.46362 0.9211546 0.7535436 8.806336 12.5
 17.32801 13.241289 11.057645 0.83508825 0.7641552 6.639927 10.9375
 14.560016 12.160142 10.287046 0.8459644 0.8351737 10.426038 12.5
 25.4753 24.007677 21.755447 0.9061871 0.9423904 8.148073 4.7619047
 6.197271 4.049507 3.0046585 0.74198127 0.6534339 5.4777803 14.0625
 41.167267 35.981922 32.76992 0.91073287 0.87404203 7.9754295 9.523809
 23.708044 21.260849 19.420347 0.91343236 0.89677787 8.279603 10.714286
 73.8644 41.97984 36.42692 0.86772424 0.56833655 7.6741686 13.095238
 79.869194 70.909164 66.42965 0.9368274 0.88781613 7.3563643 6.5789475
 26.829132 24.610504 22.588633 0.91784525 0.91730523 6.465062 1.3888888
 12.408752 10.943856 10.275592 0.93893707 0.88194644 6.5057373 9.722222
 104.08895 100.93577 93.50921 0.9264229 0.9697069 6.4485235 1.4705882
 87.67079 84.01139 77.14979 0.9183253 0.9582597 5.95057 3.125
 18.176249 15.113891 13.487332 0.8923799 0.83151865 4.670515 9.375
 73.066315 59.85261 54.394886 0.9088139 0.8191546 5.830238 15.625
 13.275508 12.854841 11.76526 0.91523963 0.96831256 5.384272 6.6666665
 2.659735 2.8291872 2.5848317 0.9136305 1.0637102 3.8565369 16.666666
 4.8573947 1.6377372 1.2760396 0.7791479 0.33716372 4.3940644 11.538462
 13.746179 10.632782 9.071985 0.853209 0.7735082 4.817727 8.333333
 81.999374 43.402863 38.668392 0.8909181 0.52930725 4.009257 12.5
 0.99408287 24.578175 20.457355 18.457222 0.90222913 0.83233833 167.55614 11.976787 169.0
