 4.2069516 2.3621814 2.12288 0.8986947 0.56149477 4.514768 10.714286
 23.337072 21.33087 20.057652 0.940311 0.91403365 8.765045 9.090909
 7.2268767 6.3463793 5.9195256 0.93274057 0.87816346 8.706336 10.227273
 23.817232 21.59521 20.186192 0.9347532 0.90670526 9.332487 12.5
 21.472036 11.14707 9.43915 0.8467831 0.5191436 5.371864 18.055555
 17.101107 16.212866 15.359188 0.94734573 0.9480594 8.953775 9.090909
 4.506274 1.2808064 0.28374097 0.22153307 0.28422737 2.2128265 15.476191
 9.204233 7.4128113 6.8947906 0.9301182 0.8053698 8.816775 15.909091
 34.753372 30.53194 29.120905 0.95378494 0.87853175 8.957337 6.818182
 12.0748005 6.9060855 6.45377 0.9345048 0.571942 6.892138 16.17647
 3.1854198 2.2180507 1.9194984 0.8653988 0.6963135 8.647801 17.045454
 2.0888064 0.664499 0.16978183 0.2555035 0.3181238 1.992968 15.909091
 2.6837137 0.67955434 0.20618829 0.30341694 0.25321415 3.6574037 19.318182
 27.622953 22.149685 20.772242 0.9378121 0.8018579 8.848418 10.227273
 5.8699145 5.150229 4.9080725 0.9529815 0.8773942 9.146876 16.666666
 9.495732 4.814078 3.9027572 0.81069666 0.5069728 8.073364 17.045454
 84.13513 61.84099 55.721508 0.9010449 0.7350198 6.8914022 15.277778
 11.164783 5.835832 4.953748 0.8488503 0.5227 8.555729 12.5
 15.551926 14.236919 13.635877 0.9577828 0.9154442 8.553577 12.5
 8.381478 7.1838593 6.663659 0.9275876 0.8571112 9.088151 16.666666
 9.253254 5.879311 5.262093 0.8950187 0.6353777 8.118303 14.772727
 30.174923 24.834665 23.067038 0.9288242 0.8230233 9.028739 9.090909
 19.492281 12.921307 11.665112 0.9027811 0.66289353 8.86784 17.045454
 39.92122 29.778141 27.857283 0.93549436 0.7459226 9.17003 13.636364
 23.683815 21.700487 20.605358 0.94953436 0.91625816 9.61692 9.090909
 37.587833 32.982403 31.225536 0.94673324 0.8774755 9.105867 3.409091
 6.496094 5.022748 4.7049704 0.9367323 0.7731951 8.927951 11.363636
 9.951782 7.4974403 6.9568787 0.92790055 0.7533766 8.652203 10.227273
 8.583501 6.7312613 6.055215 0.8995662 0.7842094 8.391975 11.363636
 16.999174 12.83142 11.827932 0.9217945 0.75482607 8.330164 15.909091
 13.059296 7.1562047 6.0379963 0.84374285 0.5479778 9.889778 13.636364
 11.799769 8.438608 6.9145665 0.81939656 0.7151503 5.556187 15.625
 19.334517 17.493893 16.462774 0.9410584 0.90480113 8.544643 10.227273
 0.907462 0.2507743 0.060517583 0.24132292 0.27634686 1.8664385 25.0
 16.633194 14.82703 14.050115 0.9476014 0.8914121 8.478725 5.681818
 23.452791 18.833378 17.693691 0.93948585 0.80303353 8.629551 11.363636
 10.298551 8.422632 7.9751463 0.946871 0.8178465 7.9245048 14.772727
 20.936123 18.401646 16.866446 0.9165727 0.8789424 9.531759 15.909091
 9.41097 8.491241 7.957937 0.9371935 0.9022707 9.373239 5.681818
 40.997074 35.552856 33.232758 0.9347423 0.8672047 9.244038 14.772727
 12.304175 10.351772 9.568935 0.9243765 0.84132195 8.979938 15.909091
 14.401251 8.399858 7.641565 0.9097254 0.5832728 8.572596 12.5
 10.459523 10.127837 9.516705 0.9396581 0.96828866 6.295117 10.9375
 26.57183 20.11119 18.739037 0.9317716 0.7568613 8.520461 17.045454
 8.785854 7.886889 7.2471056 0.91888016 0.89768034 6.8504415 12.5
 8.30882 7.761709 7.3401165 0.945683 0.9341531 8.85102 11.363636
 47.818146 41.381573 38.62153 0.9333026 0.8653947 6.223038 9.375
 15.593358 14.165366 13.499098 0.95296496 0.90842307 8.959069 10.227273
 15.117479 13.613348 12.954477 0.95160115 0.9005038 9.28167 13.636364
 11.795282 10.349137 9.838009 0.9506114 0.8773963 8.751456 12.5
 21.311567 18.901508 17.549881 0.9284911 0.88691306 8.840654 10.227273
 13.182407 9.471268 8.693726 0.9179052 0.71847785 9.468271 17.045454
 50.510773 46.652657 42.473125 0.9104117 0.92361796 6.0259185 1.5625
 13.678829 12.102665 11.215203 0.9266722 0.8847735 8.936979 14.772727
 5.095098 3.2820845 2.818346 0.8587062 0.6441651 5.176846 15.0
 8.9642515 7.818638 7.2747917 0.93044233 0.872202 8.758766 11.363636
 15.456605 8.738517 7.834218 0.8965158 0.5653581 8.888528 12.5
 17.356573 8.639623 8.267171 0.9568903 0.4977724 9.35591 15.909091
 13.510433 10.548395 9.368918 0.88818425 0.7807592 7.609113 15.909091
 26.115929 22.137503 19.962881 0.9017675 0.84766287 4.563212 16.071428
 11.7527275 9.093298 8.293305 0.91202396 0.7737181 8.865585 17.045454
 13.221264 9.559735 8.903362 0.93133986 0.72305757 8.85142 15.909091
 9.845693 8.532895 7.7064905 0.90315074 0.86666274 7.994805 10.227273
 12.924981 5.4075403 2.968676 0.5489883 0.41837898 4.479092 15.909091
 4.6405745 0.9231047 0.23189636 0.2512135 0.19892034 2.4460125 15.909091
 50.181107 23.248642 19.545012 0.8406947 0.46329474 7.987361 18.181818
 25.875174 23.093328 21.760069 0.94226646 0.89248973 9.020453 13.636364
 19.063349 16.514883 14.993698 0.90788996 0.866316 8.472853 4.5454545
 19.689043 17.236197 16.503942 0.95751643 0.87542075 8.3898325 14.772727
 10.601179 9.23497 8.920488 0.9659467 0.8711267 9.314641 14.772727
 8.508118 7.479459 6.927116 0.926152 0.87909675 9.169631 12.5
 13.532103 9.215243 4.66165 0.505863 0.68099123 6.9261546 13.636364
 54.056416 45.44931 40.358486 0.8879889 0.8407755 4.567882 1.9230769
 4.8551993 3.7495306 3.329308 0.88792664 0.7722712 9.5448 13.636364
 30.942497 29.720339 28.279007 0.9515035 0.96050227 8.522716 2.2727273
 11.087307 8.182148 7.4957614 0.91611165 0.7379744 9.019556 14.772727
 29.371956 10.470347 7.6120763 0.72701275 0.3564743 7.6598444 15.909091
 42.030106 37.792732 35.763824 0.9463149 0.8991825 8.784277 4.5454545
 5.6883035 3.6370971 2.7214146 0.748238 0.6393993 8.793993 13.636364
 16.453585 11.585687 10.672045 0.92114043 0.70414364 8.3221 11.363636
 9.653817 6.0271635 5.3842206 0.8933258 0.62432957 8.570553 15.909091
 20.36368 18.732687 17.765789 0.9483844 0.91990685 8.973417 15.909091
 9.1458235 2.0860622 1.0029227 0.48077312 0.22808906 4.6248603 18.181818
 7.4269285 4.161169 3.5725608 0.8585474 0.5602813 7.4013577 13.636364
 11.695952 7.6856084 6.527238 0.8492806 0.65711695 8.269747 15.909091
 15.053549 12.130967 11.479402 0.9462891 0.8058543 8.340398 14.772727
 16.977266 11.153454 9.864412 0.88442665 0.65696406 8.821084 14.772727
 21.972717 19.932632 18.77711 0.9420285 0.9071537 9.870259 6.818182
 21.781864 19.12337 17.640488 0.92245704 0.8779492 7.4496827 7.894737
 29.345465 24.811678 23.422148 0.9439969 0.845503 8.389565 14.772727
 24.91261 22.088411 20.968855 0.94931483 0.8866358 8.930986 5.681818
 23.726606 20.320112 18.957312 0.93293345 0.85642725 7.5543823 3.75
 13.100885 10.633995 5.981883 0.5625245 0.8117005 5.0845847 10.227273
 10.477884 7.7465158 7.0978284 0.9162608 0.73932064 8.742146 13.636364
 14.032542 8.893706 7.350582 0.82649255 0.6337915 9.075744 11.363636
 18.410992 16.857891 15.951069 0.9462078 0.91564274 9.09999 9.090909
 5.842781 3.398891 2.7708454 0.8152204 0.5817249 7.028691 15.0
 9.205685 7.1994834 6.5137753 0.90475595 0.7820693 8.643276 13.636364
 16.405516 12.32962 11.295878 0.9161578 0.7515534 9.6714525 7.9545455
 23.543669 19.328634 18.101677 0.93652123 0.8209696 8.608389 7.9545455
 13.274036 8.903101 7.465101 0.8384832 0.67071545 6.251841 11.363636
 31.45901 19.247627 17.205166 0.893885 0.6118319 8.69363 13.636364
 21.300556 20.447756 19.606075 0.9588375 0.9599635 8.840375 3.409091
 13.298855 3.660725 1.2489586 0.34117794 0.2752662 2.306281 19.318182
 7.259617 6.757961 6.2222133 0.9207235 0.9308978 8.709403 17.045454
 31.840601 27.935406 26.335808 0.9427394 0.8773517 8.930462 6.818182
 31.694061 27.10545 25.089462 0.92562425 0.85522175 8.980558 14.772727
 20.781418 11.219053 10.47891 0.934028 0.53985983 8.511372 15.909091
 20.208935 15.383476 14.14074 0.91921616 0.76122147 8.736201 13.636364
 11.917746 9.528264 8.892861 0.9333139 0.7995022 9.029164 10.227273
 24.257364 21.310589 19.966074 0.93690854 0.8785204 8.790076 12.5
 13.759272 9.081751 8.134552 0.895703 0.6600459 8.3491955 14.772727
 13.309055 6.009189 1.8083681 0.3009338 0.45151132 3.2785301 14.772727
 9.485271 5.5199804 4.745595 0.85971224 0.5819528 8.783888 15.909091
 54.874554 48.72905 46.262062 0.9493734 0.88800806 8.799159 11.363636
 14.837677 7.727912 6.847387 0.8860591 0.5208303 7.501187 17.045454
 12.226422 10.346546 9.227231 0.8918175 0.8462448 3.9205248 10.416667
 10.843563 5.5835934 4.5270667 0.8107801 0.5149224 3.8876228 8.333333
 7.730498 4.343968 3.929233 0.9045263 0.561926 8.43066 13.636364
 6.9903817 5.1546216 4.304018 0.83498234 0.7373877 8.034211 9.090909
 42.555138 38.643433 36.413338 0.9422904 0.90807915 8.721089 1.1363636
 30.301254 24.682056 22.849836 0.9257671 0.8145556 7.2830224 8.333333
 31.17251 24.549877 21.577362 0.87891936 0.7875489 3.9208226 10.416667
 33.359203 29.064116 27.704752 0.95322883 0.8712473 8.711746 12.5
 23.402502 14.257834 12.836087 0.9002831 0.609244 8.6994505 17.045454
 10.673106 9.498432 8.998679 0.9473858 0.8899408 8.452167 17.045454
 8.631534 8.172892 7.7888083 0.9530052 0.9468645 8.16716 10.0
 12.153759 8.69601 7.7032447 0.8858367 0.7154996 6.826953 10.526316
 23.825403 23.18889 22.180153 0.9564991 0.97328424 7.26328 0.0
 35.44815 32.876957 31.45408 0.9567211 0.9274661 7.8294315 11.842105
 14.681202 8.499001 6.0969048 0.7173673 0.5789036 4.755431 14.705882
 49.50365 32.78818 29.028868 0.88534546 0.6623387 6.1089187 11.764706
 47.23122 47.341976 44.163662 0.9328647 1.002345 6.2484546 5.882353
 36.619076 35.7925 32.466007 0.90706176 0.9774277 5.7397003 1.5625
 3.7337253 2.2933886 2.0305593 0.88539696 0.614236 5.9093184 13.333333
 14.17106 12.686443 11.925193 0.939995 0.895236 6.2182474 10.9375
 1.0 18.819117 14.795482 13.495025 0.9121045 0.7861942 117.445366 12.317182 136.0
