 107.31406 104.73945 96.97527 0.9258715 0.97600865 8.712695 7.9545455
 19.859165 19.470522 17.90021 0.9193492 0.98043 8.766865 4.5454545
 107.966774 106.26002 98.06763 0.92290246 0.9841918 8.722728 7.9545455
 108.40478 106.49775 98.22229 0.9222945 0.9824083 8.575155 1.1363636
 104.429596 96.90609 89.16722 0.9201405 0.9279562 8.430855 7.9545455
 98.2672 92.74919 84.636086 0.9125264 0.9438469 8.545612 12.5
 104.852005 97.29992 87.08544 0.8950207 0.92797387 6.376569 10.294118
 5.574059 4.3179874 3.728372 0.8634514 0.7746576 6.1332803 12.5
 95.13504 91.04915 82.73047 0.9086353 0.95705163 8.532869 9.090909
 11.127646 8.975808 8.032446 0.8948994 0.8066223 6.7009144 19.318182
 94.9316 83.95025 76.16023 0.90720683 0.8843235 8.600152 14.772727
 10.071919 8.666547 7.9769697 0.9204323 0.86046624 8.189858 12.5
 102.9967 101.1483 93.04885 0.91992503 0.9820538 8.672666 12.5
 93.470345 86.7375 78.81627 0.9086758 0.92796814 8.661007 9.090909
 100.21576 95.01528 86.31343 0.9084163 0.9481072 8.625084 13.636364
 3.5116258 0.75114876 0.24855912 0.33090532 0.21390343 3.3714454 19.047619
 3.7743256 1.6476885 0.602051 0.36539128 0.43655175 2.6489596 16.25
 90.569244 87.00032 79.54073 0.9142579 0.9605945 8.55033 7.9545455
 96.270515 90.38394 81.726105 0.9042104 0.9388538 8.630657 4.5454545
 105.09177 101.42715 93.47693 0.92161644 0.9651293 8.649441 5.681818
 9.805817 5.314689 4.605542 0.86656857 0.54199356 8.107601 12.5
 94.00529 92.22265 85.06173 0.9223518 0.98103684 8.688289 7.9545455
 107.067535 100.73932 92.2407 0.9156375 0.9408951 8.64301 9.090909
 88.43807 86.9971 80.28427 0.92283845 0.9837064 8.738634 5.681818
 110.064445 98.677826 90.52058 0.9173345 0.8965459 8.667473 15.909091
 108.18222 106.32534 98.2072 0.9236481 0.9828356 8.73128 2.2727273
 4.3838654 4.001868 3.6064284 0.9011863 0.9128628 8.92389 13.636364
 87.09927 87.145546 73.33118 0.8414793 1.0005313 4.0158324 12.5
 6.225055 3.5691721 2.429059 0.6805665 0.5733559 7.3862844 14.285714
 101.99151 94.94859 86.817856 0.91436696 0.93094605 8.655869 9.090909
 96.17755 92.0616 84.85056 0.9216716 0.9572047 8.683571 13.636364
 4.6282783 0.8403017 0.17877959 0.21275641 0.18155816 2.4301314 17.045454
 103.444084 84.81047 77.49469 0.9137396 0.8198678 8.635324 14.772727
 95.23236 91.84037 84.95963 0.92507935 0.964382 8.732274 12.5
 114.06435 103.85503 95.90411 0.9234422 0.91049504 7.7953696 8.75
 99.82443 90.29335 83.36184 0.92323345 0.9045216 7.5917706 11.25
 101.49448 99.257355 90.92428 0.91604567 0.9779582 5.1209607 11.666667
 92.78272 79.60823 72.45687 0.91016805 0.8580071 4.847989 14.285714
 88.19366 79.00199 72.18286 0.91368407 0.89577866 4.3824043 13.461538
 1.0 76.33177 71.448845 65.22753 0.9129264 0.93603015 570.0045 11.013299 39.0
