 0.45101127 0.17357038 0.04167582 0.24010904 0.3848471 1.9101757 50.0
 2.4948537 0.721889 0.1464015 0.20280333 0.28935125 1.6786535 20.833334
 9.326915 9.291815 8.7204275 0.93850636 0.99623674 9.179377 14.772727
 1.5872972 0.523522 0.08923956 0.17046 0.32981977 1.5863676 18.75
 1.8700006 0.5164813 0.10569104 0.20463672 0.2761931 1.6859205 20.454546
 101.92483 104.05556 97.62582 0.9382086 1.0209049 9.058857 1.1363636
 1.3260534 0.30235603 0.051817693 0.17137972 0.22801197 1.2984134 21.25
 115.53011 113.88262 103.7705 0.91120577 0.9857397 6.1235204 3.125
 1.2167257 0.34372142 0.049216427 0.14318697 0.28249705 1.4506098 23.4375
 1.8193502 0.49332884 0.07322563 0.14843169 0.2711566 1.3035724 18.75
 116.13215 116.81966 109.744316 0.93943363 1.00592 9.039367 1.1363636
 4.1879344 3.1545312 2.8020158 0.88825107 0.75324273 9.011698 14.772727
 116.370575 118.15007 106.0443 0.897539 1.0152917 5.691547 3.3333333
 49.472366 41.763374 38.905766 0.9315762 0.8441759 9.073837 6.818182
 2.0471187 0.75985986 0.19957471 0.26264673 0.37118506 3.4379737 20.833334
 4.7368364 3.2864413 2.8854911 0.87799865 0.69380516 9.304957 12.5
 3.9227457 3.3497715 2.9802337 0.8896827 0.8539354 8.557003 14.772727
 119.358406 116.371605 105.85515 0.9096305 0.9749762 6.314671 1.4705882
 1.0 36.32085 35.22001 32.22727 0.91502726 0.9696913 259.0321 14.89704 18.0
