 110.51826 107.08422 99.44777 0.92868745 0.96892786 8.926557 6.818182
 14.3875475 15.679046 15.002074 0.9568232 1.089765 9.583283 4.5454545
 8.647058 7.028936 6.031589 0.85810846 0.81287026 8.110415 10.227273
 13.188746 11.044001 10.455748 0.94673544 0.83738065 8.948327 12.5
 14.150478 10.216122 8.824309 0.86376315 0.721963 8.064443 9.090909
 13.243324 11.45697 10.79577 0.9422884 0.86511284 9.141848 9.090909
 100.05829 93.72832 87.37484 0.9322139 0.9367371 7.5926476 7.894737
 89.21765 88.22123 84.16135 0.9539806 0.9888315 9.054741 0.0
 106.16592 103.247314 93.62204 0.9067746 0.9725091 3.8306494 2.0833333
 105.93932 100.181046 95.601555 0.9542879 0.9456455 8.736405 11.363636
 18.28479 16.078445 14.757855 0.9178658 0.8793345 10.042516 13.636364
 7.8937206 6.320251 5.999303 0.9492191 0.8006682 8.712653 5.681818
 9.1334915 7.730215 7.268879 0.94032043 0.8463592 10.432105 15.909091
 18.673813 16.0084 11.849102 0.7401803 0.85726464 8.4970255 6.818182
 16.485449 16.61607 15.755958 0.9482361 1.0079235 9.761516 6.818182
 100.877945 100.147354 95.86264 0.95721585 0.9927577 8.948048 10.227273
 105.62094 105.00797 100.12859 0.95353323 0.99419653 9.049882 1.1363636
 109.56242 107.47656 102.62414 0.95485127 0.98096186 9.013644 13.636364
 105.7431 102.952576 98.370445 0.95549285 0.97361034 8.990091 1.1363636
 1.9173899 0.6083938 0.20832446 0.34241715 0.31730312 3.7038014 17.647058
 108.68395 107.549416 101.518936 0.9439283 0.98956114 9.181349 3.409091
 5.850532 4.276492 2.6771255 0.6260097 0.7309578 7.519913 15.476191
 4.073116 1.096115 0.5283769 0.4820451 0.26910973 5.762196 15.909091
 11.963883 10.312559 9.6633835 0.93705 0.86197424 8.778521 11.363636
 13.576765 12.071618 11.4747925 0.95055956 0.88913804 9.59699 12.5
 4.2994814 2.4302115 1.8566658 0.76399356 0.5652336 9.93922 16.666666
 110.2149 103.57479 97.61642 0.9424727 0.9397531 8.883667 11.363636
 2.559688 0.8676096 0.2754997 0.31753877 0.3389513 3.5504272 16.25
 15.147549 15.054198 14.539275 0.9657954 0.99383724 8.884686 3.409091
 7.739184 6.8831935 6.6067224 0.95983386 0.8893953 8.79495 9.090909
 15.503468 15.557113 13.371283 0.8594964 1.0034602 7.9521136 12.5
 4.8328133 1.2899864 0.41525722 0.32190824 0.26692244 2.7057064 17.045454
 8.965921 9.316502 8.973392 0.9631718 1.0391014 9.3313675 5.681818
 93.116165 61.519753 54.87862 0.8920488 0.6606775 8.252259 13.636364
 107.99875 104.01947 99.17102 0.95338905 0.96315444 9.138729 5.681818
 1.010257 0.25676516 0.078774765 0.30679697 0.25415823 2.9703324 26.923077
 108.25367 105.27312 98.51531 0.93580693 0.972467 8.892311 3.409091
 16.24087 15.326821 14.227889 0.9283001 0.94371927 8.659114 11.363636
 16.144688 14.922973 14.140971 0.94759744 0.9243272 8.990097 7.9545455
 20.184343 4.2818384 1.5880979 0.3708916 0.21213663 4.256573 11.904762
 95.547104 95.69784 91.64131 0.9576111 1.0015775 9.092839 1.1363636
 16.8085 16.02302 15.267847 0.95286953 0.9532688 9.094627 9.090909
 13.184341 12.039515 11.395051 0.946471 0.91316766 8.722568 13.636364
 2.315949 0.72709405 0.32186863 0.44267812 0.3139508 5.246405 19.318182
 100.99792 99.26248 94.859955 0.9556476 0.9828171 9.024607 11.363636
 11.84783 10.868635 10.219212 0.9402479 0.91735244 8.788109 13.636364
 11.285251 10.693574 10.432425 0.97557884 0.9475708 9.457999 11.363636
 88.804695 73.38493 69.56097 0.94789165 0.8263632 8.876405 11.363636
 86.47091 85.330444 81.3624 0.9534978 0.986811 8.958381 3.409091
 9.798517 9.117251 8.725933 0.9570793 0.93047255 8.541585 9.523809
 113.133675 108.72983 103.5217 0.9521003 0.96107394 9.227311 14.772727
 14.066048 12.89774 12.177883 0.9441873 0.9169414 9.152515 11.363636
 10.609702 8.329747 7.27203 0.8730193 0.7851066 8.564155 9.090909
 116.08176 113.85717 108.887764 0.956354 0.9808361 9.041773 1.1363636
 110.26905 109.562065 104.49499 0.95375156 0.9935885 9.0166235 1.1363636
 5.1245465 3.3742175 3.0842047 0.91405034 0.65844214 8.683379 17.857143
 113.60811 109.855835 104.62249 0.95236176 0.96697176 9.046603 0.0
 87.49732 87.531624 83.66877 0.955869 1.0003921 9.046746 0.0
 107.24722 105.09633 100.24714 0.95385957 0.9799445 9.07322 3.409091
 10.939445 10.145501 9.492234 0.9356102 0.92742383 9.069417 13.636364
 93.51258 92.655365 88.45345 0.95465004 0.99083316 8.954819 3.409091
 103.526115 100.842804 96.41113 0.95605373 0.9740808 8.989839 7.9545455
 12.171183 11.968591 11.119966 0.9290956 0.98335487 8.609787 10.227273
 1.751259 0.5375177 0.16002458 0.29771033 0.30693218 1.2076464 15.909091
 98.108635 96.2926 92.00147 0.9554365 0.9814896 8.963026 1.1363636
 10.638508 9.009204 7.813587 0.8672894 0.8468484 8.249414 12.5
 9.415681 8.635109 8.075164 0.93515486 0.91709876 8.372065 12.5
 11.920821 10.615434 9.987372 0.9408351 0.8904951 9.138432 5.681818
 14.264585 11.82134 5.0335274 0.42580006 0.82871956 5.8955092 11.363636
 110.12784 108.872574 104.14983 0.95662147 0.98860174 8.988759 1.1363636
 98.20096 93.23964 84.96096 0.9112107 0.9494779 3.811551 2.0833333
 109.19648 104.80046 99.77159 0.9520148 0.9597421 8.86957 14.772727
 30.963066 28.998114 27.542255 0.94979477 0.9365389 8.874948 11.363636
 82.52178 79.37278 75.66828 0.95332783 0.9618404 9.086747 6.818182
 2.134773 0.619753 0.16076562 0.25940272 0.29031333 3.031032 16.17647
 79.380646 59.00968 51.868984 0.87899107 0.7433762 9.209159 17.045454
 86.663315 47.05363 41.958836 0.8917237 0.5429475 6.757883 15.277778
 10.3830385 8.765032 8.00501 0.91328925 0.84416825 8.38861 12.5
 1.7491591 0.3303119 0.078420244 0.23741274 0.18884039 0.9748404 15.0
 16.527802 17.082909 14.611592 0.855334 1.0335863 3.353552 12.5
 1.2194933 0.448542 0.12173898 0.27141044 0.36781013 2.6136036 19.117647
 103.63841 100.55319 94.723015 0.942019 0.97023094 7.068286 1.3888888
 88.42744 75.61458 71.39208 0.9441577 0.85510314 9.049718 12.5
 21.108555 11.8088875 9.343386 0.79121643 0.5594361 3.8115065 16.666666
 114.73084 110.653366 104.04989 0.9403229 0.9644605 8.915801 6.818182
 106.23793 104.65193 94.95024 0.90729564 0.98507124 3.8283203 2.0833333
 117.48935 109.10042 102.50954 0.93958884 0.9285984 8.803282 11.363636
 2.8794956 0.96786726 0.5660619 0.5848549 0.33612388 6.0746083 19.736841
 71.93556 62.838997 45.328888 0.7213496 0.87354565 9.016212 5.681818
 6.0731893 2.8768523 0.7625517 0.26506463 0.4736971 2.347078 13.636364
 22.338392 20.259775 18.25692 0.9011413 0.9069487 9.658752 5.681818
 7.1667795 5.8866205 5.5313015 0.93963957 0.821376 9.1805105 11.363636
 6.523055 5.423738 5.1615787 0.9516645 0.83147204 9.107757 11.363636
 6.652039 5.3566084 4.9541373 0.9248646 0.8052581 9.12734 11.904762
 4.249454 3.889352 3.73569 0.9604916 0.9152592 9.495391 17.5
 86.660805 83.29246 75.84301 0.91056275 0.9611319 3.773955 2.0833333
 110.01892 108.77183 103.8093 0.95437676 0.98866475 9.049595 3.409091
 76.76315 73.15723 69.57481 0.95103115 0.95302534 8.930411 6.818182
 111.04808 107.116905 100.384346 0.93714756 0.9645993 8.886425 6.818182
 3.2740421 0.91555744 0.6359673 0.6946231 0.2796413 4.548412 16.666666
 1.6804029 0.4051195 0.13048424 0.32208824 0.24108475 3.5634563 18.75
 99.90263 96.215675 89.6513 0.9317743 0.9630945 8.841859 6.818182
 111.2566 103.8518 97.8669 0.9423708 0.9334439 8.971841 7.9545455
 96.34397 95.98462 91.967445 0.95814776 0.9962702 8.975356 1.1363636
 70.58537 57.29516 53.92286 0.94114166 0.8117143 8.996329 14.772727
 7.39805 6.7509966 3.0397625 0.45026872 0.9125373 3.1892688 16.25
 97.73056 95.86612 90.29793 0.94191706 0.98092264 7.112212 6.9444447
 95.22412 91.78471 87.31337 0.95128447 0.96388096 9.011945 1.1363636
 96.79578 94.131996 89.47103 0.9504849 0.97248036 8.107535 17.5
 15.792162 15.633387 14.950247 0.95630246 0.98994595 8.999276 4.5454545
 3.0124497 0.9512032 0.28946507 0.30431464 0.31575736 1.6240623 21.052631
 15.377985 13.022457 12.168452 0.9344206 0.84682465 8.12507 12.5
 11.529442 9.330138 8.129231 0.87128735 0.8092446 8.087006 6.818182
 17.706333 14.196294 13.161021 0.9270745 0.80176365 8.672077 14.772727
 1.9992751 0.56241 0.17008735 0.3024259 0.28130695 3.2095115 17.045454
 109.53675 108.92121 104.03032 0.95509696 0.99438053 8.941281 12.5
 100.39035 97.19497 92.418236 0.9508541 0.9681704 8.972203 9.090909
 104.96975 102.52438 97.287 0.9489157 0.9767041 8.493398 9.523809
 96.182915 95.96969 90.20964 0.93998057 0.99778306 8.190491 7.5
 72.77519 74.45356 70.687744 0.94942063 1.0230623 7.869492 0.0
 2.9263709 0.8783081 0.34670666 0.39474374 0.3001356 2.7117271 15.789474
 113.425674 119.77141 104.411125 0.87175333 1.0559462 6.962473 2.7777777
 115.864174 117.583084 108.90409 0.9261884 1.0148356 6.7254915 4.4117646
 109.412994 114.76443 104.09916 0.9070682 1.0489104 5.9947343 10.9375
 18.656609 16.867954 15.08004 0.89400536 0.9041275 5.4815416 14.285714
 114.70456 106.70595 95.0494 0.8907601 0.9302677 5.0654187 3.5714285
 16.838152 13.892773 11.889654 0.8558158 0.825077 4.7065134 10.714286
 110.683426 100.08322 89.81248 0.897378 0.90422946 5.018602 12.5
 111.71996 110.74275 100.58532 0.90827906 0.991253 5.0262747 12.5
 106.92192 104.71912 93.758156 0.8953299 0.979398 5.0120363 5.357143
 98.52302 97.09868 84.99994 0.8753975 0.9855431 4.284133 13.461538
 11.73696 11.904265 10.574866 0.8883258 1.0142546 4.382167 13.461538
 110.11289 99.69077 88.34536 0.886194 0.9053506 3.9110284 10.416667
 110.58664 99.17024 88.307304 0.8904617 0.8967652 3.9717193 8.333333
 1.0 54.489582 51.330338 47.688873 0.92905825 0.94202113 405.77057 9.90398 134.0
