 17.247953 15.354035 14.131485 0.92037594 0.8901946 8.951677 10.227273
 18.073156 16.357994 14.524986 0.8879443 0.9050989 4.5404677 7.142857
 87.961975 81.91453 76.088844 0.92888093 0.93124926 8.84015 3.409091
 29.229298 25.053314 20.35006 0.8122701 0.8571302 8.31009 17.045454
 23.620094 20.67497 16.74241 0.8097912 0.8753128 6.6838584 9.090909
 87.80687 85.13369 79.40424 0.9327006 0.96955615 8.806496 4.5454545
 23.448511 14.489596 11.78639 0.8134381 0.61793244 4.27533 11.538462
 11.007197 9.125119 7.9774966 0.87423474 0.8290139 8.893886 10.227273
 11.362329 8.529827 6.9493146 0.8147076 0.75071114 7.156163 11.363636
 27.137152 20.270243 9.829293 0.48491248 0.74695545 5.7488737 7.9545455
 14.095948 12.968683 12.2705555 0.9461682 0.92002916 6.2967052 12.5
 19.537413 17.252613 15.086498 0.87444717 0.8830551 7.962065 11.363636
 69.923225 67.35583 62.3102 0.9250899 0.96328264 8.762167 7.9545455
 11.346639 9.956966 8.9671545 0.900591 0.8775256 8.955889 11.363636
 11.53386 9.890173 8.451192 0.854504 0.8574903 4.6248794 8.928572
 16.433844 17.307524 16.413847 0.94836485 1.0531634 7.943517 7.9545455
 14.362473 13.418578 12.421949 0.9257277 0.9342805 9.272845 2.2727273
 13.684185 10.301869 4.8880157 0.4744785 0.7528303 5.3101907 17.045454
 28.712103 26.09263 24.113855 0.92416346 0.9087677 9.365361 13.636364
 106.19596 87.68164 80.505936 0.91816175 0.8256589 8.868559 17.045454
 14.59986 13.17188 12.237496 0.92906225 0.9021922 8.554962 11.363636
 12.051692 12.218533 11.433276 0.93573236 1.0138438 8.795476 11.363636
 12.3744 12.039509 11.030521 0.9161936 0.9729368 9.002514 9.090909
 29.434328 25.04525 22.255676 0.88861865 0.85088575 9.385451 3.409091
 16.615927 15.928603 14.406372 0.9044341 0.9586346 9.468794 11.363636
 9.658539 5.806655 4.970523 0.85600454 0.6011939 8.353524 15.909091
 16.914799 16.339262 15.249911 0.93332934 0.96597433 8.944917 5.681818
 26.328388 20.423237 17.154856 0.8399675 0.77571166 4.1273284 9.615385
 71.1934 51.038673 49.2684 0.96531504 0.7169018 9.056605 11.363636
 15.992745 15.654137 14.327863 0.91527647 0.97882736 10.407215 10.227273
 11.517132 9.877742 6.541671 0.66226375 0.8576565 7.6324277 6.818182
 15.891326 14.759063 13.4752445 0.9130149 0.9287496 8.577234 12.5
 82.53145 61.96373 56.600533 0.9134462 0.75078934 8.523711 14.772727
 33.020893 19.97379 17.808798 0.89160836 0.6048834 8.646055 12.5
 15.543611 14.499478 13.708805 0.94546884 0.9328257 9.044999 13.636364
 2.0562193 0.6382444 0.26602235 0.4168033 0.31039703 4.4156303 20.833334
 17.012869 14.760214 13.440671 0.9106013 0.8675911 9.112536 12.5
 17.521778 15.98512 14.208393 0.8888512 0.91230005 8.05847 12.5
 2.31741 1.1021489 0.48943594 0.4440742 0.47559512 6.0614247 19.117647
 13.690777 13.125917 12.152585 0.9258465 0.9587416 9.337143 11.363636
 93.27407 91.64985 85.324585 0.9309845 0.9825865 8.609395 3.409091
 10.310119 8.929897 8.100885 0.90716445 0.86612946 7.039111 10.714286
 29.243673 28.458832 26.876097 0.9443851 0.973162 8.383842 14.772727
 14.100638 11.1491995 9.870113 0.8852755 0.79068756 8.145887 10.227273
 12.393211 11.635292 10.627909 0.91342 0.938844 8.823472 6.818182
 82.18003 80.54838 75.09536 0.93230134 0.98014534 8.844036 6.818182
 2.5622118 1.4681896 1.0716302 0.7298991 0.57301646 7.918693 15.277778
 11.221236 10.294481 9.621367 0.9346142 0.91741055 8.462843 8.333333
 6.091763 3.5650976 2.8197463 0.79093105 0.58523244 7.108929 17.857143
 18.378584 18.116386 17.000616 0.938411 0.98573357 8.555617 6.818182
 7.2914047 4.695286 3.827237 0.8151233 0.643948 8.141895 14.772727
 16.890526 12.578188 7.013457 0.5575888 0.7446889 6.011111 13.095238
 76.37957 72.31365 68.16969 0.9426946 0.946767 8.614911 3.75
 12.932203 13.963202 13.062945 0.93552643 1.0797234 7.114958 5.5555553
 76.20704 82.10231 77.38055 0.9424893 1.0773585 3.4950566 8.333333
 108.28324 112.479065 104.723564 0.9310494 1.0387486 7.4155226 0.0
 103.6217 107.1647 100.0627 0.9337281 1.0341917 7.199138 8.333333
 129.9537 136.29996 127.64708 0.93651587 1.0488348 7.3614445 1.3888888
 88.92732 93.10453 87.33181 0.93799746 1.0469733 7.34003 1.3888888
 110.72838 120.20709 109.72632 0.91281074 1.0856034 5.0032325 1.7857143
 120.87755 127.49581 119.759285 0.9393193 1.0547518 7.2674255 8.333333
 104.94606 113.181946 103.757935 0.91673577 1.0784773 4.981818 1.7857143
 94.36817 98.76462 91.948425 0.93098545 1.0465883 7.244956 1.3888888
 106.86037 111.72915 104.78376 0.9378373 1.045562 7.3192205 12.5
 108.88459 114.84753 107.839325 0.9389782 1.0547638 7.2667813 1.3888888
 126.41659 132.30669 123.927895 0.93667144 1.0465927 7.328894 1.3888888
 107.21629 106.63166 99.36111 0.9318162 0.9945472 7.320211 6.9444447
 110.9413 115.71548 108.33791 0.93624395 1.0430334 7.2933917 0.0
 128.64233 134.17203 125.93536 0.93861115 1.042985 7.2234035 1.3888888
 122.78223 128.96138 120.61509 0.9352807 1.0503261 7.298639 1.3888888
 112.177444 113.96427 107.11348 0.93988645 1.0159285 7.4700775 1.3888888
 93.1247 96.75687 89.977684 0.9299359 1.0390033 7.331248 1.3888888
 85.913704 89.750916 83.93327 0.9351801 1.0446635 7.298292 1.3888888
 118.56422 124.74803 116.57337 0.93447065 1.0521559 7.4601517 1.3888888
 109.98779 114.749985 107.23578 0.9345167 1.0432974 7.322908 1.3888888
 128.85649 134.17894 125.76751 0.9373118 1.0413053 7.2412615 6.9444447
 105.72231 108.31073 101.05894 0.93304634 1.0244832 7.3178387 5.5555553
 99.73023 102.775 95.50193 0.9292331 1.03053 7.136492 6.9444447
 102.290215 112.97434 102.068085 0.90346247 1.1044492 4.355328 1.9230769
 119.09073 124.407295 115.287834 0.9266967 1.044643 7.368209 1.3888888
 95.895615 99.31911 92.96897 0.9360633 1.0357002 7.296137 1.3888888
 110.24749 113.84954 105.61159 0.92764175 1.0326724 7.2264824 8.333333
 104.159386 107.51003 99.596725 0.9263947 1.0321685 7.284132 6.9444447
 107.7006 115.30511 108.00426 0.9366824 1.0706078 7.329709 1.3888888
 127.55351 135.6598 127.31657 0.9384988 1.0635521 7.3497105 1.3888888
 133.57204 139.12106 130.34122 0.93689066 1.0415434 7.1704583 0.0
 122.49998 126.3562 118.437454 0.93733 1.0314794 7.3370333 1.3888888
 132.32397 140.13481 131.39795 0.9376539 1.0590281 7.3272343 12.5
 105.397194 109.429115 101.05994 0.9235197 1.0382545 7.3445163 1.3888888
 116.074814 121.7554 113.29868 0.93054336 1.048939 7.3200865 6.9444447
 111.514694 117.8545 110.64459 0.93882364 1.0568517 7.291887 1.3888888
 103.10939 107.027824 100.335846 0.93747437 1.0380027 7.370936 2.7777777
 113.33928 117.485146 109.441666 0.9315362 1.0365793 7.381609 0.0
 77.0397 61.097706 33.799595 0.55320567 0.79306775 5.6877136 6.9444447
 101.78716 104.56911 96.35534 0.9214513 1.027331 7.417299 5.5555553
 102.214195 107.539856 100.86081 0.9378923 1.052103 7.3613377 1.3888888
 10.865207 10.142016 9.684392 0.95487833 0.93343985 7.2556124 14.705882
 94.07108 98.2917 91.667366 0.9326053 1.0448662 6.8221416 1.4705882
 11.746797 11.581551 10.155803 0.8768949 0.9859327 4.592486 11.764706
 120.84346 122.9676 111.7009 0.9083767 1.0175775 6.3304853 0.0
 21.01438 19.899382 11.819177 0.59394693 0.9469412 5.174668 7.8125
 102.290825 105.73322 96.81802 0.91568214 1.033653 6.1851845 1.5625
 17.568972 18.271282 16.559484 0.9063121 1.0399746 4.890169 9.615385
 130.56046 131.98796 113.5358 0.86019814 1.0109338 4.1786227 0.0
 21.367613 19.096529 15.926176 0.8339828 0.8937137 4.3401647 4.1666665
 132.62192 134.33862 114.64711 0.8534188 1.0129443 4.2578754 2.0833333
 133.57066 136.3244 117.4632 0.86164474 1.0206163 4.1725335 12.5
 131.90921 132.20903 113.54308 0.8588149 1.0022728 4.1986814 2.0833333
 152.20966 154.85236 133.49092 0.86205286 1.0173622 4.194181 2.0833333
 149.77908 154.67632 133.34525 0.86209214 1.0326964 4.206185 0.0
 123.57248 125.22221 106.10205 0.8473101 1.0133504 4.2609487 2.0833333
 112.60794 113.03421 96.46797 0.8534405 1.0037854 4.175144 2.0833333
 1.0 67.21768 67.5292 61.542645 0.9113487 1.0046344 460.16855 7.1244254 112.0
