 31.423525 26.906347 24.187717 0.89895946 0.85624856 9.918169 9.090909
 9.365494 6.16092 5.183253 0.84131145 0.65783185 8.1458235 12.5
 39.379566 36.324135 34.433186 0.9479423 0.9224107 7.7835126 14.772727
 100.19855 99.76963 95.06218 0.95281684 0.9957193 9.234143 17.045454
 106.305695 108.724594 103.41338 0.9511499 1.0227542 9.244221 3.409091
 8.656299 5.979569 4.9698663 0.8311413 0.6907766 9.143797 18.181818
 91.053535 91.6627 85.88745 0.93699455 1.0066901 9.090146 4.5454545
 104.86464 106.80685 102.003815 0.9550307 1.0185212 9.328018 7.9545455
 102.97873 110.96745 100.44365 0.9051631 1.0775764 4.216596 2.0833333
 98.59425 105.151405 95.676704 0.9098947 1.0665064 4.2390785 2.0833333
 18.80757 18.630936 17.682512 0.9490942 0.9906084 9.2955 12.5
 109.63217 112.21891 106.944695 0.95300066 1.0235947 9.194849 2.2727273
 105.36583 108.934685 103.05638 0.94603825 1.033871 7.6983247 2.631579
 99.539566 102.383804 97.144035 0.94882226 1.028574 8.210475 3.75
 112.732895 116.76262 111.61206 0.9558886 1.0357457 9.128471 5.681818
 103.210434 106.29913 101.20373 0.9520654 1.0299263 9.080207 3.409091
 113.03462 121.42401 109.67202 0.9032153 1.0742196 4.157809 2.0833333
 107.18901 109.73296 104.378456 0.9512042 1.0237334 9.160731 3.409091
 111.35567 110.82769 105.69034 0.9536456 0.9952586 9.21683 3.409091
 113.02527 116.85258 104.70068 0.89600664 1.0338624 4.174522 2.0833333
 15.627945 14.415537 12.685114 0.87996125 0.9224205 6.6029487 6.818182
 101.506645 103.991714 99.15683 0.95350707 1.0244818 9.168742 3.409091
 105.63954 106.192215 100.12843 0.9428981 1.0052317 9.051008 2.2727273
 104.237 104.889626 95.912895 0.9144174 1.006261 4.690934 9.615385
 103.62604 105.07106 100.19191 0.95356333 1.0139445 9.1420765 7.9545455
 105.630775 108.06364 103.18063 0.9548136 1.0230317 9.190033 3.409091
 102.67835 107.16502 102.671906 0.9580729 1.0436964 9.27813 5.681818
 118.74252 121.333725 115.814186 0.95450944 1.0218221 9.189154 9.090909
 104.0755 112.02484 101.040565 0.90194786 1.0763805 4.185384 0.0
 113.32726 121.160225 109.34905 0.9025161 1.069118 4.2118783 6.25
 108.50459 110.71338 105.39171 0.95193285 1.0203567 9.238005 2.2727273
 17.456577 17.576674 15.660993 0.8910101 1.0068797 8.894278 7.9545455
 106.645935 110.17125 105.05803 0.9535885 1.0330563 9.284821 4.5454545
 104.92128 106.56474 101.21063 0.9497572 1.0156639 8.027226 3.75
 105.63744 99.92312 98.43545 0.98511183 0.9459063 9.292683 1.1363636
 108.99029 111.31783 105.73128 0.94981444 1.0213555 9.118062 1.1363636
 102.610146 104.9625 100.027374 0.952982 1.0229251 9.212665 5.681818
 114.65937 117.063225 109.822975 0.93815094 1.0209651 6.6405015 7.352941
 92.01073 91.92854 87.252014 0.9491286 0.99910676 9.142892 3.409091
 12.629438 12.976852 12.81062 0.9871901 1.0275083 8.33539 12.5
 3.7164538 2.9898746 2.796277 0.935249 0.80449665 8.800799 12.5
 109.676094 111.75491 106.11958 0.9495742 1.0189542 9.180827 7.9545455
 9.371815 8.064856 7.4469533 0.9233833 0.86054367 9.120621 10.227273
 101.06963 103.66462 98.78561 0.9529346 1.0256752 9.206459 2.2727273
 101.63738 102.0598 93.806435 0.91913205 1.0041561 7.4205437 2.631579
 98.28648 97.01252 88.54488 0.91271603 0.9870382 6.474241 0.0
 109.033005 110.99609 102.331055 0.9219338 1.0180045 7.488473 1.3157895
 96.06385 89.34709 81.25718 0.9094552 0.9300803 6.92123 2.7777777
 103.65614 101.19051 93.50594 0.9240584 0.9762134 6.826783 1.3888888
 100.19524 99.326096 90.93966 0.91556656 0.99132556 6.4369235 0.0
 114.46573 118.5061 105.71601 0.8920723 1.0352976 4.535544 1.9230769
 107.63579 107.97669 94.9651 0.87949634 1.0031672 4.5241685 1.9230769
 112.86685 114.941696 101.35897 0.88182944 1.0183831 4.5286245 1.9230769
 13.496497 11.023724 9.865566 0.8949396 0.816784 4.447074 3.8461537
 101.93256 104.72866 92.19506 0.8803231 1.0274309 4.5636935 3.8461537
 100.93676 105.197014 92.18298 0.87628895 1.0422071 4.0000834 0.0
 102.19936 104.265564 91.1103 0.8738292 1.0202174 3.99637 2.0833333
 1.0 88.1072 89.52759 83.294846 0.9303819 1.0161211 660.5795 5.1535306 57.0
