 115.72728 98.18118 86.689285 0.88295215 0.8483841 3.7857292 6.25
 15.084197 11.798019 10.208273 0.8652531 0.78214437 5.0897207 12.5
 112.20892 106.12672 96.79905 0.9121082 0.9457957 5.372077 1.6666666
 89.33334 85.42379 80.345665 0.9405538 0.9562363 7.484471 2.631579
 82.30812 78.81438 72.70505 0.92248464 0.9575529 8.512846 3.409091
 17.74694 16.011349 14.671585 0.9163241 0.9022034 9.130669 11.363636
 131.36884 115.975716 103.29752 0.8906824 0.88282514 3.776896 8.333333
 14.563024 11.329175 10.051854 0.8872539 0.77794117 8.9914255 10.227273
 104.11604 96.78388 89.67936 0.92659396 0.929577 6.353007 1.4705882
 57.521255 48.752693 45.846767 0.9403945 0.84755963 9.331744 7.9545455
 33.357677 29.774784 27.528545 0.924559 0.89259166 8.838404 7.9545455
 127.16568 117.48684 104.97919 0.89354 0.9238879 3.8593106 0.0
 116.1807 113.60608 107.19045 0.94352746 0.97783947 9.277861 3.409091
 122.423256 107.48714 95.43388 0.8878633 0.877996 3.7612648 6.25
 91.716286 84.46598 79.196335 0.93761224 0.9209485 9.229277 5.681818
 97.80321 91.166756 85.25897 0.9351981 0.9321448 9.013522 6.818182
 111.90499 105.17494 98.89778 0.94031703 0.9398593 9.310836 1.1363636
 87.33908 72.68936 68.138405 0.93739176 0.83226615 9.287292 13.636364
 16.665073 10.018036 8.802935 0.8787086 0.60113966 8.902337 13.636364
 114.56396 108.25022 100.12722 0.9249609 0.944889 5.787771 14.0625
 23.304201 10.077072 5.4398475 0.5398242 0.43241438 7.026915 14.772727
 14.012806 12.274299 11.069404 0.901836 0.8759344 5.2881274 7.352941
 123.4705 114.479 102.61263 0.8963446 0.92717695 3.820051 2.0833333
 112.34726 107.77654 101.94052 0.9458507 0.9593162 8.798678 1.1904762
 105.87607 93.89218 84.60893 0.90112865 0.8868121 5.949687 14.705882
 106.81593 95.61969 89.759186 0.93871033 0.8951819 9.058735 1.1363636
 16.58993 16.472172 10.522842 0.6388254 0.9929019 6.4399934 8.75
 5.336246 1.9470896 1.3005165 0.6679284 0.36488003 6.0326443 17.105263
 19.795427 18.33806 17.189041 0.9373423 0.9263786 8.96453 9.090909
 111.669815 98.934586 90.51106 0.9148577 0.88595635 5.3080645 5.0
 109.750854 104.098724 97.81447 0.9396318 0.94850034 9.352548 0.0
 101.035355 93.97166 85.52635 0.91012925 0.9300869 4.733063 1.7857143
 99.48763 94.99947 89.53045 0.942431 0.9548873 9.276677 1.1363636
 101.42568 93.68416 88.140434 0.94082534 0.923673 9.240574 2.2727273
 82.48774 78.58915 73.74926 0.9384153 0.95273733 9.205235 11.363636
 45.609474 35.521206 32.093025 0.90348923 0.778812 7.4328637 9.722222
 100.33676 93.820045 88.067604 0.9386864 0.9350516 9.225133 11.363636
 68.491394 66.445915 62.935146 0.94716346 0.9701352 9.053967 1.1363636
 103.77771 92.09712 81.22495 0.8819488 0.8874461 3.758834 6.25
 109.10541 102.806465 95.22503 0.9262553 0.9422674 6.7993045 2.7777777
 19.000235 16.34197 14.886715 0.91094977 0.8600931 7.633808 1.3157895
 117.93222 112.4456 106.03002 0.94294506 0.9534765 9.190929 1.1363636
 12.100033 9.7241955 9.0994425 0.93575275 0.8036504 9.453036 13.636364
 95.563835 87.396225 81.41333 0.9315429 0.9145324 9.236148 6.818182
 85.46652 82.298065 77.78466 0.94515777 0.9629276 9.575747 1.1363636
 115.085266 112.67626 106.87454 0.9485099 0.9790676 9.367694 5.681818
 118.00011 108.20176 101.72663 0.94015694 0.9169632 9.291854 6.818182
 91.39281 81.83826 76.6053 0.9360573 0.8954562 9.363469 10.227273
 95.02239 90.18347 85.266235 0.94547516 0.94907606 8.774608 1.1363636
 93.95677 87.75878 83.30595 0.94926053 0.9340336 9.076597 11.363636
 114.62862 97.3556 86.6204 0.8897321 0.8493132 3.7655628 10.416667
 21.48773 16.890533 13.34429 0.7900455 0.7860548 3.9619634 8.333333
 97.40193 66.19753 61.28773 0.9258311 0.6796326 9.202784 11.363636
 3.9538643 1.5664853 0.8204684 0.5237639 0.39619097 7.146164 15.476191
 93.21983 79.95534 70.58141 0.88276047 0.8577073 3.7194731 4.1666665
 16.50747 13.441579 11.06968 0.82354015 0.8142725 9.172346 9.090909
 14.14564 11.279282 6.1805854 0.54795915 0.7973681 4.406361 9.090909
 32.296455 30.251514 27.862259 0.92102027 0.93668216 6.125786 8.333333
 106.83083 100.649994 94.89378 0.94280964 0.9421437 9.287711 1.1363636
 82.49106 78.69066 72.98915 0.9275453 0.95392954 9.013092 1.1363636
 99.74363 94.072845 88.764275 0.9435696 0.9431464 9.2427225 7.9545455
 107.17387 100.4627 94.54129 0.9410586 0.9373806 9.200111 7.9545455
 86.00306 83.20213 78.80602 0.94716346 0.96743226 9.240418 1.1363636
 99.65461 96.661446 88.26163 0.91310066 0.96996456 4.8549438 5.357143
 14.903668 13.656865 11.365116 0.8321907 0.9163425 9.740677 3.409091
 17.90469 15.139931 13.708132 0.90542895 0.84558463 9.113079 5.681818
 126.4983 121.11068 114.42099 0.94476384 0.95740956 9.174855 5.681818
 107.9108 106.45217 101.41498 0.9526812 0.986483 9.142815 12.5
 22.06457 20.151287 19.15637 0.9506276 0.9132871 9.768364 6.818182
 14.333149 14.14252 13.416919 0.94869363 0.9867001 9.4423485 10.227273
 125.94219 119.79144 112.93778 0.9427867 0.9511621 9.231208 1.1363636
 99.70307 89.471855 86.54927 0.9673351 0.8973831 9.379869 9.090909
 91.3114 84.43677 76.861435 0.910284 0.92471224 4.68299 1.7857143
 29.332169 27.231386 25.528536 0.9374674 0.92837954 9.081393 10.227273
 120.27759 108.77801 96.9257 0.8910413 0.9043913 3.832691 6.25
 15.230894 14.991636 14.351189 0.9572797 0.98429126 8.923787 12.5
 9.030859 7.3425274 6.0762143 0.8275371 0.8130486 9.469626 11.363636
 15.679279 10.884136 9.747899 0.8956061 0.6941732 6.583134 10.0
 120.40391 115.22017 108.79804 0.94426215 0.9569471 5.877174 4.6875
 109.72485 102.28291 93.97735 0.91879815 0.93217635 5.2752776 8.333333
 108.58672 97.61725 86.06602 0.88166815 0.89897966 3.7424815 6.25
 10.597428 6.1817517 5.3655477 0.8679656 0.5833257 5.6996794 17.045454
 104.80875 99.62231 93.88542 0.9424136 0.9505153 9.316301 2.2727273
 21.850729 21.032782 19.884964 0.94542724 0.9625666 7.657481 5.681818
 103.43945 102.02133 96.27624 0.9436873 0.98629034 9.344289 5.681818
 75.51857 67.774475 62.007866 0.91491467 0.89745444 9.638392 2.2727273
 33.23479 30.617962 28.887287 0.9434752 0.9212623 9.390104 1.1363636
 99.02135 93.8672 86.972336 0.9265466 0.9479492 6.4160924 4.4117646
 114.296196 108.30771 102.40361 0.94548774 0.94760555 9.154631 3.409091
 15.417721 12.644144 10.595792 0.83799994 0.8201046 9.892213 9.090909
 14.90364 12.246465 11.775744 0.96156275 0.8217097 9.049757 14.772727
 9.88841 6.6019917 5.3727355 0.8138052 0.6676495 6.8801737 13.636364
 116.10525 77.57644 71.62783 0.92331946 0.66815615 8.463815 14.285714
 100.893326 93.11779 87.45788 0.93921775 0.92293304 9.259987 1.1363636
 19.503292 17.698395 16.277212 0.91969997 0.9074567 9.292262 10.227273
 2.5206854 0.6737261 0.13322173 0.1977387 0.26727894 2.1514788 14.772727
 109.889046 105.02751 99.23393 0.94483745 0.95575964 9.314068 1.1363636
 113.85524 106.57198 100.44579 0.94251597 0.9360305 9.246178 1.1363636
 104.19427 97.87239 90.41049 0.9237589 0.93932605 9.368064 2.2727273
 8.895442 6.494488 5.907705 0.9096491 0.7300916 8.598517 12.5
 8.375327 3.6555045 3.2078965 0.87755233 0.4364611 8.427473 15.909091
 14.246749 10.99811 9.536112 0.8670683 0.7719733 7.29662 10.227273
 73.45863 69.29683 65.5795 0.9463564 0.94334495 9.221355 0.0
 100.5328 95.659546 90.35358 0.9445328 0.95152575 9.318959 3.409091
 50.77811 46.5843 44.25886 0.950081 0.9174091 9.453832 6.818182
 30.87277 26.919765 25.513952 0.9477777 0.8719582 10.076833 4.5454545
 41.67065 43.715042 39.74092 0.90909034 1.0490607 3.664172 4.1666665
 12.884635 9.902115 9.125888 0.92161 0.7685212 6.9298663 9.210526
 90.61324 83.08171 77.775604 0.9361339 0.9168827 9.2738905 10.227273
 114.517204 101.55574 90.485016 0.8909887 0.88681644 3.775265 6.25
 105.28606 100.29223 92.85382 0.9258327 0.9525689 7.9908547 1.25
 114.58841 108.22315 100.627556 0.9298154 0.9444511 8.192156 10.0
 93.48441 90.188065 82.74282 0.9174476 0.964739 9.044035 1.1363636
 36.98591 32.707508 29.282625 0.8952875 0.8843235 9.546026 3.409091
 109.72949 102.15997 95.95794 0.93929094 0.93101656 9.2381935 6.818182
 98.02856 89.72912 81.426216 0.907467 0.91533655 4.7114244 1.7857143
 114.92908 109.274765 103.053665 0.9430692 0.95080173 9.183142 3.409091
 112.37356 107.56435 101.74322 0.9458824 0.9572033 9.056241 5.681818
 119.34552 116.86891 110.647835 0.9467687 0.97924846 9.34116 1.1363636
 14.182819 13.303096 12.212154 0.91799337 0.9379726 7.325654 9.090909
 112.75479 105.85239 99.75712 0.94241726 0.938784 9.276226 10.227273
 39.64067 33.974396 31.618681 0.93066204 0.85705906 8.937053 11.363636
 110.927124 104.049484 96.48297 0.92727965 0.9379986 6.3555846 1.4705882
 15.120853 10.494874 8.459688 0.8060781 0.6940663 8.773774 14.772727
 112.67266 108.48937 102.63157 0.9460057 0.9628722 9.274258 0.0
 13.867764 11.453738 10.060419 0.87835246 0.82592535 9.0395975 12.5
 101.86729 95.79832 90.469345 0.944373 0.9404228 9.276204 4.5454545
 15.078982 14.6415415 13.853793 0.94619775 0.97099 7.056056 13.636364
 112.010086 104.49538 96.583855 0.9242884 0.9329104 9.317064 5.681818
 17.164135 12.592405 11.236069 0.8922893 0.7336464 9.547102 11.363636
 79.952354 71.03084 65.94564 0.92840856 0.88841456 9.430299 6.818182
 109.473366 105.25818 99.502884 0.9453221 0.9614958 9.174158 1.1363636
 3.1728637 0.94137377 0.17134088 0.18201153 0.29669532 1.7470359 16.25
 105.4971 102.65993 96.55789 0.9405607 0.97310656 9.24375 3.409091
 104.40364 97.992546 91.80358 0.93684244 0.93859315 9.155102 9.090909
 13.63705 12.634077 12.083166 0.9563948 0.9264524 9.497347 12.5
 99.38577 93.63063 88.41177 0.9442612 0.94209296 9.072267 1.1363636
 98.741714 81.597115 45.32823 0.55551267 0.8263692 4.2275558 7.9545455
 103.58629 98.20631 93.08954 0.94789773 0.9480628 8.999681 1.1363636
 107.13233 100.18447 94.24013 0.9406661 0.9351469 9.445353 11.363636
 97.6577 96.10258 90.631645 0.94307196 0.9840758 9.126158 1.1363636
 106.439125 104.01479 99.28218 0.9545006 0.9772233 9.057453 1.1904762
 111.018776 101.63917 94.230225 0.9271054 0.9155134 5.3518167 6.6666665
 112.92728 106.121346 98.207016 0.9254219 0.93973166 4.878686 1.7857143
 110.08684 104.74321 98.39352 0.9393785 0.9514599 8.699824 7.142857
 98.44263 95.70656 90.04493 0.9408438 0.9722065 8.816708 2.3809524
 13.051468 8.700239 6.4101725 0.7367812 0.66661 3.9051356 11.904762
 99.266304 103.19861 95.97643 0.9300167 1.0396137 6.1608872 1.5625
 97.38328 99.429794 94.36882 0.9491001 1.021015 8.408652 7.5
 105.44026 105.801186 99.70171 0.9423497 1.0034231 8.576412 15.0
 105.677185 104.64972 97.68831 0.93347895 0.99027735 8.535181 2.5
 104.96522 102.472435 96.15155 0.9383162 0.97625136 8.433799 5.0
 110.10145 109.97493 103.61128 0.9421355 0.9988508 8.470712 0.0
 103.85539 102.66217 96.77496 0.9426546 0.9885107 8.490624 1.25
 118.549706 117.36371 110.35258 0.9402615 0.9899958 7.8526464 1.3157895
 107.73752 105.77334 99.404274 0.9397857 0.98176885 8.770988 3.75
 14.297502 12.345636 11.444719 0.9270255 0.86348206 8.174586 8.75
 118.02597 116.000694 109.424934 0.9433127 0.9828404 8.41409 0.0
 109.829666 108.70702 102.047005 0.93873423 0.98977834 8.660803 0.0
 112.12692 109.71312 102.569466 0.9348878 0.9784726 8.491686 0.0
 9.846006 9.13303 8.10571 0.88751596 0.9275872 7.1331053 11.25
 102.97263 104.263336 98.16533 0.9415134 1.0125344 8.7209425 0.0
 97.877335 97.825836 90.77155 0.9278893 0.99947387 8.082388 1.25
 102.49457 99.436874 93.35862 0.93887323 0.9701673 8.4004755 6.25
 90.26139 91.65413 84.715 0.92429 1.0154301 8.282235 1.25
 106.584465 105.85023 99.4379 0.9394207 0.99311113 8.631238 6.25
 12.154351 8.818605 7.5425205 0.8552963 0.7255513 5.62023 11.666667
 104.92859 105.55976 99.2372 0.9401045 1.0060152 8.516529 8.75
 120.19244 119.74279 111.68183 0.932681 0.996259 6.778794 11.764706
 129.92001 131.98135 119.48232 0.9052969 1.0158663 3.937614 10.416667
 115.99125 114.42082 107.642845 0.94076276 0.9864608 8.568543 8.75
 119.41778 123.4003 114.08744 0.92453134 1.0333495 5.031233 0.0
 114.60309 114.724846 108.45759 0.9453714 1.0010624 8.468872 0.0
 75.684296 77.408936 73.146835 0.94494045 1.0227873 8.52292 11.25
 9.192835 8.0213 7.6480546 0.95346814 0.87256 8.271363 16.25
 110.52875 113.805374 107.78725 0.9471192 1.0296451 8.513489 1.25
 74.237656 67.32369 63.099556 0.93725634 0.90686715 8.571138 3.75
 82.74992 83.591774 78.88351 0.94367546 1.0101734 8.650132 5.0
 125.4529 127.03492 119.197 0.938301 1.0126104 7.443022 1.3888888
 108.101265 107.56701 101.622215 0.94473404 0.9950578 8.550707 11.25
 100.439674 101.644035 94.40012 0.9287325 1.0119909 7.813745 10.526316
 16.723833 16.755257 15.702937 0.93719465 1.001879 9.010146 10.526316
 90.16423 90.348854 84.3586 0.9336986 1.0020477 7.842189 1.3157895
 119.86679 120.61655 112.66626 0.93408626 1.0062549 7.9528027 6.5789475
 92.31167 90.74723 84.580315 0.932043 0.9830526 7.853151 3.9473684
 85.746056 83.32113 77.5009 0.93014705 0.9717196 7.9390635 0.0
 13.890597 10.879698 7.0822525 0.65096045 0.78324187 2.3474748 15.384615
 86.79292 88.23125 80.945114 0.91742 1.0165719 7.56113 8.333333
 97.87081 102.63634 96.23298 0.93761116 1.048692 7.409409 6.9444447
 96.435265 102.3575 94.92188 0.9273564 1.0614115 7.5787654 1.3888888
 94.79598 100.88445 92.50913 0.91698104 1.0642271 5.8111 1.6666666
 16.220379 10.435506 3.749912 0.35934165 0.6433577 3.2168858 9.722222
 104.925224 108.175224 97.21927 0.8987203 1.0309744 5.1581564 0.0
 18.035301 17.425413 16.017912 0.9192271 0.96618366 7.3798795 4.1666665
 92.20886 94.81314 87.90554 0.92714506 1.0282432 7.4083114 6.9444447
 84.79879 91.626335 85.79014 0.9363044 1.0805147 7.401269 0.0
 103.95985 113.135414 103.93496 0.9186775 1.0882607 6.861241 1.4705882
 86.78357 90.49912 82.39319 0.9104307 1.042814 6.9277506 1.4705882
 107.256 115.66678 106.510666 0.92084056 1.0784178 6.903156 1.4705882
 87.680305 85.666504 77.770294 0.9078262 0.9770325 6.9658184 10.294118
 27.91375 28.33287 25.958075 0.9161823 1.0150149 6.69904 4.4117646
 28.462612 26.886538 23.031818 0.85663015 0.9446265 6.9066586 5.882353
 103.7039 109.417725 100.385086 0.9174481 1.0550975 6.8838286 13.235294
 20.69239 18.752195 15.12628 0.8066405 0.90623623 7.777718 11.764706
 94.16438 95.56276 87.02188 0.9106254 1.0148504 6.5024323 14.0625
 92.65642 86.2018 78.38554 0.90932596 0.93033814 6.4931445 9.375
 91.494225 91.75338 84.462364 0.9205368 1.0028325 6.4036517 1.5625
 87.73358 86.45621 79.34697 0.9177707 0.9854403 6.4602814 9.375
 20.563236 20.070974 18.438318 0.9186559 0.9760611 6.071362 10.9375
 95.84648 96.00869 88.074036 0.9173549 1.0016923 6.3788676 7.8125
 107.185295 102.660965 93.33671 0.90917426 0.95778966 6.519544 10.9375
 79.34059 85.64303 79.36977 0.926751 1.0794352 6.3591237 0.0
 116.09298 115.70729 104.34762 0.90182406 0.99667776 5.9571724 1.6666666
 119.75592 120.60383 105.47615 0.87456715 1.0070803 4.2181163 10.416667
 118.79085 116.05897 104.13077 0.89722294 0.9770026 5.929926 3.3333333
 13.19453 11.834338 10.841062 0.91606826 0.8969125 5.2240615 1.6666666
 102.647 101.02402 90.781204 0.8986101 0.9841887 5.9085336 0.0
 34.262955 31.242163 28.04597 0.8976962 0.911835 6.030131 8.333333
 91.22114 91.63716 83.252464 0.90850115 1.0045606 5.83498 5.0
 91.0898 88.412506 77.94551 0.8816118 0.97060823 5.2540607 5.357143
 17.474405 14.676392 12.312924 0.83896124 0.83987933 5.647278 8.928572
 114.98857 109.790596 94.45234 0.86029536 0.9547957 4.175364 2.0833333
 92.88029 88.22672 78.48161 0.88954467 0.9498971 5.2343416 7.142857
 8.789469 6.9332147 6.0469975 0.8721781 0.7888093 5.4075103 7.142857
 107.24286 113.13345 101.12269 0.8938354 1.0549276 5.282528 1.7857143
 110.38791 110.0546 95.57709 0.8684515 0.99698055 4.625157 9.615385
 12.401065 8.8786955 7.300145 0.8222092 0.71596235 5.037269 13.461538
 96.60983 95.13638 82.86529 0.8710157 0.9847485 4.6743407 5.769231
 16.607054 16.151955 13.881756 0.8594474 0.97259605 4.4810586 3.8461537
 96.523834 96.20801 82.776306 0.86038893 0.996728 4.8173065 7.6923075
 16.352648 15.758713 13.666933 0.867262 0.9636796 4.488817 3.8461537
 73.96824 75.5846 67.04648 0.8870389 1.0218521 4.630865 1.9230769
 12.371084 10.107481 8.436973 0.83472556 0.8170247 4.9399567 11.538462
 67.942955 77.857864 68.991394 0.8861198 1.1459299 4.7434335 5.769231
 12.670962 11.940079 10.69318 0.89557034 0.9423182 4.420707 6.25
 91.43265 90.436295 77.9627 0.8620731 0.9891029 4.193077 2.0833333
 122.64222 121.59543 105.58962 0.8683684 0.9914647 4.151122 2.0833333
 107.636 104.28023 90.66255 0.86941266 0.96882296 4.1921844 8.333333
 17.474913 15.990661 13.776081 0.86150795 0.91506386 4.0884814 8.333333
 91.36088 87.18273 75.688866 0.86816347 0.9542677 4.1838665 8.333333
 1.0 77.046135 73.39065 67.55345 0.92046404 0.9525546 543.68494 6.3795114 240.0
