 10.947027 8.957791 7.427953 0.829217 0.8182853 7.5270114 14.772727
 9.242126 6.8906164 6.532175 0.9479812 0.74556607 3.792298 8.333333
 104.191315 89.726845 69.60978 0.77579653 0.8611739 8.8990555 3.409091
 102.47675 91.91455 87.16464 0.9483226 0.89693075 8.7983055 15.909091
 16.82468 12.510529 10.404345 0.8316471 0.74358195 4.9159613 11.538462
 18.40541 15.230408 10.687158 0.7016987 0.82749623 8.945784 12.5
 104.18584 99.215324 91.64454 0.9236933 0.9522919 5.484515 5.0
 12.282565 8.146565 6.1751704 0.758009 0.6632626 5.767117 12.5
 12.9250765 10.558575 8.947875 0.84745103 0.81690615 7.5060797 13.095238
 82.67668 77.54446 69.39004 0.894842 0.93792415 4.0188212 2.0833333
 103.45476 101.13483 94.87178 0.9380723 0.9775754 6.7365274 1.4705882
 119.36977 113.928185 102.73003 0.9017086 0.9544141 3.904864 2.0833333
 11.4701805 7.2203264 5.9963374 0.8304801 0.62948674 6.741151 13.636364
 103.13412 78.814064 58.494686 0.7421859 0.7641901 8.334429 15.909091
 91.294624 81.440315 75.291466 0.9244987 0.89206034 9.238986 6.818182
 107.46882 101.38202 95.924095 0.9461648 0.9433621 8.899861 9.090909
 90.13026 74.867874 67.37616 0.8999341 0.83066314 3.9000137 8.333333
 118.97974 115.0863 109.351456 0.95016915 0.9672765 8.743161 5.681818
 13.895782 12.2469425 10.424752 0.8512127 0.8813424 6.433452 13.636364
 108.9346 102.918526 95.915924 0.93195975 0.9447735 8.652267 2.2727273
 87.06088 65.12366 57.51668 0.8831918 0.74802434 3.880802 14.583333
 120.2321 110.8027 104.25772 0.94093126 0.92157334 7.968311 1.25
 106.92502 100.73723 95.14389 0.94447595 0.9421297 9.298854 4.5454545
 20.232403 18.52072 17.683437 0.9547922 0.91539896 8.625424 7.9545455
 16.791525 16.826391 15.952529 0.948066 1.0020764 8.63301 6.818182
 82.59224 73.91478 66.06035 0.89373666 0.89493614 3.9225032 2.0833333
 111.655594 107.56793 102.00585 0.94829243 0.9633904 8.981715 5.681818
 111.70952 105.102745 98.5192 0.93736094 0.9408575 8.849552 4.5454545
 85.45976 79.661064 75.00919 0.9416042 0.9321471 9.187497 1.1363636
 13.513727 11.366936 10.693246 0.9407325 0.84114 8.024493 9.090909
 10.793787 9.404337 8.129739 0.86446697 0.87127316 9.273657 9.090909
 79.02233 58.72034 53.517483 0.91139597 0.7430854 7.569185 13.75
 75.5823 73.72804 68.19799 0.92499393 0.975467 5.503084 10.0
 24.057556 17.879658 15.096946 0.84436435 0.74320346 8.723457 6.818182
 18.131672 18.470661 16.102978 0.8718137 1.0186961 8.786196 9.090909
 68.0987 34.5139 30.429735 0.88166606 0.50682175 8.897153 15.909091
 70.0743 67.14487 64.13193 0.9551278 0.9581953 9.128132 1.1363636
 90.696754 87.589035 82.8075 0.9454095 0.965735 7.04189 1.3888888
 96.4315 90.85283 85.2968 0.9388459 0.9421488 8.93841 6.818182
 100.48115 93.981476 89.17238 0.94882935 0.93531454 8.816772 6.818182
 14.618864 13.00246 10.376294 0.7980255 0.8894302 6.9740276 7.9545455
 77.595245 72.10351 65.40227 0.90706086 0.92922586 4.53617 3.8461537
 106.92115 82.3345 77.621796 0.9427615 0.7700488 8.908051 15.909091
 12.535911 10.763904 9.586021 0.8905711 0.85864556 8.343359 11.363636
 9.645235 6.741622 5.392337 0.79985756 0.69895875 6.1103578 13.636364
 17.927101 15.610058 14.649715 0.9384793 0.8707519 8.015218 5.681818
 12.465478 9.152039 8.369203 0.9144633 0.7341907 8.988605 6.818182
 72.76492 49.536873 46.5106 0.9389087 0.6807796 8.758271 15.909091
 85.3884 82.39841 77.92159 0.94566876 0.96498364 8.963094 7.9545455
 89.706215 86.21196 82.01814 0.9513546 0.9610477 9.197301 1.1363636
 98.88286 94.88407 90.25047 0.9511656 0.95956033 7.881265 1.25
 116.54737 114.92701 106.3311 0.92520547 0.986097 4.404449 5.769231
 94.443146 83.87072 79.718025 0.950487 0.8880551 9.131576 13.636364
 100.28722 74.18199 69.60623 0.9383172 0.73969537 8.651785 13.636364
 90.06175 89.51187 81.20245 0.9071697 0.99389446 4.022767 2.0833333
 107.58096 73.34342 68.34428 0.93183917 0.68175095 8.502253 17.045454
 95.19877 82.449585 77.95011 0.9454276 0.86607826 8.576699 13.636364
 111.20141 98.38296 92.58006 0.94101727 0.8847276 8.674139 10.227273
 18.598907 8.155572 7.0194955 0.86069936 0.43849736 7.7292857 17.045454
 16.985779 16.660275 16.140766 0.9688176 0.98083663 9.470304 10.227273
 123.8417 116.770004 109.45062 0.9373179 0.9428974 8.634526 7.9545455
 88.57368 82.83253 78.53847 0.94815975 0.93518215 8.86989 6.818182
 116.837524 111.127106 105.49655 0.94933236 0.95112514 8.782168 0.0
 107.67567 99.94208 95.20385 0.9525902 0.92817706 8.663953 12.5
 103.89701 87.2525 82.18545 0.94192654 0.839798 8.840515 15.909091
 20.84258 20.033659 18.618713 0.9293716 0.96118903 8.111308 11.363636
 111.21593 106.83524 100.68296 0.94241333 0.96061105 8.896061 3.409091
 76.20313 51.452076 47.77758 0.9285841 0.6751963 8.187597 13.636364
 99.944595 85.28551 79.787125 0.9355297 0.8533279 9.667891 4.5454545
 108.97455 89.121056 83.953896 0.9420209 0.81781536 8.41513 11.363636
 108.47057 68.57312 63.239185 0.9222154 0.63218176 8.862874 15.909091
 12.549656 9.526453 7.577685 0.79543614 0.7591008 7.723536 9.090909
 6.4983416 2.2553108 1.2163323 0.53931916 0.34705943 5.04716 18.421053
 104.88514 93.25517 87.80635 0.9415708 0.8891172 8.875806 6.818182
 92.748886 71.08308 62.851227 0.88419396 0.76640356 3.9864545 12.5
 111.956535 105.47133 99.89721 0.9471504 0.9420739 8.966539 1.1363636
 108.61166 102.27623 97.3131 0.9514733 0.94166905 8.945288 1.1363636
 81.1757 62.618565 59.02072 0.9425435 0.7713955 9.300885 12.5
 115.24679 106.673805 97.00939 0.9094022 0.925612 4.396387 1.9230769
 24.694704 3.03388 1.1865929 0.391114 0.12285549 2.666051 18.75
 129.43715 104.34038 98.861626 0.94749147 0.8061085 8.733096 14.772727
 102.198715 98.91629 91.85363 0.92859966 0.9678819 5.4340806 0.0
 105.02418 98.75853 92.40819 0.93569833 0.9403409 8.799151 9.090909
 100.77044 95.86844 89.0284 0.9286518 0.95135474 8.736093 6.818182
 49.250492 39.624535 36.47907 0.9206182 0.80455106 12.070685 15.476191
 107.52763 96.97029 91.60255 0.94464546 0.9018174 7.861664 1.25
 113.61687 107.46593 102.35662 0.9524565 0.9458625 8.911099 1.1363636
 19.259905 16.990688 15.743956 0.92662257 0.88217926 8.45467 9.090909
 91.83054 69.21174 64.93846 0.9382579 0.75368977 9.058719 15.909091
 83.06348 83.08396 78.64989 0.94663143 1.0002466 8.335254 3.75
 2.28554 1.1489624 0.2981373 0.25948396 0.5027093 2.3327754 16.666666
 110.79843 105.441 97.06713 0.9205824 0.95164704 8.750894 5.681818
 108.45139 104.06545 98.691 0.9483551 0.9595585 8.665336 0.0
 108.29548 102.875565 96.03928 0.93354803 0.9499526 8.813801 4.5454545
 112.979836 108.259575 99.93402 0.92309636 0.9582203 8.402324 9.090909
 69.201675 44.91677 40.996563 0.9127229 0.64907056 9.569626 17.045454
 101.96244 95.753174 91.14156 0.9518385 0.9391025 9.032119 1.1363636
 94.672264 90.08166 85.13484 0.9450852 0.9515105 9.025609 4.5454545
 88.94453 86.959206 82.3132 0.9465726 0.9776791 8.740463 2.3809524
 89.064705 87.78675 83.482216 0.95096606 0.9856513 8.73651 10.227273
 92.9049 89.61213 83.666306 0.9336493 0.96455765 9.086103 9.090909
 96.30266 78.22833 73.72501 0.9424336 0.8123175 8.458132 14.772727
 20.10055 17.843033 16.54905 0.9274797 0.8876888 8.741107 7.9545455
 129.40479 126.59912 118.0042 0.9321091 0.9783187 8.485063 1.1363636
 105.94276 65.80112 59.076283 0.8978006 0.62110066 8.380321 14.772727
 21.020647 18.949823 7.7032757 0.4065091 0.9014863 4.2447734 7.9545455
 105.02933 97.69589 88.18269 0.90262437 0.93017733 3.9165738 2.0833333
 12.006424 11.415396 9.496102 0.831868 0.950774 9.153753 7.9545455
 106.46089 103.69163 98.97703 0.95453244 0.973988 9.124052 1.1363636
 13.8538475 10.054509 8.54916 0.8502811 0.72575575 6.479175 8.333333
 18.039736 18.702515 18.113005 0.96847963 1.0367398 7.908921 4.5454545
 107.47889 105.19094 100.257034 0.9530957 0.9787126 8.907582 1.1363636
 98.852356 89.61168 80.92298 0.9030406 0.9065204 3.9481928 10.416667
 66.28515 61.067448 57.864693 0.9475538 0.921284 8.735453 0.0
 80.47064 55.855328 52.77279 0.9448121 0.6941081 8.492161 15.909091
 96.642914 100.23037 91.31657 0.91106683 1.0371207 5.4532604 5.0
 121.624855 120.25218 113.69109 0.9454389 0.98871386 8.495248 0.0
 98.43053 100.03089 95.456436 0.95426965 1.0162588 8.498142 1.1904762
 99.79484 96.356476 90.19058 0.9360096 0.96554565 7.128313 6.9444447
 92.44684 57.325607 51.971424 0.9066005 0.62009263 8.226142 15.476191
 104.942215 103.96445 97.62537 0.9390265 0.9906828 8.539744 1.1904762
 106.481285 107.08923 100.650024 0.93987066 1.0057094 8.049413 2.3809524
 111.09094 93.074936 83.72758 0.8995717 0.83782655 5.4004464 8.928572
 89.71438 90.644875 84.55631 0.9328305 1.0103718 5.0781946 12.5
 108.765236 107.769875 102.23606 0.94865155 0.9908486 8.610477 3.5714285
 78.180084 75.11772 70.83632 0.9430041 0.96082944 8.582425 3.5714285
 95.153915 95.34838 89.34309 0.93701726 1.0020437 7.5584707 1.25
 95.63091 70.241486 64.79215 0.92242 0.7345061 7.7446637 11.842105
 108.56207 109.921005 101.5287 0.9236515 1.0125176 7.5771766 2.631579
 105.1241 106.40243 100.85919 0.9479031 1.0121602 7.575369 1.3157895
 81.356 83.15042 76.28465 0.91742957 1.0220563 4.8934126 3.8461537
 67.787994 53.715794 48.221592 0.8977172 0.7924087 6.414889 15.277778
 109.760086 112.93003 102.40972 0.90684223 1.0288807 6.898162 2.7777777
 108.21251 117.45399 100.47693 0.8554578 1.0854012 4.057488 2.0833333
 22.169151 20.81537 16.122536 0.77454954 0.9389341 4.6513615 15.277778
 84.629105 86.80904 79.19538 0.91229427 1.0257586 6.8222666 4.1666665
 110.08284 112.356255 102.81334 0.9150656 1.0206518 6.433406 4.4117646
 95.45825 87.39795 79.95197 0.91480374 0.9155621 6.800017 6.9444447
 101.86559 90.96475 83.311005 0.9158603 0.89298797 6.291915 13.235294
 87.27616 72.978325 66.449104 0.91053206 0.83617705 6.2902923 7.352941
 90.48616 90.908295 83.06232 0.9136935 1.0046651 6.3471427 7.352941
 22.466433 22.510645 20.405931 0.9065015 1.0019679 5.3519754 7.352941
 100.506615 98.151375 85.9126 0.8753071 0.9765664 4.5781612 0.0
 20.63913 16.579475 12.550249 0.75697505 0.803303 3.828195 11.538462
 21.809908 17.468023 15.660448 0.89652085 0.8009215 6.5499034 10.294118
 105.54898 105.62678 94.89973 0.8984438 1.0007371 5.7199297 4.6875
 96.952 92.1219 83.64243 0.9079538 0.9501805 5.6849694 3.125
 16.866009 14.098481 12.01653 0.852328 0.835911 5.4011316 6.6666665
 99.71873 93.05637 84.967476 0.9130753 0.93318856 4.9575386 1.7857143
 102.04904 95.919106 87.87878 0.9161759 0.9399315 4.7807097 5.357143
 110.08862 110.053024 99.15803 0.9010023 0.9996766 4.198576 1.9230769
 78.277 74.01991 65.38935 0.8834022 0.9456151 3.957206 1.9230769
 76.95515 70.618965 63.164124 0.8944357 0.91766393 4.171264 1.9230769
 100.22205 94.066475 83.48393 0.88749933 0.93858063 4.372051 1.9230769
 105.19672 101.951775 92.496574 0.9072581 0.9691536 4.2654443 13.461538
 10.955273 8.8584585 7.750209 0.87489367 0.8086023 3.6859667 14.583333
 19.999207 19.315872 16.93703 0.8768453 0.96583194 3.4789796 4.1666665
 112.74044 105.862495 94.47882 0.8924673 0.9389931 3.8321798 2.0833333
 69.17942 53.767216 46.9776 0.8737221 0.77721405 3.587483 8.333333
 15.540174 13.767927 12.610972 0.9159674 0.88595706 4.2036395 12.5
 1.0 77.66377 70.31992 64.838936 0.92205644 0.90544057 517.5826 7.6687255 160.0
