 24.8399 25.602064 24.785597 0.96810937 1.030683 8.868077 1.1363636
 127.33069 132.09802 127.192085 0.96286136 1.0374405 8.795017 4.5454545
 30.863596 30.562876 29.19319 0.95518464 0.9902565 8.888103 15.909091
 28.881174 29.935606 28.842453 0.9634832 1.0365093 9.104096 10.227273
 81.53113 87.673164 82.82662 0.9447204 1.0753336 8.002652 1.25
 69.67653 69.77001 66.82152 0.95773983 1.0013416 9.157139 2.2727273
 14.14092 14.417193 13.482582 0.9351738 1.0195372 6.691332 6.818182
 11.706054 11.375195 10.923518 0.9602929 0.9717361 8.510639 11.363636
 24.983278 25.065762 24.118214 0.96219754 1.0033015 8.2313595 7.142857
 20.001606 19.172632 17.305288 0.9026037 0.95855457 4.1541743 2.0833333
 125.02774 131.1578 126.308655 0.9630281 1.0490297 8.838069 7.9545455
 116.492874 119.25771 114.331696 0.95869434 1.023734 8.394661 11.904762
 93.33481 70.93036 66.574234 0.93858594 0.75995606 8.609936 13.636364
 66.53431 61.688625 59.316994 0.96155477 0.92717016 8.632809 10.227273
 78.293655 75.451164 72.7828 0.9646345 0.9636945 8.496517 4.5454545
 118.41106 122.49521 117.67452 0.9606459 1.0344913 8.408955 1.1904762
 88.10268 93.594315 85.32857 0.9116854 1.0623323 4.1354046 2.0833333
 105.918205 108.78677 104.02612 0.9562387 1.0270829 8.696254 3.409091
 91.152405 94.17196 90.10559 0.9568198 1.0331264 8.586607 1.1363636
 123.1419 127.94097 120.93634 0.9452511 1.0389719 8.961727 0.0
 31.981665 30.82549 29.598722 0.9602028 0.9638488 8.255541 7.9545455
 106.81831 112.434 108.145584 0.9618584 1.0525723 8.673486 0.0
 16.05314 17.682528 16.553703 0.93616164 1.1014996 10.538965 4.5454545
 101.9457 105.55729 99.4713 0.9423442 1.0354266 8.597781 5.681818
 38.2569 39.978073 38.638786 0.9664995 1.0449898 8.921388 3.409091
 27.209349 28.515617 27.364716 0.9596396 1.0480082 8.631616 5.681818
 25.173115 24.610376 23.49641 0.9547359 0.9776453 8.73271 10.227273
 53.31718 39.22222 36.768875 0.9374501 0.73563945 8.713612 14.772727
 31.32217 31.953424 30.31023 0.9485753 1.0201536 9.446567 6.818182
 92.401245 81.91491 78.35666 0.9565616 0.886513 8.634347 14.772727
 24.5811 25.644234 24.656448 0.96148115 1.04325 8.81317 7.9545455
 121.59797 126.79521 121.871765 0.9611701 1.0427412 8.878547 1.1363636
 27.904863 28.447529 27.425797 0.96408355 1.0194471 8.6964855 5.681818
 105.71872 109.21506 105.108086 0.96239555 1.033072 8.797582 10.227273
 33.18718 33.710953 32.289097 0.95782214 1.0157824 9.097219 13.636364
 14.017745 13.127175 11.839995 0.9019454 0.9364684 7.42794 9.090909
 19.106146 17.997698 16.581495 0.921312 0.9419848 9.216779 11.363636
 22.429605 21.621696 19.715227 0.91182613 0.9639802 8.43789 9.523809
 117.11039 123.40562 117.4266 0.9515498 1.0537547 7.573796 0.0
 88.214836 89.33915 85.15281 0.953141 1.0127451 8.82261 9.090909
 17.145477 15.387966 14.719891 0.9565846 0.8974942 8.913176 11.363636
 11.667094 12.418288 11.999637 0.9662875 1.0643857 8.036227 6.818182
 4.5765963 1.9100634 0.37652668 0.19712785 0.41735458 2.314314 14.772727
 80.335205 82.25383 78.35264 0.9525713 1.0238827 8.576298 0.0
 26.308392 27.523222 25.885784 0.94050705 1.0461766 5.31306 6.9444447
 71.17867 58.739986 55.50153 0.94486797 0.82524693 8.54912 13.636364
 91.56427 96.355125 88.22983 0.91567343 1.0523224 4.738565 3.8461537
 50.508327 53.027092 50.964443 0.96110195 1.0498683 6.5786314 4.1666665
 95.425835 98.93667 95.26129 0.96285117 1.0367912 8.735451 11.363636
 100.44693 102.63565 97.461624 0.94958836 1.0217898 7.4664583 7.894737
 123.53252 128.36572 119.723434 0.9326744 1.0391251 8.743159 2.2727273
 21.886253 20.01976 17.858078 0.8920226 0.91471845 9.82044 10.227273
 126.9592 131.50528 126.13603 0.9591708 1.0358075 8.778269 1.1363636
 29.433065 28.01869 26.668577 0.9518139 0.951946 8.897841 10.227273
 39.05037 39.700584 37.98668 0.9568292 1.0166508 8.469338 5.681818
 98.06359 100.51093 96.356674 0.9586686 1.0249567 9.046906 12.5
 57.709564 60.791576 57.03052 0.938132 1.0534055 10.589148 3.409091
 0.93681216 0.15007694 0.059654545 0.39749306 0.1601996 1.3376821 25.0
 16.07017 14.853472 14.162982 0.9535132 0.92428845 9.241992 14.772727
 3.3401394 1.0146326 0.3963004 0.39058515 0.30376953 4.4615808 19.047619
 13.976715 11.881832 7.5265756 0.6334524 0.8501162 6.3625345 14.772727
 76.79372 81.7356 78.62288 0.96191716 1.0643528 8.951921 0.0
 26.490778 27.479893 26.515665 0.9649115 1.037338 8.641991 0.0
 1.1143225 0.46350834 0.21102352 0.4552745 0.41595525 3.0335915 18.421053
 106.71114 111.0603 107.04171 0.9638161 1.0407563 8.702429 0.0
 78.245384 81.38249 78.44364 0.96388847 1.0400932 8.661277 1.1363636
 28.677519 30.500483 28.930649 0.9485309 1.0635676 9.029624 12.5
 109.29094 114.77821 110.59152 0.9635236 1.050208 8.82328 5.681818
 110.38204 113.07172 108.729614 0.9615987 1.024367 8.770735 1.1363636
 104.17594 108.23577 104.13737 0.96213454 1.038971 8.743647 1.1363636
 92.15993 94.815704 91.10292 0.9608421 1.028817 8.816915 1.1363636
 101.092186 104.99776 101.01804 0.96209717 1.0386337 8.787715 10.227273
 109.31256 118.55811 112.22072 0.9465461 1.084579 7.1318703 2.7777777
 2.24265 0.9434119 0.79504013 0.84272856 0.42066833 5.6932173 10.0
 45.54779 46.057888 43.899757 0.95314306 1.0111991 8.649524 1.1363636
 107.05407 111.22306 107.05365 0.9625131 1.0389428 8.831248 0.0
 12.290316 10.847423 9.788613 0.90239066 0.88259923 8.6815195 13.636364
 36.63397 32.613045 31.245844 0.958078 0.89024055 8.487883 5.681818
 14.625374 13.312138 12.620345 0.948033 0.9102084 8.656237 9.090909
 12.566967 12.006689 11.410714 0.9503631 0.9554166 9.000539 11.363636
 84.108284 84.65699 78.29814 0.9248869 1.0065237 8.384328 4.7619047
 123.57294 129.23882 124.45314 0.9629704 1.0458504 8.877535 0.0
 12.158142 13.0821495 12.555796 0.95976543 1.075999 8.740637 2.2727273
 90.5091 93.69264 89.33173 0.95345515 1.0351737 8.1188345 12.5
 28.523281 29.091928 27.497766 0.94520265 1.0199362 8.663619 7.9545455
 10.99242 9.735664 5.670572 0.5824535 0.8856707 4.561121 12.5
 106.223305 108.159065 103.50696 0.9569883 1.0182235 8.791646 10.227273
 6.743182 4.870853 4.057412 0.83299834 0.7223374 6.6741796 15.789474
 20.265226 16.804323 16.25263 0.9671695 0.82921964 7.457496 6.818182
 56.166622 55.142002 52.65488 0.95489603 0.98175746 7.6944604 6.5789475
 20.80088 18.812742 17.702032 0.9409597 0.90442044 8.925948 12.5
 69.0102 62.627937 59.776875 0.9544762 0.9075171 8.702152 3.409091
 84.806435 72.52999 68.10132 0.9389401 0.8552416 9.056607 15.909091
 25.645325 26.74954 25.737078 0.96215034 1.0430571 8.757582 5.681818
 76.74827 80.277824 75.89521 0.94540685 1.0459887 10.675892 4.5454545
 83.194855 79.03078 75.345024 0.953363 0.9499479 9.127452 7.9545455
 104.92647 108.16835 103.00345 0.9522512 1.0308968 9.051437 0.0
 90.918724 95.41771 89.66295 0.9396888 1.0494835 7.4407883 2.631579
 107.88215 110.01686 102.92792 0.93556494 1.0197874 8.60646 4.5454545
 121.99469 127.48893 122.37179 0.95986205 1.0450367 8.688311 1.1363636
 16.754896 13.790635 8.89097 0.6447107 0.8230809 8.629036 13.636364
 16.161127 14.343743 12.564659 0.8759679 0.88754594 6.6514335 13.636364
 16.576794 12.871213 7.922178 0.6154958 0.77645975 8.564599 9.090909
 99.546326 100.98818 97.07099 0.96121144 1.0144843 8.832121 10.227273
 17.140827 13.115688 10.172597 0.77560526 0.7651725 11.174523 12.5
 19.365814 19.261332 18.308699 0.9505417 0.99460477 9.020173 4.5454545
 15.068583 12.312561 8.438194 0.68533224 0.8171014 5.212297 10.227273
 104.92901 108.481064 104.288246 0.9613498 1.0338519 8.801434 3.409091
 89.81526 80.85308 77.74907 0.9616093 0.9002153 8.774442 2.2727273
 121.7465 129.9036 121.85738 0.93806016 1.0670006 5.4515977 13.333333
 99.14141 99.836426 96.18078 0.96338356 1.0070103 8.773769 4.5454545
 116.02341 122.04107 112.515495 0.9219478 1.0518659 4.621731 0.0
 107.956924 111.63757 107.11222 0.95946383 1.0340937 8.710985 1.1363636
 13.106029 10.33171 8.738289 0.84577376 0.7883173 7.5640254 11.363636
 106.29671 112.54415 106.62852 0.94743717 1.0587736 7.4729176 0.0
 57.27257 53.15559 51.099377 0.96131706 0.928116 8.79248 13.636364
 20.040136 20.443071 19.6651 0.96194446 1.0201064 9.16696 3.409091
 2.0408928 0.99642545 0.58921105 0.59132475 0.48823017 3.2040663 16.666666
 17.765678 16.92134 15.995642 0.94529396 0.9524737 8.9547205 13.636364
 23.711483 24.284643 20.339783 0.8375574 1.0241723 8.64317 6.818182
 18.586775 18.390972 17.600063 0.95699465 0.9894656 8.538723 13.75
 23.476822 12.68815 9.622229 0.75836337 0.5404544 5.111152 12.5
 120.6975 121.92366 116.660034 0.95682853 1.0101589 8.3494425 8.333333
 41.78961 43.88616 42.125416 0.9598792 1.0501692 8.427764 5.681818
 87.787476 90.515335 87.08102 0.9620581 1.0310735 8.857562 1.1363636
 15.46828 15.38939 14.677589 0.9537473 0.9948999 9.426846 6.818182
 69.08266 69.95646 66.96747 0.95727354 1.0126486 8.816927 1.1363636
 19.04528 19.32665 17.799952 0.9210055 1.0147737 8.242588 10.227273
 113.498665 117.188866 111.48907 0.95136225 1.0325131 8.941471 1.1363636
 17.357819 14.867835 11.887416 0.79953915 0.85654974 5.450054 12.5
 14.434805 11.595463 10.577019 0.91216874 0.8032989 4.8425894 11.666667
 26.024347 27.154665 25.378805 0.9346021 1.0434331 5.3985248 1.6666666
 104.461754 104.504684 100.31708 0.959929 1.000411 8.864882 1.1363636
 109.129166 111.93999 106.96883 0.95559084 1.0257568 8.758117 3.409091
 46.836967 48.99694 47.03273 0.9599115 1.0461168 8.933357 1.1363636
 104.53898 107.86206 102.53373 0.95060056 1.031788 8.744048 9.090909
 11.034433 6.3938355 3.4049501 0.5325364 0.579444 5.9380403 11.363636
 14.543377 13.642552 13.029198 0.9550411 0.93805945 8.707756 10.227273
 95.03316 101.96834 95.65738 0.9381087 1.0729765 5.291511 11.666667
 110.314865 113.4991 108.10868 0.95250696 1.028865 8.744089 1.1363636
 95.383644 98.58613 93.44308 0.9478319 1.0335748 9.057395 6.818182
 10.65628 10.111458 9.493469 0.9388823 0.9488732 8.310878 11.363636
 23.321068 23.573559 22.501358 0.9545168 1.0108267 8.447137 1.1363636
 98.96524 87.21689 83.22766 0.9542609 0.88128805 8.838916 15.909091
 23.173534 23.358488 22.358618 0.95719457 1.0079812 8.694131 3.409091
 73.78975 62.069305 58.92987 0.9494205 0.84116435 8.625938 9.090909
 69.885574 60.1138 57.376637 0.954467 0.8601746 8.614066 10.227273
 37.829277 40.849377 39.774586 0.97368896 1.0798349 9.758758 11.363636
 100.04115 103.98246 97.35706 0.93628347 1.0393969 8.676757 6.818182
 96.211334 101.72261 93.50398 0.9192055 1.057283 5.4074016 0.0
 109.93304 120.54916 114.1893 0.9472426 1.096569 6.5225086 1.4705882
 108.74257 112.31293 108.173515 0.96314394 1.0328331 8.815731 0.0
 66.79925 67.29371 63.626442 0.9455036 1.0074022 7.1073427 1.3888888
 112.362114 115.58604 110.25089 0.9538427 1.0286922 8.819239 3.409091
 22.67788 22.975151 22.049591 0.9597147 1.0131085 8.591388 10.227273
 22.922434 22.214926 19.33495 0.87035847 0.96913475 8.769965 7.9545455
 95.68897 96.070305 91.34662 0.95083094 1.0039852 8.722008 7.9545455
 115.25716 119.54201 115.22014 0.9638464 1.0371765 8.367829 1.1363636
 3.690875 0.9409767 0.36603248 0.3889921 0.25494677 4.3078957 15.476191
 16.565403 15.278836 14.286995 0.9350839 0.9223341 8.926827 13.636364
 95.53376 76.07037 70.64541 0.9286849 0.7962669 8.824711 15.909091
 65.30612 69.35192 66.75079 0.9624939 1.0619512 8.723778 1.1363636
 30.05399 31.521975 30.151442 0.95652133 1.0488449 8.449321 4.5454545
 51.73689 55.129204 53.362286 0.96794957 1.0655686 8.2003565 6.818182
 106.63803 112.1517 106.28865 0.9477221 1.0517046 7.951328 2.5
 46.636806 46.086308 44.149 0.95796347 0.988196 8.68876 11.363636
 112.33102 113.83305 109.229744 0.9595609 1.0133715 8.46677 2.3809524
 109.895966 113.06189 103.71606 0.91733885 1.0288084 8.677037 4.5454545
 17.172827 13.305144 12.006805 0.9024183 0.7747789 7.7666044 12.5
 97.32161 104.26617 98.41345 0.94386756 1.0713568 7.378546 9.210526
 105.97678 112.9221 104.3881 0.9244258 1.0655361 4.6350913 1.9230769
 102.58824 69.07545 64.04896 0.92723185 0.67332715 8.561837 15.909091
 99.45842 102.266754 97.97437 0.9580276 1.0282363 8.850548 3.409091
 53.866695 30.695679 26.705334 0.870003 0.56984526 5.1997724 15.384615
 11.904849 11.610224 11.169896 0.96207416 0.9752516 8.349431 12.5
 77.591965 62.40753 56.3539 0.9029984 0.8043041 4.679137 9.615385
 11.606191 10.067563 9.489303 0.942562 0.86743045 7.2183585 11.842105
 13.034658 12.483832 11.846718 0.94896483 0.95774144 9.237298 12.5
 16.502636 14.058794 13.052005 0.92838717 0.8519121 4.8564367 8.333333
 22.54111 22.256723 21.226812 0.95372576 0.9873837 8.57157 14.772727
 105.41342 109.13444 103.77944 0.95093215 1.0352992 8.676358 9.090909
 52.242577 51.551502 49.21272 0.9546321 0.9867718 8.664891 11.363636
 93.23405 97.47128 93.77603 0.9620889 1.0454472 8.779992 0.0
 9.638455 7.328821 6.860776 0.9361363 0.760373 7.401364 14.285714
 15.888207 12.47462 11.52605 0.92396003 0.78514963 8.783567 18.181818
 73.97488 78.18027 75.19987 0.9618779 1.0568489 8.813574 1.1363636
 112.78414 115.502975 109.7929 0.95056343 1.0241065 8.034291 3.5714285
 66.30617 68.34929 64.71728 0.946861 1.0308135 9.296389 5.952381
 23.666553 21.106815 19.006529 0.9004925 0.8918416 8.45926 8.333333
 113.05412 116.637375 109.74858 0.94093835 1.031695 7.713602 0.0
 36.855858 42.051888 38.322342 0.91131085 1.1409824 5.5078764 3.3333333
 121.523926 125.99765 117.82651 0.9351485 1.0368135 7.3963146 0.0
 101.33585 102.89198 96.17503 0.9347185 1.0153562 7.023351 6.5789475
 24.472672 22.885777 20.905397 0.9134668 0.93515646 7.4644227 11.842105
 68.25666 63.659386 59.943916 0.9416352 0.9326472 7.444504 10.526316
 24.813698 16.557291 13.4233 0.81071836 0.6672641 8.113143 15.789474
 99.85916 101.36223 95.18491 0.93905705 1.0150518 7.1655445 0.0
 59.45534 57.305874 54.032467 0.9428783 0.9638474 5.7276235 1.4705882
 39.660305 34.50747 31.685297 0.9182156 0.87007576 5.7509966 4.4117646
 111.551765 109.918594 101.66071 0.9248727 0.98535955 6.1792107 1.4705882
 114.034096 112.50364 105.60951 0.9387209 0.9865789 5.9249578 4.6875
 132.99974 130.85577 122.57972 0.9367544 0.9838799 5.9020863 1.5625
 114.44761 111.01483 102.47436 0.92306906 0.9700057 5.8988347 4.6875
 50.560097 29.90278 22.59602 0.75564945 0.5914305 6.504834 6.25
 112.43418 109.58141 103.15628 0.9413666 0.9746272 5.8189692 12.5
 97.48748 97.17116 90.92076 0.9356764 0.99675524 5.4462514 1.6666666
 21.473167 18.974415 17.463037 0.9203466 0.88363373 5.3539734 8.333333
 69.562 59.6073 55.654816 0.93369126 0.8568946 4.6401067 13.333333
 14.502798 5.8417664 4.8813405 0.8355933 0.4028027 5.688284 15.0
 120.99649 107.32751 99.36026 0.925767 0.88702995 5.437914 13.333333
 125.634056 124.421364 113.12365 0.9091979 0.99034745 4.9628415 0.0
 6.34496 4.8797746 4.1871214 0.85805637 0.7690788 4.9078307 5.769231
 112.0848 116.274925 105.58392 0.90805405 1.0373836 4.5791087 7.6923075
 47.091846 44.48613 41.06505 0.92309785 0.94466734 4.680245 9.615385
 129.92447 135.85698 124.37482 0.9154834 1.0456612 4.482487 1.9230769
 90.51141 93.800674 83.92848 0.8947535 1.0363408 4.500555 1.9230769
 13.878125 10.539503 9.937445 0.942876 0.7594328 3.8226073 9.615385
 133.72253 137.99034 120.934555 0.87639874 1.0319154 3.809642 0.0
 92.225235 95.832825 83.60035 0.87235606 1.0391172 3.881988 2.0833333
 1.0 63.326603 63.092865 59.463596 0.94247735 0.99630904 494.38995 7.1965914 219.0
