 35.104813 18.169853 14.623849 0.80484134 0.5175887 7.9627814 15.909091
 18.570312 18.03579 17.118288 0.94912887 0.97121626 9.034829 1.1363636
 9.323925 5.1125216 3.0458713 0.5957669 0.54832286 4.7072034 15.909091
 12.199208 11.1336975 10.482147 0.94147944 0.9126574 8.780732 10.227273
 18.014633 17.106667 16.118797 0.9422524 0.94959843 8.893249 9.090909
 96.64634 61.225307 57.52988 0.9396422 0.63349843 8.974336 18.181818
 15.203097 14.993675 14.327025 0.9555379 0.98622507 8.80281 2.2727273
 31.212624 14.699469 12.122167 0.824667 0.47094628 4.846383 10.714286
 27.385347 25.960777 24.852962 0.95732737 0.9479806 8.94899 12.5
 51.47065 27.825096 24.520412 0.8812337 0.5406012 8.106594 17.045454
 40.353348 19.266645 15.930037 0.8268194 0.4774485 7.854565 15.909091
 32.236027 29.892727 28.40833 0.9503426 0.927308 8.989821 7.9545455
 12.724754 10.461428 9.694719 0.92671096 0.822132 8.269798 15.909091
 53.05034 35.010475 31.937897 0.91223836 0.65994817 8.849313 18.181818
 60.40545 30.459757 27.133581 0.890801 0.5042551 7.7484975 17.045454
 54.378426 36.086582 33.130756 0.9180907 0.6636195 8.897052 14.772727
 80.727165 64.577805 60.33387 0.9342818 0.7999513 9.018425 11.363636
 17.788908 17.307467 16.67075 0.9632114 0.97293586 9.169125 6.818182
 66.58922 58.502625 55.77066 0.95330185 0.87856 8.895282 9.090909
 57.04543 41.878387 39.127354 0.934309 0.73412347 9.1226015 14.772727
 17.8412 16.842827 16.054968 0.9532229 0.94404113 9.082718 5.681818
 38.119568 12.565923 8.4685755 0.67393184 0.32964495 7.076462 12.5
 15.526833 15.585156 15.015068 0.9634211 1.0037563 9.100281 8.333333
 63.164097 40.671177 36.856625 0.9062099 0.64389706 8.743151 15.909091
 66.53725 48.87014 46.012882 0.9415337 0.73447794 8.96877 14.772727
 22.361956 14.434394 12.701247 0.8799294 0.64548886 9.450474 11.363636
 13.193404 3.0294135 0.4228353 0.13957663 0.22961573 1.35211 14.772727
 54.98464 32.16513 29.788342 0.9261067 0.58498394 8.926355 12.5
 22.871399 21.44919 20.253468 0.9442532 0.9378171 8.890003 12.5
 22.989313 22.066668 21.065668 0.95463747 0.95986634 9.121734 11.363636
 3.2771406 0.9795117 0.38124308 0.3892175 0.29889217 4.8135543 20.454546
 1.0220261 0.2296321 0.041255303 0.17965825 0.22468321 2.01995 25.0
 68.96867 58.758553 54.93532 0.9349332 0.85196 9.096723 9.090909
 33.059746 25.336967 23.639668 0.93301094 0.7663993 10.346398 13.636364
 75.912766 50.706604 47.05769 0.92803866 0.6679589 8.927306 12.5
 58.325718 46.030197 43.101593 0.9363765 0.7891921 8.996289 12.5
 16.127882 13.079138 12.073028 0.92307514 0.8109644 7.7222204 12.5
 27.913744 25.12464 23.53508 0.93673307 0.9000813 9.218864 5.681818
 12.093702 11.609931 10.858411 0.93526924 0.9599981 8.421864 2.2727273
 57.66329 31.570747 27.662975 0.8762217 0.5475017 8.386106 14.772727
 70.53398 58.783695 55.75225 0.94843054 0.83340955 9.049316 9.090909
 61.53064 43.45134 40.12574 0.9234639 0.706174 8.822566 17.045454
 13.558761 11.306934 10.583855 0.93604994 0.8339209 8.788575 12.5
 96.508644 69.32009 65.186226 0.9403655 0.7182786 8.952851 18.181818
 7.2838573 5.598355 4.9837832 0.89022285 0.76859754 8.569776 17.857143
 32.98994 13.001302 10.289993 0.79145867 0.394099 7.625811 19.318182
 13.203689 9.252912 8.440255 0.9121729 0.7007823 9.315889 14.772727
 9.695113 7.31896 4.237768 0.57901233 0.7549124 4.2574825 13.636364
 3.1849303 0.66386235 0.089451425 0.13474393 0.20843856 1.1948872 21.428572
 6.636758 2.160381 1.0639021 0.49246037 0.32551757 3.7525716 14.772727
 5.738643 1.6119913 0.31940937 0.19814584 0.28090113 2.4539194 14.772727
 14.3067665 11.332906 10.560405 0.9318356 0.792136 9.265997 13.636364
 91.26919 77.40763 70.47547 0.9104461 0.84812444 6.8035483 11.111111
 63.43318 36.17572 30.821085 0.85198265 0.57029647 4.9403086 16.666666
 92.51373 80.45623 72.57194 0.90200514 0.869668 5.187465 10.0
 12.039119 9.130585 8.031807 0.8796597 0.7584097 4.893482 7.142857
 1.0 37.085915 26.531885 24.220333 0.9128764 0.7154167 220.62854 12.943659 56.0
