 15.164921 14.671004 13.498043 0.920049 0.96743035 9.691685 12.5
 117.63618 114.23029 104.80083 0.91745216 0.97104734 8.646567 6.25
 99.12278 81.57173 73.84882 0.90532374 0.82293624 9.288659 14.772727
 17.432974 14.58156 6.517427 0.4469636 0.8364356 5.4734755 9.090909
 20.912056 22.030125 15.938054 0.7234664 1.0534652 5.29389 9.375
 13.863581 6.0091987 3.0895855 0.5141427 0.43345216 3.7628562 16.071428
 31.78614 31.295973 27.74791 0.88662875 0.9845792 7.3789735 10.294118
 17.892609 16.425251 13.855003 0.84351856 0.9179908 4.669604 4.6875
 23.687904 22.987091 21.271788 0.9253797 0.9704147 9.547666 3.409091
 138.11705 136.82387 128.03275 0.9357485 0.9906371 9.659687 1.1363636
 17.609793 18.681772 16.095463 0.86155975 1.0608741 9.575102 4.5454545
 29.808088 25.822916 23.283876 0.9016749 0.8663057 9.382259 10.227273
 138.43997 134.182 120.70458 0.8995586 0.9692433 9.645366 9.090909
 37.58326 35.710857 33.20925 0.9299482 0.9501799 9.336064 5.681818
 113.395676 112.57563 104.47259 0.9280213 0.9927683 9.883604 3.409091
 87.9527 85.87679 80.92861 0.9423805 0.9763975 9.577037 11.363636
 84.86515 82.6534 75.958855 0.9190047 0.973938 7.5349994 0.0
 127.63501 125.99521 116.80776 0.927081 0.9871524 9.828126 3.409091
 117.90533 115.28428 107.10627 0.92906225 0.9777699 9.852307 1.1363636
 133.23058 134.02519 122.49432 0.9139649 1.0059643 7.651585 1.3888888
 31.922546 30.442934 28.618134 0.94005835 0.95364994 10.439991 7.9545455
 2.562368 0.7149505 0.20069864 0.28071684 0.27901945 2.9695811 20.0
 27.21377 27.001194 25.023647 0.9267608 0.99218863 10.353341 7.9545455
 18.437117 14.647204 13.230815 0.9032997 0.79444116 8.919876 5.681818
 137.48705 135.0823 120.61287 0.8928843 0.98250926 5.8112364 0.0
 23.922997 22.945038 21.362736 0.93103945 0.9591206 9.43938 3.409091
 7.496486 5.2466965 5.1338415 0.9784903 0.69988745 9.556091 14.772727
 25.115463 22.248459 19.865526 0.89289445 0.88584703 10.493112 11.363636
 113.643814 107.300735 95.031075 0.88565165 0.9441846 5.2538853 3.5714285
 13.731335 10.23486 9.030543 0.8823318 0.7453653 9.548411 14.772727
 48.55547 46.689358 42.943924 0.91977966 0.96156746 9.715339 1.1363636
 121.525734 122.83233 114.56997 0.93273467 1.0107516 9.638478 7.9545455
 17.020765 9.159064 7.8572063 0.8578612 0.53811115 10.436511 16.666666
 124.11099 120.299034 111.599655 0.9276854 0.96928585 9.824169 1.1363636
 48.60113 46.039837 41.885983 0.909777 0.94729966 9.800363 5.681818
 135.43716 134.53537 124.96839 0.92888874 0.9933416 9.71655 1.1363636
 137.07945 134.23248 124.619156 0.92838293 0.97923124 9.654521 5.681818
 18.722198 15.673751 12.21992 0.7796424 0.83717465 8.431187 10.227273
 3.6687276 1.209513 0.21225359 0.17548682 0.32968187 1.5719943 17.045454
 12.089519 8.476617 2.9973729 0.35360485 0.70115423 4.5771303 10.227273
 5.124016 2.0210545 0.77630055 0.3841067 0.39442784 4.634093 12.5
 103.53095 100.28599 92.57293 0.9230893 0.96865714 9.703246 5.681818
 51.690136 51.518345 48.070312 0.9330718 0.99667645 9.83079 0.0
 14.6211195 11.842469 10.211323 0.8622629 0.80995643 9.04525 13.636364
 21.582636 14.232218 12.680825 0.8909943 0.6594291 8.884883 14.772727
 8.054912 5.185234 3.7820632 0.72939104 0.6437357 10.5359955 14.285714
 21.59975 18.349781 16.739815 0.91226244 0.8495367 9.590298 9.090909
 90.77432 70.84214 65.72672 0.92779124 0.7804205 9.460433 14.772727
 117.04937 116.890915 106.78389 0.9135345 0.9986463 9.696338 11.363636
 33.47356 29.441975 27.324108 0.9280664 0.8795591 9.473332 11.363636
 10.415248 10.686945 9.73823 0.91122675 1.0260864 11.18354 10.227273
 115.61637 114.1292 105.55144 0.9248416 0.9871371 9.760999 1.1363636
 14.892622 9.980607 8.5834 0.86000776 0.67017126 9.588102 17.045454
 32.575047 30.850609 28.20756 0.91432744 0.9470626 10.156152 3.409091
 135.76582 133.12975 123.81968 0.9300678 0.98058355 9.703534 14.772727
 127.37202 125.80662 116.55595 0.92646915 0.98771 9.746177 1.1363636
 13.580582 8.030584 5.734657 0.7141021 0.59132844 8.119552 17.857143
 32.156292 31.614899 29.28331 0.92625034 0.98316365 9.594653 2.2727273
 81.53572 79.987434 74.607864 0.9327448 0.9810109 9.948081 5.681818
 17.805933 17.369865 16.142275 0.9293265 0.9755099 9.213853 9.090909
 11.312128 8.701845 7.7286534 0.88816255 0.76924926 9.909011 11.363636
 12.304629 10.839046 8.256617 0.7617476 0.8808917 9.168544 11.363636
 126.639824 122.82723 111.67859 0.90923315 0.96989423 7.471231 1.3888888
 117.93959 115.839966 106.762535 0.92163813 0.98219746 9.469192 7.9545455
 56.397278 47.388702 42.568348 0.89828056 0.84026575 7.5418987 9.722222
 29.867846 28.61418 26.443697 0.9241466 0.95802623 9.702055 1.1363636
 109.68707 106.225494 94.62621 0.89080507 0.9684413 9.506882 6.818182
 111.254684 86.539246 79.02037 0.91311604 0.7778481 9.569059 11.363636
 49.809696 53.8054 50.568806 0.9398463 1.0802194 9.347394 2.2727273
 7.577546 5.4805846 5.0791626 0.92675555 0.7232664 6.9266605 12.5
 143.72484 139.03482 127.0353 0.9136941 0.9673681 7.6703315 5.5555553
 1.5895493 0.5141196 0.08141889 0.15836564 0.32343736 1.397702 18.75
 129.41487 125.05766 115.376625 0.9225874 0.9663315 9.437193 5.681818
 135.58751 133.71239 126.110176 0.94314504 0.9861704 9.835981 9.090909
 115.11997 111.07844 102.968544 0.92698944 0.96489286 9.678023 12.5
 112.91648 107.605576 98.43072 0.9147362 0.95296603 9.614241 4.5454545
 85.63556 84.829895 78.851685 0.92952716 0.9905919 9.828958 4.5454545
 15.190013 15.36056 14.158094 0.9217173 1.0112276 10.06742 9.523809
 143.41034 145.29155 129.77632 0.8932131 1.0131177 5.324474 8.928572
 118.00361 113.94243 104.22709 0.91473466 0.96558434 9.852818 2.2727273
 133.79532 127.11645 116.965744 0.92014647 0.95008135 9.624547 1.1363636
 13.608459 12.12655 10.939667 0.9021253 0.8911038 10.214563 6.818182
 102.61127 102.83639 94.79732 0.9218266 1.0021939 9.829345 3.409091
 38.710896 38.66262 35.737 0.9243295 0.9987529 9.8387575 1.1363636
 12.896053 12.349093 11.347369 0.9188828 0.957587 9.685865 10.227273
 26.510746 25.002592 23.138697 0.92545193 0.9431116 9.242474 5.681818
 2.9799376 2.0871444 0.84483147 0.40477863 0.7003987 2.0781305 16.17647
 113.78418 110.048874 101.10395 0.91871864 0.967172 9.441864 5.681818
 160.98917 165.037 146.13538 0.88547033 1.0251435 4.6669173 1.9230769
 81.765884 79.08078 72.87329 0.92150444 0.96716106 9.988231 1.1363636
 134.20375 130.8962 121.220955 0.9260846 0.97535425 9.706298 1.1363636
 12.4894495 10.266997 7.434515 0.72411776 0.8220537 9.428365 11.904762
 21.951437 20.659672 17.928146 0.8677847 0.9411536 4.774246 5.769231
 58.208397 57.66899 53.002235 0.9190769 0.9907332 9.329084 4.5454545
 129.04549 125.58629 114.24296 0.90967697 0.973194 9.441944 3.409091
 12.874002 10.260934 8.2694025 0.8059113 0.79702747 8.674229 13.636364
 9.572325 6.816332 5.3178573 0.7801641 0.7120874 7.7889194 13.636364
 86.18666 83.04612 77.31164 0.93094826 0.9635611 9.823375 1.1363636
 21.042885 21.99327 20.463543 0.9304456 1.0451642 9.395885 6.818182
 132.36346 121.42091 112.07346 0.92301613 0.9173295 9.803994 9.090909
 31.318352 28.452734 25.891293 0.9099756 0.9085004 8.957488 12.5
 96.41778 86.6841 80.13098 0.9244023 0.89904684 9.63623 9.090909
 13.687648 10.766078 7.026803 0.6526799 0.7865543 5.7725983 11.764706
 19.490656 11.15887 7.877922 0.7059785 0.5725241 8.3946495 15.476191
 128.24069 122.94975 112.97455 0.9188676 0.9587421 8.921409 1.1904762
 104.57415 88.65417 80.47798 0.9077743 0.8477637 9.053819 7.142857
 14.408231 11.44636 9.992299 0.8729674 0.794432 8.476042 14.285714
 112.59916 106.09239 96.53025 0.9098696 0.94221306 8.512454 8.75
 148.76195 142.7229 132.60423 0.9291027 0.95940465 8.483152 1.25
 68.53184 62.2904 56.84833 0.91263396 0.9089265 8.686945 11.25
 13.048783 10.022679 9.223806 0.92029357 0.768093 7.7254567 13.75
 14.294726 12.943922 11.786799 0.91060495 0.90550333 8.507154 9.210526
 40.43614 35.09598 31.249773 0.8904088 0.8679361 6.756539 7.8125
 132.87358 125.53791 114.34316 0.9108258 0.94479215 7.399061 8.333333
 109.05755 99.621475 90.335785 0.90679026 0.91347617 7.3160825 0.0
 126.90921 117.02015 101.19538 0.8647688 0.92207766 4.2286687 4.1666665
 15.299204 11.172395 8.024026 0.71820104 0.7302599 6.200708 13.235294
 137.05524 129.52568 117.107185 0.90412325 0.9450619 6.6498137 1.4705882
 70.7664 56.75431 49.307682 0.8687919 0.80199516 6.412338 11.764706
 130.36447 120.68595 105.79798 0.8766387 0.925758 6.5738077 1.4705882
 104.59452 100.52887 90.52908 0.90052813 0.9611294 6.6213903 4.4117646
 126.24183 112.96677 101.60351 0.8994106 0.8948442 6.5882936 4.4117646
 37.928394 20.101646 16.632034 0.8273967 0.5299894 6.0513496 4.4117646
 54.2669 48.81987 43.554115 0.89213914 0.8996252 6.757628 4.4117646
 89.87914 82.85186 74.73267 0.9020035 0.9218141 6.647169 1.4705882
 111.1516 101.86473 91.566284 0.89890075 0.91644853 6.7442393 4.4117646
 13.960485 9.627097 7.988495 0.8297927 0.6895962 5.643376 11.666667
 126.49013 117.1896 105.28421 0.8984092 0.9264723 6.097384 0.0
 87.04912 79.49579 71.52444 0.89972603 0.9132291 6.0995264 1.5625
 104.82949 86.99518 77.867004 0.89507264 0.8298732 5.9668136 9.375
 127.44064 112.07989 100.03308 0.8925159 0.87946737 5.5398707 6.6666665
 16.373085 15.166202 13.395676 0.88325846 0.9262886 4.6186986 8.333333
 107.717354 97.4867 87.19729 0.89445317 0.9050232 5.519142 8.333333
 130.57068 123.447914 111.24584 0.9011561 0.945449 5.51085 1.6666666
 7.969637 5.7259097 4.8941684 0.85474074 0.7184656 4.5238233 12.5
 107.98663 99.34795 87.39998 0.8797361 0.92000234 4.9051156 0.0
 123.6943 119.48344 106.60592 0.89222336 0.9659575 4.9408436 1.7857143
 29.029385 30.614252 19.201332 0.62720233 1.0545954 2.8018382 4.1666665
 101.217514 94.41015 83.67495 0.88629186 0.93274516 4.941484 5.357143
 20.75226 18.537518 17.449114 0.94128644 0.89327705 3.494935 11.538462
 130.62082 122.525894 110.462 0.90154004 0.9380273 4.5746956 1.9230769
 20.97366 19.449606 17.488527 0.89917123 0.9273349 4.5883455 13.461538
 123.69886 115.81697 104.31503 0.90068865 0.9362816 4.590089 5.769231
 109.71545 83.4158 71.87936 0.8616995 0.76029223 3.8971379 12.5
 1.0 69.32543 65.012794 58.89365 0.90587777 0.9377914 526.94763 7.5003476 144.0
