 4.775609 1.2743516 0.64902186 0.50929576 0.26684588 5.3225765 21.428572
 87.601006 84.13285 79.07551 0.9398886 0.96040964 8.846677 5.681818
 2.4883094 1.6285596 1.3350334 0.81976336 0.6544844 7.668421 17.105263
 21.868887 5.624285 2.0913918 0.37185025 0.25718203 4.857311 17.045454
 66.01119 53.96527 50.967743 0.94445455 0.8175169 8.926257 15.909091
 68.07395 65.67478 62.12208 0.9459047 0.96475637 8.926687 6.818182
 42.48013 40.003197 38.22181 0.9554689 0.94169194 8.509413 11.363636
 8.626748 6.6233454 6.291332 0.9498722 0.7677685 8.643824 13.636364
 82.863434 80.9474 77.07688 0.9521848 0.9768772 8.880678 10.227273
 9.975646 7.866484 6.7251205 0.85490805 0.78856885 9.652564 12.5
 70.82816 66.075134 62.183537 0.9411035 0.93289346 8.814326 7.9545455
 68.41208 61.23808 56.172356 0.91727823 0.89513546 8.57989 11.363636
 75.79722 53.090477 49.02774 0.92347527 0.7004277 8.751101 13.636364
 42.150787 37.5179 35.194412 0.9380699 0.8900878 9.113867 14.772727
 37.247757 21.972027 20.509806 0.93345076 0.5898886 8.714652 15.909091
 23.82021 24.04195 22.161469 0.92178327 1.0093089 5.1426477 5.357143
 27.279163 24.239412 23.091728 0.95265216 0.88856876 8.821075 15.909091
 87.17312 57.940327 54.11288 0.9339416 0.6646582 8.720776 11.363636
 48.258488 45.34099 42.913322 0.9464576 0.9395443 9.067943 7.9545455
 8.2323885 5.2614613 2.6187305 0.49771923 0.6391173 4.6848407 14.772727
 63.911766 58.405975 54.2757 0.9292833 0.9138532 8.403153 10.227273
 64.98071 58.293503 51.077198 0.8762074 0.89708924 8.242067 10.227273
 79.09226 73.69932 69.516426 0.94324386 0.93181443 8.979016 12.5
 18.821669 19.296774 15.194256 0.78739876 1.0252424 6.0737095 10.227273
 2.2995832 0.6543878 0.14940058 0.22830588 0.28456798 2.4299228 17.045454
 79.95941 78.59586 74.13818 0.94328356 0.982947 8.532497 5.681818
 77.298615 64.46758 59.67942 0.92572755 0.83400697 8.375226 14.772727
 1.9318055 0.508871 0.10384932 0.20407787 0.26341733 2.2654417 17.1875
 32.24689 30.480324 29.21806 0.9585875 0.94521743 8.089725 7.9545455
 90.72707 78.89781 73.627716 0.9332035 0.86961704 8.733923 18.181818
 89.23116 78.64025 73.789955 0.9383229 0.8813093 8.778089 10.227273
 31.03656 18.585566 14.138575 0.76072884 0.59882814 7.4532437 10.227273
 47.07762 35.599552 33.133774 0.9307357 0.75618845 8.53177 15.909091
 83.98999 81.39973 77.56836 0.95293146 0.9691599 8.845617 4.5454545
 8.939866 8.685789 7.382859 0.84999293 0.9715794 8.532036 11.363636
 8.228945 5.894279 5.4506993 0.924744 0.7162861 9.141459 10.714286
 1.7287782 0.5367326 0.11476947 0.21382987 0.31046933 2.2334332 23.4375
 80.240074 75.58845 70.78912 0.9365072 0.94202864 8.7783575 9.090909
 3.3616798 0.78218436 0.15517175 0.19838259 0.23267664 2.3775363 13.75
 1.2760695 0.23719747 0.08423682 0.35513374 0.1858813 2.229703 27.5
 87.13529 77.55659 73.40485 0.94646823 0.89007086 8.883676 15.909091
 2.376073 0.47527054 0.10021566 0.21086024 0.20002355 2.1832066 17.857143
 40.572693 47.249203 46.090214 0.9754707 1.1645567 8.683333 10.227273
 60.487183 56.019722 48.881554 0.8725776 0.92614204 8.371472 10.227273
 32.428543 33.17986 30.884485 0.9308202 1.0231684 5.097876 5.0
 82.90857 74.95625 71.0117 0.9473753 0.9040834 8.79188 7.9545455
 85.97498 81.87776 77.9162 0.9516161 0.95234406 7.516036 6.25
 1.3427503 0.3477909 0.14191301 0.4080412 0.25901383 4.8850284 18.75
 102.32333 78.12761 72.95287 0.93376553 0.7635366 8.686031 17.045454
 10.080142 8.14164 7.4650483 0.9168974 0.8076909 9.311628 13.636364
 2.5746522 0.8832757 0.33023903 0.37387988 0.343066 4.9358773 20.0
 1.9569697 0.45781007 0.13193099 0.28817844 0.23393825 2.563569 25.0
 6.281438 3.4620943 2.6026852 0.7517661 0.5511627 5.8688364 12.5
 87.4445 84.40398 79.81543 0.94563586 0.96522915 8.847895 15.909091
 1.1781619 0.63223183 0.36950445 0.5844446 0.53662556 3.9017558 17.307692
 2.3468156 0.80242217 0.27810982 0.3465879 0.34191957 1.2371753 15.0
 5.6217794 4.690875 4.4579263 0.95034003 0.834411 5.554329 11.764706
 2.789409 0.7150224 0.30073214 0.42059124 0.25633472 2.993637 17.045454
 1.9662786 0.47651467 0.11876364 0.24923396 0.24234343 2.5139303 19.117647
 2.5784552 1.1453632 0.39128444 0.34162474 0.4442052 3.7219687 19.047619
 53.15818 43.229717 39.183937 0.90641207 0.8132279 10.52314 12.5
 2.1740582 0.74601847 0.3426243 0.45927054 0.3431456 5.0775304 23.529411
 1.9861571 0.57111585 0.09265335 0.16223215 0.2875482 1.6753049 18.055555
 80.06018 78.706764 74.87612 0.95133024 0.983095 8.880886 10.227273
 74.12336 71.03612 67.793816 0.95435697 0.95834994 8.851017 4.5454545
 59.748158 51.450245 46.642467 0.9065548 0.8611185 8.493744 10.227273
 79.522705 81.54945 77.9304 0.9556213 1.0254865 8.865883 3.409091
 75.90399 71.05076 67.591774 0.9513168 0.9360609 8.789728 12.5
 2.4374652 0.5365086 0.12101557 0.22556128 0.22010925 1.9025606 25.0
 39.841923 40.68752 38.79101 0.9533885 1.0212238 8.7207775 13.636364
 71.934715 65.90084 62.285725 0.9451431 0.9161202 9.043459 10.227273
 0.97537154 0.19069481 0.052577175 0.2757137 0.19550993 2.4713123 25.0
 9.543654 4.547284 2.5911286 0.5698189 0.47647202 5.6117654 17.045454
 29.34101 26.856785 25.034939 0.93216443 0.91533273 8.877742 17.045454
 62.86347 54.27312 48.5654 0.8948333 0.86334914 8.431001 7.9545455
 92.667465 79.92254 75.46038 0.94416904 0.862466 8.983154 14.772727
 51.511765 49.71917 47.16771 0.9486825 0.96520025 9.014131 6.818182
 34.881596 19.67888 17.075066 0.8676848 0.5641623 8.138281 18.181818
 75.263 72.44486 66.470055 0.9175262 0.96255606 8.561177 11.363636
 4.447182 2.8494892 2.5626297 0.89932954 0.6407404 10.288429 15.476191
 81.96188 71.33727 67.25571 0.94278497 0.8703713 8.800938 12.5
 83.08394 62.143707 55.124138 0.88704294 0.74796295 8.257402 11.363636
 75.700455 76.66456 73.02877 0.9525754 1.0127357 8.852597 4.5454545
 86.88629 83.8491 79.78949 0.95158434 0.965044 8.838737 10.227273
 61.512447 55.532364 52.499393 0.9453837 0.9027825 8.839572 6.818182
 76.468 70.59693 66.98409 0.94882435 0.9232219 8.916997 10.227273
 77.99571 71.473854 63.630985 0.89026946 0.9163818 3.8559635 12.5
 37.922844 29.59746 27.712797 0.9363235 0.7804651 8.634866 11.363636
 48.578278 43.337093 35.153797 0.8111712 0.89210844 8.047379 9.090909
 18.181957 18.537655 17.507275 0.9444169 1.0195632 9.072503 5.681818
 87.89581 63.23078 59.4709 0.9405372 0.71938336 8.864629 15.909091
 1.8408431 0.61341655 0.15532677 0.25321582 0.3332259 2.3348606 20.588236
 97.700485 75.5988 70.43094 0.931641 0.77378124 8.65531 13.636364
 81.41754 82.54407 78.9434 0.95637876 1.0138364 8.61927 6.818182
 86.48066 83.21475 77.46428 0.930896 0.96223545 5.8651333 12.5
 83.35924 76.26734 71.4947 0.93742216 0.9149237 8.7339115 12.5
 42.184185 36.78715 30.817049 0.8377122 0.87206024 7.9895325 11.363636
 21.391518 20.321333 19.265554 0.9480458 0.9499715 9.505922 7.9545455
 73.25141 58.80696 53.945595 0.9173335 0.80280995 5.2457757 16.666666
 85.15513 70.536125 66.04923 0.93638873 0.82832503 8.794169 15.909091
 74.59607 74.87387 70.89723 0.94688886 1.0037241 8.921995 9.090909
 2.8336005 0.5312429 0.18753657 0.3530147 0.18747981 3.9495976 18.333334
 95.49329 82.68768 77.22969 0.9339927 0.86590046 7.9389267 8.75
 56.188046 49.443325 45.80603 0.92643505 0.87996167 7.0055027 11.111111
 85.51373 85.8937 79.75954 0.9285842 1.0044433 5.9613295 10.9375
 3.4190977 3.0130646 2.8456867 0.9444493 0.88124555 6.9968643 14.0625
 4.9051147 1.5318723 0.33407655 0.21808381 0.312301 1.5132895 15.0
 8.344704 7.9698515 6.9616694 0.8735005 0.9550791 4.912368 11.666667
 92.32989 81.47039 72.8071 0.89366335 0.88238376 5.5149975 11.666667
 69.94712 69.67756 62.660748 0.8992959 0.9961462 5.262284 12.5
 90.028946 74.63605 64.67831 0.86658263 0.82902277 4.426268 9.615385
 21.750908 12.728797 11.129711 0.87437254 0.58520764 4.7675586 11.538462
 93.90693 87.563225 76.51168 0.8737878 0.93244696 4.0577836 8.333333
 87.92179 81.07508 71.57755 0.8828552 0.92212725 4.0876083 6.25
 1.0 47.09865 41.66091 38.513306 0.924447 0.8845458 334.65942 12.908466 114.0
