 151.23773 142.79277 130.16951 0.9115973 0.9441611 3.8362195 2.0833333
 2.6333168 0.66606086 0.21708685 0.32592645 0.25293612 3.2908792 17.045454
 9.372771 7.8386865 7.3945127 0.94333565 0.83632535 8.491172 9.090909
 162.99503 152.45091 137.6246 0.902747 0.93531024 4.990707 1.7857143
 163.37944 157.68289 147.47665 0.93527365 0.96513295 5.286563 13.333333
 130.3227 129.65033 123.73629 0.9543847 0.99484074 8.914161 4.5454545
 150.30264 146.91881 136.3075 0.92777425 0.97748655 5.2667055 1.6666666
 143.24615 114.7409 87.74012 0.76468045 0.80100507 3.6782713 5.0
 163.5579 158.52245 146.71288 0.9255022 0.969213 4.8609934 0.0
 149.09868 138.75606 129.23477 0.93138117 0.93063235 5.2881126 3.3333333
 164.02168 157.06947 146.54749 0.93301064 0.95761406 5.3111234 8.333333
 25.321383 22.88682 20.917627 0.9139595 0.9038535 8.957508 9.090909
 17.807709 18.574986 17.863972 0.96172196 1.0430868 8.33086 10.227273
 16.390287 14.093608 12.914531 0.9163396 0.8598756 9.615021 10.714286
 164.82935 161.274 149.62912 0.92779446 0.97843015 4.8495126 1.7857143
 20.315577 19.10156 17.88903 0.9365219 0.9402422 8.526517 6.818182
 17.480719 17.108862 16.155592 0.9442822 0.9787276 9.022765 6.818182
 154.00983 146.84792 136.95029 0.9325994 0.95349705 5.3180676 1.6666666
 18.95937 18.11036 16.323086 0.90131205 0.95521957 6.0046306 10.9375
 15.409985 15.289057 14.579358 0.9535813 0.99215263 9.131438 0.0
 45.19512 46.319614 43.223454 0.9331566 1.0248808 8.729734 7.9545455
 15.847414 15.7100725 14.972155 0.953029 0.99133354 9.079953 1.1363636
 140.7533 134.76953 125.77004 0.9332231 0.95748764 5.292863 1.6666666
 23.156857 22.694962 21.526525 0.9485156 0.9800536 8.229167 3.409091
 169.23587 161.00056 147.64886 0.91707045 0.9513383 5.2226963 0.0
 20.675453 17.91694 16.971624 0.94723904 0.86658025 8.690666 2.2727273
 174.9535 168.2828 152.96881 0.9089984 0.9618716 4.778821 7.142857
 6.9527717 4.5353813 4.3641086 0.96223634 0.6523127 5.1882405 13.333333
 8.820357 5.1615977 4.3220577 0.83734876 0.5851915 7.70096 8.75
 2.95001 0.7557401 0.21217689 0.28075376 0.25618222 2.4647868 19.047619
 4.6827135 1.5648195 0.9719169 0.62110484 0.33416936 6.588823 15.909091
 160.06114 155.536 143.9151 0.9252848 0.9717287 4.7812233 3.5714285
 15.909135 14.134032 13.26618 0.93859833 0.8884225 7.785479 9.090909
 159.19724 151.02324 140.90756 0.93301904 0.94865495 5.299564 1.6666666
 157.10341 152.35976 142.3454 0.93427163 0.9698055 5.296265 1.6666666
 150.23338 145.57483 135.26538 0.92918104 0.9689912 4.812413 0.0
 152.55754 142.96547 131.3118 0.9184861 0.9371249 5.15751 1.6666666
 18.44115 17.641909 16.821688 0.9535072 0.9566599 8.816294 9.090909
 65.380165 55.975418 52.71825 0.9418107 0.85615295 8.654022 10.227273
 16.116156 15.192453 14.019582 0.92279905 0.9426847 8.16802 5.681818
 143.34337 137.3665 126.94952 0.9241665 0.9583038 5.2907906 1.6666666
 138.95792 135.66342 126.80631 0.9347126 0.9762915 5.4270105 1.6666666
 163.2198 157.23036 146.74297 0.93329924 0.96330446 5.2625794 1.6666666
 167.1152 158.58287 147.73425 0.9315902 0.9489434 5.295282 0.0
 148.36755 141.66647 129.2164 0.912117 0.9548345 4.8337164 5.357143
 147.03741 132.04308 112.94197 0.85534185 0.89802366 9.071031 9.090909
 15.544424 14.918501 14.428534 0.96715707 0.95973325 6.927512 5.0
 64.78874 60.476364 57.597435 0.9523958 0.93343943 8.33029 5.952381
 165.0443 175.80276 160.4375 0.91259944 1.0651853 4.0678353 2.0833333
 175.76965 182.09071 166.17603 0.9126002 1.0359621 4.090344 2.0833333
 163.15927 171.46352 154.64473 0.90191036 1.0508965 4.073235 2.0833333
 157.12631 163.7736 143.88136 0.8785382 1.0423054 4.0871115 2.0833333
 40.028255 22.021774 18.528624 0.8413774 0.55015576 6.052325 12.5
 155.52385 115.21512 99.14361 0.86050874 0.7408196 4.7388463 9.615385
 1.0 96.18409 91.440865 83.79881 0.9164263 0.9506859 493.29794 5.711297 54.0
