 83.71927 67.20116 63.207325 0.94056904 0.8026964 9.206036 11.363636
 22.614052 11.586151 9.461209 0.8165964 0.512343 9.094234 15.909091
 13.588369 12.368236 11.668359 0.9434134 0.91020745 9.274337 12.5
 111.453735 108.08778 102.75372 0.9506507 0.9697996 9.546087 12.5
 15.287861 9.722702 9.077843 0.9336748 0.6359753 9.855239 14.772727
 2.1240585 0.7531464 0.22151724 0.29412243 0.35457894 2.939222 18.421053
 3.0161314 1.0800583 0.48455462 0.44863743 0.35809395 4.9225173 15.476191
 27.342506 21.41005 13.728347 0.64121044 0.7830317 6.8965425 10.227273
 8.821766 9.0014305 8.571078 0.9521907 1.020366 10.179603 5.681818
 6.366091 4.35054 3.716539 0.8542707 0.6833927 8.912896 15.909091
 20.7403 12.702016 12.078957 0.950948 0.61243165 8.761255 18.181818
 3.2128289 0.7614179 0.30018276 0.39424178 0.236993 3.7819571 21.25
 1.4724107 0.41075876 0.11477114 0.2794125 0.27897024 3.2470274 21.875
 116.48456 121.05682 113.823395 0.9402476 1.0392522 9.371811 10.227273
 98.77628 69.95679 64.60929 0.92355996 0.7082347 9.203242 15.909091
 9.143405 4.19485 3.7028964 0.8827244 0.4587842 9.004325 18.181818
 14.763471 15.346457 14.846906 0.9674484 1.0394883 8.378063 3.409091
 19.92692 19.3499 18.587938 0.96062195 0.97104317 9.627085 6.818182
 8.8582 7.63527 6.3712597 0.83445114 0.8619437 8.928637 12.5
 1.3220489 0.3191 0.09351957 0.29307294 0.24136776 2.9317403 15.789474
 5.1643815 3.7030725 2.990127 0.8074719 0.7170409 8.766724 13.636364
 54.375267 57.48395 54.867985 0.9544923 1.057171 9.448088 9.090909
 6.27545 4.390305 3.4628372 0.7887464 0.6996 6.36228 13.636364
 4.243647 2.4483194 1.0469412 0.42761627 0.5769376 3.1421943 18.055555
 15.011516 14.420918 13.531084 0.9382956 0.96065706 9.29292 10.227273
 37.552807 22.541044 20.322124 0.9015609 0.60024923 9.493573 15.909091
 5.698507 5.522655 5.19471 0.9406182 0.96914077 9.519946 10.227273
 4.497737 1.7881094 1.0166599 0.5685669 0.39755756 5.6714997 17.045454
 2.935932 0.9820168 0.26810604 0.27301577 0.33448213 2.833969 15.909091
 5.9398475 5.3176007 4.9138026 0.92406386 0.895242 9.881477 13.636364
 8.853347 8.343157 7.7609906 0.93022233 0.9423732 9.161074 9.090909
 11.7101145 9.575377 9.11417 0.9518341 0.81770146 9.522523 13.636364
 8.555418 8.954806 8.604041 0.9608294 1.0466825 9.713194 7.9545455
 1.504181 0.35764486 0.07170224 0.20048448 0.23776716 1.3254893 20.0
 8.076932 3.2827816 1.8665811 0.5685974 0.4064392 6.082945 15.909091
 64.48409 35.731194 31.810509 0.8902728 0.5541086 8.8442745 14.772727
 12.237142 11.969871 11.439217 0.95566756 0.97815895 9.374199 3.409091
 12.089191 12.394868 11.832701 0.95464516 1.0252851 9.402559 11.363636
 14.484269 14.99808 14.45925 0.9640734 1.0354737 9.223612 15.909091
 2.9564674 0.6932807 0.15341051 0.22128196 0.2344963 2.368423 17.857143
 24.072788 21.573425 20.349651 0.94327396 0.89617485 9.499134 12.5
 112.442924 118.4515 112.6955 0.95140636 1.0534366 9.502064 11.363636
 33.83907 35.25811 33.898003 0.9614243 1.041935 9.602983 2.2727273
 2.6566634 0.7087391 0.33683223 0.4752556 0.2667779 6.7712708 16.666666
 17.69281 18.15979 17.324776 0.95401853 1.0263938 9.432413 3.409091
 34.53176 36.075912 34.38396 0.95310026 1.0447168 9.401681 1.1363636
 6.4712086 4.444605 3.94757 0.88817126 0.68682766 8.777273 13.636364
 9.843548 9.6724415 9.1817875 0.94927293 0.98261744 9.513071 5.681818
 4.8316407 4.718869 4.4721117 0.94770825 0.97665983 9.180474 10.227273
 106.7674 112.312164 106.59177 0.949067 1.051933 9.47376 9.090909
 26.2079 25.631733 24.490791 0.95548713 0.97801554 9.462464 12.5
 2.5961325 0.74157727 0.23186249 0.31266126 0.28564692 3.0386744 18.181818
 107.31024 81.198 76.8615 0.9465935 0.7566659 9.392054 13.636364
 10.475902 2.2804422 0.36725688 0.16104636 0.21768458 1.0698712 17.045454
 9.51372 9.658516 9.091238 0.9412665 1.0152197 8.960245 4.5454545
 12.258202 10.354249 9.636897 0.93071914 0.8446793 8.809596 18.181818
 6.007664 4.650189 3.67469 0.79022384 0.7740427 7.9319015 15.909091
 5.4875803 5.1575785 4.8394575 0.93831974 0.93986386 9.12962 12.5
 16.443651 3.8122394 0.8247734 0.21634878 0.23183656 2.1198678 15.476191
 89.88429 89.068054 80.9829 0.90922505 0.990919 5.8993635 8.333333
 3.2912707 1.1310811 0.2998344 0.26508656 0.3436609 1.9851679 11.666667
 1.0 24.890276 21.594309 19.94475 0.92361134 0.8675802 194.01 12.756393 61.0
