 41.705772 39.930347 35.433002 0.88737017 0.9574298 4.8548446 5.357143
 9.732536 5.25465 3.4108808 0.64911664 0.53990555 8.656024 15.476191
 31.36202 31.95969 30.647867 0.9589538 1.0190572 8.768136 12.5
 2.9138813 0.839157 0.41530946 0.4949127 0.287986 6.1510677 21.052631
 23.63385 20.417036 14.514655 0.71090907 0.8638895 7.0928273 12.5
 3.0714467 0.68155795 0.10469557 0.15361214 0.22190127 1.4694633 19.318182
 23.913733 21.581602 20.030054 0.9281078 0.9024774 7.8819847 14.772727
 40.765682 31.281284 28.62048 0.9149394 0.7673435 9.585326 10.227273
 117.86731 92.01098 85.226 0.926259 0.78063184 9.056423 14.772727
 23.881317 21.937122 20.603798 0.9392206 0.9185893 9.32982 11.363636
 3.68309 0.9908752 0.2095969 0.21152705 0.26903367 2.5594516 20.238094
 27.862736 28.516521 26.828032 0.94078904 1.0234646 9.377341 4.5454545
 3.2615108 1.4140298 0.36957902 0.26136577 0.43355054 2.3683531 17.857143
 32.4129 33.05856 32.091213 0.97073835 1.01992 8.44619 2.2727273
 9.873521 4.9861937 3.385709 0.67901677 0.5050066 6.847763 17.045454
 8.151081 5.5991893 5.10195 0.9111944 0.686926 4.2073736 11.666667
 6.6979227 6.126334 5.844972 0.95407337 0.9146618 9.943272 17.045454
 7.0715985 3.4839933 2.4469478 0.70233995 0.4926741 6.8061423 14.772727
 100.6417 74.29583 67.50846 0.908644 0.7382211 4.9480786 16.666666
 51.024315 42.758068 40.162983 0.93930775 0.837994 8.857174 13.636364
 94.56052 75.63066 70.15673 0.9276228 0.79981226 8.599426 13.636364
 4.9189568 1.7253304 0.7651296 0.44346848 0.35075125 2.7069347 16.666666
 15.059359 14.116624 13.224636 0.936813 0.93739873 8.659171 13.636364
 4.6338177 3.812933 3.655139 0.95861614 0.8228491 8.559014 15.909091
 87.68241 66.84955 62.11499 0.9291759 0.76240546 8.678352 14.772727
 7.088233 4.711652 4.3812966 0.92988545 0.66471463 8.619082 13.636364
 1.6349419 0.50187355 0.11837114 0.23585849 0.30696723 1.3031591 18.333334
 18.952002 18.713545 17.879076 0.9554082 0.9874179 8.318066 9.090909
 48.904427 44.981804 42.293747 0.9402412 0.9197901 8.76401 7.9545455
 23.039864 20.291046 19.23398 0.9479047 0.88069296 7.062371 13.157895
 2.9451125 1.0360583 0.212579 0.20518054 0.35178906 2.0169008 15.909091
 5.3064094 2.7962708 2.310011 0.82610416 0.52696097 7.2705503 15.909091
 51.722782 47.5564 41.61066 0.87497497 0.9194479 3.8113916 10.416667
 13.991376 12.882769 12.052274 0.9355344 0.9207649 8.378287 7.9545455
 6.268175 4.8864994 4.556047 0.93237436 0.7795729 9.095526 15.476191
 11.433706 11.554214 10.636063 0.92053545 1.0105395 8.33069 7.9545455
 22.899862 24.326103 23.527945 0.9671892 1.0622816 8.765003 13.636364
 35.325485 36.33973 34.114338 0.9387614 1.0287114 9.107346 3.409091
 22.505985 19.051292 18.054594 0.94768345 0.84649897 8.938666 11.363636
 2.9048443 0.78970593 0.19191869 0.2430255 0.27185825 2.5689716 16.666666
 35.1326 33.19603 31.933836 0.96197766 0.9448783 9.014713 11.363636
 1.8605872 0.4637552 0.072869204 0.1571286 0.24925205 1.5004885 19.047619
 7.7864428 4.471907 3.8296797 0.85638624 0.57431966 8.547884 19.318182
 12.38865 12.306742 11.5353985 0.9373235 0.9933885 8.806605 6.818182
 7.089544 3.6421745 3.034629 0.8331916 0.5137389 4.3200293 17.1875
 16.78756 13.4004345 12.631627 0.9426282 0.79823595 9.99814 12.5
 8.014216 8.18187 7.701082 0.94123733 1.0209197 9.087076 11.363636
 39.056137 37.6519 36.01473 0.9565182 0.96404576 8.594078 0.0
 6.1677866 4.1909714 3.879744 0.92573863 0.67949355 8.970093 15.909091
 10.882064 2.7090006 0.4855419 0.17923285 0.24894181 1.1471827 14.772727
 89.824326 87.816284 83.66467 0.95272386 0.97764486 8.990446 10.227273
 13.502707 11.395722 10.797848 0.9475352 0.8439584 8.8059025 13.636364
 117.277695 85.81405 79.28751 0.92394567 0.73171663 8.775476 15.909091
 1.9398862 0.6070045 0.07608618 0.12534697 0.3129073 1.0894418 15.789474
 15.943656 13.881861 13.274564 0.95625246 0.8706824 8.871279 11.363636
 12.065851 7.5929713 7.1132874 0.93682534 0.6292943 8.669486 13.636364
 11.61713 6.9513125 5.842591 0.8405018 0.59836745 9.813323 17.045454
 7.3871546 5.2306376 4.65298 0.8895627 0.70807207 8.860694 13.636364
 27.952723 28.620537 26.95802 0.9419117 1.0238909 8.995118 12.5
 7.8855305 7.311793 6.947195 0.9501356 0.92724174 8.610176 11.363636
 10.687344 10.345305 9.766364 0.9440382 0.967996 8.642165 14.772727
 58.95557 55.71738 54.17248 0.97227263 0.9450741 7.740218 12.5
 1.1659348 0.25333774 0.040770933 0.16093507 0.21728295 1.3561147 17.5
 16.741581 13.763738 13.037371 0.9472261 0.8221289 9.755333 15.909091
 22.186174 21.454107 20.355537 0.9487944 0.9670034 8.916369 5.681818
 88.69364 89.32013 85.02303 0.95189106 1.0070635 9.202775 10.227273
 47.477917 45.93467 43.049095 0.9371809 0.9674955 8.6905365 2.2727273
 14.395756 14.87164 13.933472 0.93691564 1.0330572 9.067712 5.681818
 104.9713 75.05661 70.07515 0.93363065 0.7150203 8.830852 14.772727
 12.978971 13.370051 12.5848055 0.94126827 1.0301319 8.768571 10.227273
 5.889284 2.119302 0.43461743 0.20507573 0.35985735 2.705696 19.318182
 3.7627707 1.3644184 0.364804 0.2673696 0.36261004 2.8819528 16.666666
 5.9238186 4.7552676 4.5607142 0.9590868 0.80273694 8.222095 12.5
 11.702976 7.282652 5.8405213 0.8019773 0.62229055 9.651776 13.636364
 11.431288 10.346865 9.578233 0.9257136 0.9051355 8.680707 15.909091
 8.470448 7.09278 6.6312604 0.93493104 0.83735603 8.531453 15.909091
 12.113477 11.396586 10.699347 0.9388203 0.9408187 9.209819 10.227273
 7.1081767 6.453044 6.146272 0.95246094 0.90783393 9.235768 14.772727
 71.01463 71.81391 68.19841 0.9496545 1.0112551 8.83704 7.9545455
 66.27829 66.932884 62.924805 0.9401179 1.0098765 8.64961 2.2727273
 14.612849 13.402123 12.76208 0.95224315 0.91714644 8.9665165 10.227273
 6.493791 1.9134066 0.5237331 0.27371758 0.29465172 2.7318375 17.045454
 14.4894705 12.1397705 11.292842 0.93023527 0.83783394 8.671118 15.909091
 5.6978927 5.428415 5.155422 0.9497104 0.95270574 8.869102 8.333333
 14.235428 10.26956 9.651125 0.9397798 0.72140855 8.881025 15.909091
 9.036276 8.1408825 7.517273 0.9233978 0.9009113 9.039914 9.090909
 12.875921 9.082545 8.355465 0.91994745 0.70539 8.414564 11.363636
 11.188984 9.252975 8.03617 0.86849576 0.8269718 8.90725 10.227273
 9.411552 9.436555 8.96096 0.9496008 1.0026566 9.444322 7.9545455
 117.82375 96.93888 90.40729 0.93262154 0.82274485 8.536956 13.636364
 26.431341 26.000364 24.773851 0.95282704 0.9836945 8.851443 6.818182
 118.4997 85.763054 80.14622 0.93450755 0.7237407 8.823251 17.045454
 70.2049 71.27759 68.34622 0.9588739 1.0152793 8.96442 12.5
 19.685787 18.156998 17.092144 0.94135296 0.92234045 10.197157 11.363636
 14.429422 13.056809 12.432228 0.9521643 0.9048741 9.034438 10.227273
 96.66633 88.20502 83.127396 0.9424339 0.9124689 8.946134 6.818182
 5.2665815 4.407224 4.1674914 0.9456047 0.83682823 7.9582644 8.333333
 31.453573 28.62455 27.481188 0.96005666 0.9100571 9.061012 9.090909
 110.68322 94.999466 89.444885 0.94153035 0.85830057 8.735273 12.5
 102.696846 65.987915 58.734406 0.89007825 0.6425505 8.83689 13.636364
 12.755822 12.516171 11.947445 0.95456064 0.98121244 8.946006 10.714286
 23.80764 11.108423 7.5562825 0.68023 0.46659067 6.723989 15.909091
 7.7534246 3.4698393 2.9546716 0.8515298 0.44752347 8.214659 17.045454
 35.542404 33.697674 32.10975 0.9528774 0.94809777 8.566082 14.772727
 5.365359 3.4480853 2.8606777 0.8296424 0.642657 8.017026 17.857143
 12.043239 5.3843493 3.646209 0.6771866 0.4470848 7.117605 15.909091
 22.33029 12.996006 11.395287 0.87682986 0.58199006 8.777824 9.090909
 7.895455 6.957701 6.6396956 0.9542944 0.8812287 8.417642 9.090909
 16.827223 6.165678 3.0898466 0.50113654 0.36641094 5.590117 18.181818
 106.55432 78.9947 73.72368 0.9332738 0.74135613 8.599192 18.181818
 9.153485 6.9265523 6.2751384 0.90595406 0.756712 7.8732605 10.227273
 4.171888 3.1254094 2.8463385 0.910709 0.74915946 9.267191 13.636364
 111.71325 121.2694 110.89062 0.9144155 1.0855417 4.061944 2.0833333
 9.620625 5.2038856 3.9622898 0.7614098 0.54090935 4.88256 17.1875
 48.18903 48.176857 43.12488 0.8951369 0.99974734 6.1009264 10.0
 1.0 28.95152 24.4929 22.631546 0.9240044 0.84599704 201.23248 12.683441 115.0
