 95.96651 94.03794 82.72467 0.87969464 0.97990376 4.0152802 2.0833333
 13.151726 12.072104 11.290867 0.93528575 0.91791034 7.6365337 10.227273
 103.87666 103.19432 98.226715 0.9518616 0.9934312 7.6069145 4.7619047
 108.408554 98.34037 93.33942 0.9491465 0.90712744 8.332272 6.818182
 91.22623 86.34238 80.82923 0.93614787 0.9464644 7.531332 9.523809
 91.54641 81.46723 75.89806 0.93163913 0.88990086 6.537547 6.9444447
 69.36777 55.398136 50.10864 0.9045185 0.798615 5.556807 14.0625
 94.51117 88.42312 83.09421 0.9397339 0.9355839 7.240005 11.25
 98.11983 88.59014 84.07293 0.94900995 0.90287703 8.060622 10.227273
 100.117035 96.38261 91.61898 0.9505758 0.96269935 7.347306 3.5714285
 7.2270546 5.224623 4.6773505 0.8952512 0.72292566 6.6349277 18.055555
 39.07903 19.384888 16.948288 0.8743042 0.49604326 5.314958 16.666666
 94.00882 85.86032 80.96683 0.9430064 0.9133219 7.72261 2.3809524
 97.70303 93.88776 87.57645 0.9327782 0.9609503 7.608328 7.142857
 17.605446 15.164869 14.112906 0.9306315 0.8613738 8.318344 13.636364
 50.162834 26.435692 22.920761 0.8670384 0.52699757 7.439795 19.318182
 6.941013 4.3584814 1.760771 0.4039873 0.6279316 4.204874 14.772727
 101.74426 97.58386 91.1509 0.9340776 0.95910925 7.5707273 11.904762
 79.575836 61.080936 55.765827 0.91298246 0.76758146 8.275277 12.5
 109.74581 107.62495 102.24459 0.9500083 0.9806748 7.6023645 3.5714285
 95.04994 84.738464 79.98624 0.9439188 0.8915152 8.094935 9.090909
 103.876625 98.30812 93.88172 0.9549742 0.94639313 7.5833335 8.333333
 13.797225 12.250919 11.26716 0.9196992 0.88792634 9.9105835 4.5454545
 100.81951 95.88259 90.52695 0.9441438 0.95103204 7.682205 3.5714285
 86.85994 80.532394 76.59544 0.95111346 0.92715234 8.088476 7.9545455
 109.123474 104.71435 99.140076 0.94676685 0.9595951 7.550889 9.523809
 87.57702 80.74089 76.968605 0.9532792 0.9219415 7.910578 11.363636
 86.01648 82.96703 75.994576 0.9159611 0.9645481 5.350233 10.0
 105.11187 101.19425 95.61158 0.9448321 0.9627291 7.813736 5.952381
 99.087654 77.348785 71.60419 0.92573124 0.7806097 7.2904387 15.0
 115.712074 108.966286 102.61537 0.9417167 0.941702 7.6059027 5.952381
 94.2923 88.56787 81.14415 0.9161805 0.9392906 6.2295837 2.9411764
 14.072938 13.889426 13.433281 0.9671588 0.98696 6.7131047 6.818182
 93.84665 88.245445 83.02275 0.9408162 0.94031537 7.3723836 6.25
 16.889032 15.525395 14.703074 0.9470338 0.919259 6.4080005 13.636364
 79.32791 74.51511 69.37925 0.93107635 0.9393302 6.167348 4.4117646
 110.2336 109.34319 103.63138 0.9477625 0.99192256 7.894146 1.1904762
 94.22499 88.54668 77.88341 0.8795746 0.93973666 3.9429677 0.0
 14.3656845 14.310496 13.447839 0.93971854 0.9961583 6.615598 9.090909
 99.37244 91.39027 86.2659 0.9439288 0.9196742 7.6826344 13.095238
 90.747795 75.73035 67.79549 0.8952222 0.83451444 4.7272134 12.5
 12.454113 9.869549 9.153642 0.92746305 0.792473 9.112552 11.363636
 95.46367 90.45146 84.86404 0.9382274 0.9474962 7.693902 9.523809
 13.305349 12.118493 11.288401 0.931502 0.91079855 8.404922 10.227273
 81.6386 74.393265 65.09429 0.8750025 0.91125107 3.946109 8.333333
 92.97903 83.40576 78.79257 0.94468987 0.89703846 8.099497 7.9545455
 96.97895 92.981995 87.44965 0.940501 0.9587853 7.942953 5.952381
 36.60618 26.419256 11.471779 0.43422037 0.7217158 3.780961 12.5
 79.084114 74.4199 70.55448 0.9480593 0.94102204 8.255897 5.681818
 74.617195 63.6671 60.517944 0.95053715 0.8532497 7.905122 14.772727
 94.68373 82.32883 77.14132 0.93699044 0.8695139 7.022934 11.842105
 93.03464 85.566124 80.86697 0.9450816 0.9197233 7.889479 9.090909
 94.59438 90.838844 84.96046 0.9352877 0.96029854 7.749625 8.333333
 2.2640538 0.58175033 0.23363325 0.40160397 0.25695074 4.50336 19.736841
 4.151787 1.6502423 0.38536406 0.23351969 0.3974776 1.3686376 16.666666
 3.5877764 2.0753005 1.4096941 0.6792723 0.5784364 3.8860383 11.25
 101.88432 91.21382 86.40363 0.9472647 0.8952685 7.8920836 11.363636
 85.26043 80.02477 75.393326 0.9421249 0.93859214 7.3465304 6.25
 91.1857 88.645065 84.00466 0.94765186 0.9721378 7.689257 10.714286
 89.87706 86.24531 80.79152 0.9367642 0.95959204 7.6885796 3.5714285
 19.227993 11.838003 5.2792478 0.4459576 0.615665 2.7418008 9.375
 78.68406 72.633965 68.62314 0.94478035 0.923109 8.194019 10.227273
 100.244026 94.955864 89.54763 0.9430448 0.9472471 7.871791 5.952381
 13.543423 12.753571 11.971856 0.9387062 0.94168 8.673599 7.9545455
 90.37907 83.67809 78.53787 0.93857145 0.92585707 8.076662 10.227273
 8.294446 5.091905 4.656237 0.91443914 0.61389333 8.304504 13.636364
 87.14187 55.789436 49.30385 0.8837488 0.6402139 6.02989 16.17647
 108.31268 97.99472 92.94664 0.9484862 0.9047391 7.6012993 11.904762
 15.152926 11.904267 7.960735 0.66872954 0.7856084 2.7791429 8.333333
 95.803 93.202644 87.67039 0.94064265 0.97285724 7.6784153 5.952381
 96.802246 88.44749 82.62246 0.9341414 0.91369253 6.961991 10.526316
 64.3983 41.928684 39.11199 0.9328218 0.65108377 7.748611 17.045454
 99.25653 95.52836 90.69226 0.94937533 0.962439 7.7536054 3.5714285
 102.521286 98.5231 93.7402 0.951454 0.96100146 7.747405 5.952381
 90.156 87.54527 83.086525 0.94906926 0.9710421 7.843035 5.952381
 86.996254 65.64095 61.42497 0.93577206 0.7545262 7.9318757 14.772727
 98.759346 87.7718 82.849434 0.9439186 0.88874424 8.019219 12.5
 85.98592 80.28098 70.07611 0.8728855 0.93365264 3.959991 2.0833333
 87.242874 79.75713 72.12479 0.90430516 0.9141965 4.83227 5.357143
 85.54497 79.16447 74.746155 0.9441883 0.9254135 7.4215217 5.952381
 13.8848095 9.169032 8.586922 0.9365134 0.6603643 6.80327 14.772727
 94.69022 78.37672 73.59411 0.93897927 0.82771707 7.6780796 10.714286
 93.96963 90.70764 83.55999 0.9212012 0.96528685 7.6015363 5.952381
 99.378525 90.61896 85.81962 0.9470383 0.9118565 7.818239 8.333333
 89.05072 86.02229 78.00903 0.9068467 0.9659921 4.79949 1.7857143
 77.88013 72.20805 65.01542 0.90039015 0.9271692 4.815356 7.142857
 106.735405 101.44259 96.13114 0.94764084 0.9504118 7.739064 8.333333
 2.0045896 0.55440986 0.10367664 0.1870036 0.27657026 2.083776 22.368422
 12.200745 10.294587 9.611541 0.93364996 0.8437671 7.6016912 11.363636
 92.22381 83.07713 78.83917 0.94898766 0.9008209 7.960013 5.681818
 94.33658 91.00576 86.11945 0.9463077 0.96469223 7.889864 4.7619047
 99.044365 84.69421 79.805664 0.94228 0.85511386 7.641976 10.714286
 87.21158 78.941185 68.83878 0.87202615 0.9051686 3.8805912 6.25
 98.1011 93.58435 88.43165 0.9449405 0.9539583 7.4519215 5.952381
 1.67777 0.58767927 0.22639982 0.38524386 0.35027403 4.953464 20.833334
 57.374275 53.24301 50.562828 0.9496613 0.92799455 7.9802604 7.9545455
 95.97569 92.00772 86.26122 0.93754333 0.95865643 7.6382833 10.714286
 3.6280248 1.6996545 1.0804036 0.63566065 0.4684793 2.043005 11.363636
 98.44853 94.59164 89.01647 0.9410607 0.96082324 7.2581406 6.25
 92.46626 87.31928 81.692184 0.9355572 0.94433665 7.6250553 11.904762
 91.91027 87.183365 81.93935 0.9398507 0.9485705 7.7459683 7.142857
 116.95711 114.71762 108.92049 0.94946605 0.98085207 7.711914 5.952381
 10.802552 11.251585 10.317815 0.9170099 1.0415673 6.5920415 6.818182
 1.4139135 0.39103028 0.057353113 0.14667179 0.27655885 1.3946631 19.117647
 74.35692 68.488846 60.056133 0.8768746 0.9210824 3.8979442 6.25
 88.10951 83.889 78.58108 0.9367268 0.9520992 7.812233 9.523809
 112.33034 91.155785 86.62829 0.95033234 0.8114975 7.9603724 11.363636
 103.14124 100.03385 94.59534 0.9456333 0.9698724 7.63793 5.952381
 94.80425 90.11208 85.31607 0.9467772 0.95050675 7.632998 14.285714
 100.48815 95.71093 89.54611 0.9355892 0.9524598 7.5319767 5.952381
 100.057846 90.64112 84.94458 0.9371528 0.9058872 7.676616 11.904762
 112.05562 107.43853 101.139244 0.9413684 0.95879644 7.830558 7.142857
 90.57911 85.46738 80.94961 0.9471404 0.9435661 7.6741843 2.3809524
 12.798104 10.1999655 9.543967 0.9356862 0.79699033 6.5384336 6.818182
 105.80666 102.17976 97.40483 0.9532693 0.9657214 7.68892 15.476191
 7.7672853 6.1783185 4.975758 0.805358 0.7954283 7.827534 11.363636
 96.547066 91.220406 85.16253 0.93359077 0.94482833 8.032207 7.9545455
 101.17391 96.75294 90.92933 0.9398095 0.9563032 7.8194046 5.952381
 100.934074 92.838554 83.42794 0.8986346 0.919794 4.860814 16.071428
 105.74734 102.44881 95.807014 0.93516964 0.9688074 7.629104 11.904762
 13.652413 12.980846 11.85111 0.91296905 0.9508096 7.5498905 9.090909
 93.756294 82.49376 77.7792 0.9428495 0.8798744 7.987029 13.636364
 89.26329 81.17749 77.01639 0.9487407 0.9094163 7.97783 6.818182
 102.66744 83.588036 78.89915 0.94390476 0.81416297 7.9142823 14.772727
 95.35855 74.5047 69.547195 0.93346053 0.78131115 7.8460813 12.5
 103.66353 78.70942 69.24768 0.879789 0.7592779 4.6385145 16.071428
 94.95628 90.8809 85.75729 0.94362295 0.95708144 7.72691 16.666666
 88.60314 62.455853 54.790443 0.87726676 0.7048943 4.707939 12.5
 12.703716 6.4638257 5.312077 0.8218162 0.50881374 5.034806 15.0
 66.57099 67.22384 59.875313 0.89068574 1.0098068 3.8970923 0.0
 90.12074 85.76311 81.410286 0.949246 0.95164675 7.780951 5.952381
 15.093549 10.862404 8.977961 0.82651687 0.71967196 5.4818635 10.0
 91.841225 81.20749 76.87398 0.94663656 0.88421607 8.021246 10.227273
 83.35302 80.135 73.578156 0.9181775 0.96139294 5.7425284 9.375
 85.14438 62.102863 55.763023 0.8979139 0.72938305 6.947945 10.526316
 8.708214 6.1234083 5.670105 0.92597204 0.7031762 9.2014265 15.476191
 105.37876 97.85125 92.84864 0.9488754 0.9285671 7.0983796 5.0
 91.80688 86.417946 78.16303 0.9044769 0.9413014 3.8652215 2.0833333
 91.03727 89.97795 84.67224 0.94103324 0.9883639 6.775327 9.210526
 72.46439 51.538567 48.218666 0.9355841 0.7112261 6.622814 13.157895
 90.92108 80.4363 76.22549 0.94765025 0.8846827 6.5345035 6.5789475
 74.11597 74.71857 67.76358 0.90691763 1.0081304 4.3232584 5.769231
 48.548096 31.455904 28.937326 0.9199331 0.6479328 6.30193 11.842105
 107.6335 100.98324 95.85804 0.94924706 0.9382138 6.451073 11.111111
 109.86662 110.10667 104.024704 0.944763 1.0021849 6.005108 16.17647
 106.7775 102.96954 95.447495 0.9269488 0.96433747 5.2151 6.6666665
 13.846836 10.279751 8.071937 0.7852268 0.7423899 5.218495 8.823529
 101.625175 99.74168 94.35108 0.9459544 0.9814663 5.980876 7.352941
 95.53237 89.6733 84.49303 0.94223166 0.9386693 5.5835457 12.5
 97.13174 96.74953 90.26737 0.9330007 0.99606496 5.658413 7.8125
 99.60083 97.960304 91.51388 0.93419343 0.98352903 5.9459405 7.352941
 96.75475 92.582886 87.087654 0.94064534 0.95688206 5.847888 5.882353
 92.99308 79.0792 74.21393 0.93847597 0.8503773 5.649913 11.764706
 4.0872364 1.7474514 0.6172117 0.35320678 0.4275386 2.2860928 13.235294
 14.91537 9.292265 5.60806 0.60351914 0.6229993 3.2018306 15.625
 110.489944 101.14283 92.99926 0.91948444 0.915403 5.426582 5.0
 97.51608 95.38519 87.38614 0.9161394 0.9781483 4.621977 7.142857
 95.70814 94.53461 88.12131 0.9321592 0.9877385 5.0252347 5.0
 93.69674 96.58222 89.38164 0.92544603 1.0307959 4.577008 8.928572
 81.00132 86.41768 78.594666 0.9094744 1.0668676 3.9278011 12.5
 99.42 107.08123 98.86462 0.9232674 1.0770593 4.2754908 7.6923075
 94.59592 91.80136 84.45361 0.9199604 0.970458 4.291113 9.615385
 104.99563 107.55682 96.76472 0.8996613 1.0243933 3.7787082 4.1666665
 97.63694 104.53659 94.084816 0.90001804 1.0706664 3.7683182 8.333333
 1.0 76.23297 69.96104 65.02993 0.9295164 0.91772676 476.01535 9.43072 164.0
