 37.277214 35.283756 32.855743 0.9311861 0.9465234 8.361845 0.0
 3.7307813 1.0454133 0.15242356 0.1458022 0.28021294 1.6154445 18.75
 12.706529 6.99696 2.1431167 0.30629256 0.55065864 3.39193 19.318182
 23.973625 18.856041 16.660624 0.8835696 0.7865327 5.2707915 10.0
 16.066572 15.110644 14.032945 0.9286794 0.940502 6.0302725 4.4117646
 6.479407 5.41475 4.5239825 0.8354924 0.8356861 7.8249006 14.285714
 18.635187 18.323538 17.347292 0.94672173 0.9832763 8.591869 11.363636
 12.283884 11.760615 11.013787 0.93649757 0.957402 8.856111 10.227273
 1.5648205 0.3919457 0.11329339 0.2890538 0.25047326 3.109898 20.0
 2.2165408 0.6801668 0.44116285 0.6486099 0.30685955 9.264638 19.736841
 3.621243 0.8070697 0.1601966 0.19849165 0.22287092 2.5609772 19.318182
 70.33145 68.51854 64.778206 0.9454113 0.9742234 8.794197 1.1363636
 73.03852 68.45759 64.95325 0.94881 0.9372806 8.4539585 12.5
 80.85751 75.67989 72.00415 0.9514304 0.9359661 8.5468645 7.9545455
 9.935819 7.091753 6.207406 0.8752992 0.7137563 8.701072 15.909091
 0.9377867 0.3179576 0.07986831 0.2511917 0.3390511 1.9221874 25.0
 2.4012039 0.7154293 0.2130499 0.2977931 0.29794607 3.2246075 17.857143
 20.805454 20.113321 19.092514 0.9492472 0.9667331 8.5532 6.818182
 9.631174 8.410987 7.8004026 0.9274064 0.87330854 8.876716 4.5454545
 20.359425 19.501453 18.321201 0.93947875 0.9578588 8.68119 2.2727273
 55.133865 54.900948 51.965004 0.94652295 0.9957754 8.659787 1.1363636
 2.0105646 0.7799011 0.35892516 0.46021882 0.38790154 4.983163 18.421053
 82.05161 72.94347 68.58751 0.9402831 0.8889949 8.480164 13.636364
 21.064342 19.742685 18.533077 0.9387313 0.9372562 8.719723 11.363636
 13.946739 11.310273 10.527948 0.93083066 0.81096184 9.048399 13.636364
 21.118551 20.457546 19.3743 0.947049 0.9687003 8.281418 4.5454545
 7.2390027 6.9030123 6.38156 0.9244602 0.9535861 8.669495 12.5
 10.270833 7.2071834 6.4990544 0.9017468 0.70171356 7.898327 14.772727
 81.99855 77.68189 73.85746 0.95076805 0.947357 8.606517 5.681818
 22.337534 18.74925 16.853 0.89886266 0.8393608 8.516155 14.772727
 8.963727 5.171067 4.2606907 0.823948 0.5768881 8.485559 13.636364
 43.17559 40.81331 38.574516 0.94514555 0.9452866 8.614675 11.363636
 13.227948 12.174434 11.390982 0.9356477 0.9203569 8.2977915 10.227273
 1.9921204 0.5124842 0.15726382 0.3068657 0.25725564 2.4412148 19.318182
 98.064644 95.98147 90.67202 0.9446825 0.97875714 8.527997 6.818182
 18.170145 18.672657 17.434395 0.93368584 1.0276558 7.57666 8.333333
 19.760561 16.652725 14.117337 0.84774935 0.84272534 8.36205 13.636364
 9.856416 8.038503 7.448869 0.9266488 0.81556046 8.460908 14.772727
 140.70996 134.94371 127.56012 0.9452839 0.9590204 8.543318 3.409091
 38.38102 36.599422 34.64467 0.94659054 0.95358133 8.773703 5.681818
 60.087498 58.454975 55.20818 0.9444565 0.9728309 8.061338 2.3809524
 44.098747 36.955917 34.30899 0.92837614 0.83802646 8.410452 12.5
 14.356347 14.916528 14.091636 0.94469947 1.0390197 9.040701 3.409091
 16.039 15.827751 15.005921 0.94807667 0.9868291 9.2495985 7.9545455
 1.4479989 0.28899738 0.075935744 0.2627558 0.19958398 2.0748305 19.736841
 26.110622 24.046394 22.073492 0.9179543 0.920943 8.058172 10.227273
 14.943124 13.701088 12.602175 0.9197937 0.9168824 8.5359535 11.363636
 50.230362 50.25002 47.945683 0.95414263 1.0003914 8.222656 1.1363636
 15.183311 14.230152 12.6452055 0.88862056 0.9372232 7.6128283 7.9545455
 12.606199 12.00399 11.420665 0.9514057 0.95222914 8.825404 7.9545455
 82.01744 63.667576 59.591686 0.9359817 0.7762688 8.721589 13.636364
 29.665249 29.972498 28.469208 0.9498443 1.0103573 8.995962 12.5
 25.397512 24.909065 23.702736 0.9515707 0.98076785 8.481106 9.090909
 23.648825 22.751173 21.505033 0.9452275 0.9620424 8.521903 6.818182
 2.9585466 1.4062047 0.6381336 0.45379853 0.47530252 3.0606432 13.095238
 9.894532 6.458459 5.5151105 0.85393596 0.6527301 8.138935 15.909091
 15.877072 15.446338 14.561361 0.94270635 0.97287065 8.888398 13.636364
 8.91768 4.7367897 3.841813 0.81105846 0.5311684 7.379397 13.636364
 15.184553 14.835208 14.0539255 0.94733596 0.9769933 8.641335 10.227273
 13.969472 13.492418 12.8025055 0.94886667 0.96585023 8.423761 3.409091
 9.240161 2.1702151 0.38424996 0.17705616 0.23486768 1.301367 14.772727
 29.6768 29.660536 27.891571 0.9403596 0.999452 8.132065 2.2727273
 13.10691 13.153157 12.429662 0.9449945 1.0035286 8.789386 9.090909
 14.004465 13.8313055 13.115589 0.9482539 0.9876354 8.35784 7.9545455
 12.690748 12.572974 12.040352 0.9576375 0.99071974 8.543386 9.090909
 12.559197 11.710258 11.135461 0.95091516 0.93240494 8.915121 10.227273
 10.156988 9.99159 9.501265 0.95092624 0.98371583 8.367341 7.9545455
 18.168701 16.917747 15.7477665 0.93084294 0.93114793 8.528328 5.681818
 10.124065 7.278278 6.7771053 0.9311414 0.7189086 8.797971 13.636364
 15.297573 15.035918 14.236162 0.94681025 0.9828957 8.838041 10.227273
 32.53853 32.56263 30.85743 0.9476332 1.0007408 8.5940275 0.0
 13.837036 13.132468 12.416159 0.9454551 0.949081 8.538597 11.363636
 54.939526 50.873413 48.160965 0.9466824 0.92598933 8.408363 10.227273
 39.111443 38.729786 36.8735 0.9520709 0.9902418 8.75513 3.409091
 8.666985 8.029184 7.599086 0.9464331 0.9264103 8.075276 11.363636
 16.702688 15.490621 14.687199 0.94813496 0.9274328 8.431195 11.363636
 52.04314 48.983616 46.105553 0.94124436 0.94121176 8.864087 10.227273
 12.092701 11.533401 10.26606 0.8901156 0.95374894 8.7084055 7.9545455
 16.804045 16.912039 16.093029 0.95157236 1.0064267 8.77049 2.2727273
 12.671193 10.785018 10.019881 0.9290556 0.8511447 8.42465 6.818182
 16.188427 15.82494 14.956945 0.94515026 0.9775464 8.557345 6.818182
 50.598488 49.683605 46.68889 0.93972427 0.9819188 8.779271 12.5
 10.280361 10.259154 9.753975 0.95075816 0.99793714 8.8295965 5.681818
 11.596562 9.9488125 9.123443 0.9170384 0.8579105 8.484888 11.363636
 81.877396 71.56611 65.139435 0.91019946 0.8740643 4.8982964 8.333333
 16.288387 12.48426 11.3702 0.91076285 0.76645154 9.307565 13.636364
 57.59798 55.30096 53.01863 0.9587289 0.9601198 8.797978 11.363636
 27.765184 26.715584 25.02283 0.93663794 0.96219724 8.473418 9.090909
 10.077249 8.124698 7.523622 0.9260188 0.80624163 8.496856 13.636364
 15.847398 15.305347 14.390694 0.9402396 0.96579564 8.52057 5.681818
 1.789213 0.38864303 0.15070371 0.38776898 0.21721451 3.8227232 25.0
 13.275078 10.370583 9.858417 0.95061356 0.7812069 8.359043 15.909091
 93.81396 94.4446 89.632225 0.94904554 1.0067222 8.523958 5.681818
 25.749239 20.234125 18.834736 0.93084013 0.78581446 8.6462755 7.9545455
 25.564058 24.487953 23.260464 0.9498737 0.95790553 8.027027 6.818182
 27.55389 27.22237 25.943302 0.95301414 0.9879683 8.4830675 6.818182
 17.117592 16.58779 15.401965 0.9285122 0.9690493 4.8638835 10.0
 44.782978 40.16669 37.87137 0.9428551 0.89691865 8.85566 11.363636
 14.973422 14.0148945 13.021328 0.92910635 0.93598473 8.498975 7.9545455
 81.23323 82.051186 78.20242 0.95309305 1.0100693 8.695954 6.818182
 24.427822 23.7826 22.232023 0.93480206 0.9735866 8.626743 2.2727273
 31.481342 30.382566 28.696835 0.9445165 0.96509755 8.729651 14.772727
 21.013483 20.93772 19.778881 0.94465315 0.9963945 8.272258 4.5454545
 16.451048 17.019348 16.169949 0.95009214 1.034545 9.207814 4.5454545
 19.810497 22.25581 21.354553 0.95950466 1.1234351 9.075639 6.818182
 9.987487 5.658562 4.6750474 0.82619 0.56656516 7.1380224 15.909091
 78.53612 74.56928 67.8199 0.9094885 0.94949025 5.1216855 8.333333
 11.330588 11.322919 10.565161 0.9330775 0.9993232 8.900802 9.090909
 13.397991 9.634627 8.817239 0.9151614 0.7191099 7.5924315 17.045454
 8.889333 7.2924285 6.753658 0.9261192 0.8203572 8.711991 13.636364
 18.184855 17.594006 16.569843 0.9417892 0.9675087 8.676527 12.5
 56.456627 57.737206 54.86261 0.9502124 1.0226825 8.85953 11.363636
 16.399508 16.775404 16.044605 0.9564362 1.0229213 8.926819 11.363636
 84.052414 65.57579 61.072304 0.931324 0.7801773 8.462433 13.636364
 6.746096 5.7938867 5.3391533 0.9215149 0.8588503 8.360812 14.772727
 17.016787 16.271786 15.485136 0.95165557 0.95621973 8.2841835 13.095238
 11.7210245 9.558579 8.540774 0.8935192 0.8155072 7.544353 11.111111
 89.85583 90.94734 85.89108 0.9444045 1.0121474 7.066229 0.0
 73.07281 68.37165 64.268074 0.93998134 0.9356647 6.7551155 13.235294
 67.78809 64.2986 57.154903 0.8888981 0.94852346 4.558095 5.769231
 23.059984 21.818613 19.501066 0.89378124 0.9461677 4.5299473 3.8461537
 5.688342 5.205003 4.5297146 0.8702617 0.9150298 3.9872274 10.416667
 1.0 27.645353 25.650866 23.9654 0.9342921 0.9278545 208.16348 10.180806 122.0
