 116.500885 116.888145 111.50436 0.9539407 1.0033242 8.39403 5.681818
 23.624008 25.16062 24.023306 0.9547979 1.0650445 9.021221 10.227273
 114.45998 117.08818 110.98516 0.9478767 1.0229617 8.1979 1.1363636
 63.97497 10.697587 2.8199658 0.26360765 0.16721518 3.0957432 17.045454
 56.720104 57.567852 55.026253 0.95585036 1.0149461 8.331931 1.1363636
 8.551889 8.879057 8.544024 0.9622671 1.0382568 8.598945 7.9545455
 137.86601 140.67981 134.2139 0.954038 1.0204097 8.382585 2.2727273
 97.36717 97.88695 92.410835 0.94405675 1.0053383 7.4712095 2.5
 12.789593 12.462121 11.817244 0.9482529 0.97439545 7.820753 11.363636
 103.81877 104.343956 95.73342 0.9174793 1.0050586 7.028394 6.5789475
 109.38723 107.65245 97.68742 0.9074334 0.9841409 5.7806506 1.6666666
 132.25015 102.673134 97.770966 0.9522546 0.77635556 8.371329 17.045454
 14.626628 13.466957 12.695108 0.9426857 0.9207151 8.267392 6.818182
 3.317085 1.8426343 0.42442563 0.23033634 0.55549806 1.9264903 14.285714
 18.807508 18.265066 17.074154 0.93479836 0.9711582 9.735962 5.681818
 79.79586 81.75996 77.69293 0.9502565 1.0246141 8.607484 1.1363636
 115.18191 115.676765 109.73435 0.94862914 1.0042963 8.152283 12.5
 83.12934 81.798355 75.071014 0.9177571 0.98398894 5.5947804 5.0
 119.057205 116.33029 107.05633 0.920279 0.9770957 6.1714077 1.5625
 108.10475 112.06225 107.18542 0.95648104 1.036608 8.187026 5.681818
 114.68443 116.68401 110.17543 0.9442204 1.0174354 8.205138 9.090909
 48.235115 17.207846 14.18679 0.8244374 0.35674936 8.09315 17.045454
 122.0957 124.18933 118.34147 0.9529118 1.0171474 8.393161 4.5454545
 108.15911 106.651886 98.069664 0.9195305 0.98606473 6.343974 0.0
 32.141453 30.172937 28.651775 0.9495852 0.9387546 8.270744 2.2727273
 111.897896 112.25908 104.26208 0.928763 1.0032277 8.220713 1.1363636
 121.19056 121.13352 114.52481 0.94544274 0.99952936 8.483886 1.1363636
 126.68262 129.27829 123.31755 0.95389223 1.0204896 8.278217 3.409091
 113.73428 111.78361 103.26757 0.92381674 0.9828488 6.1276636 4.6875
 113.7812 116.51196 109.73989 0.9418766 1.0240002 8.2999935 0.0
 112.573555 111.805626 104.999176 0.9391225 0.9931784 8.144396 10.227273
 122.437035 124.74803 118.71649 0.9516502 1.018875 8.182859 6.818182
 62.001076 52.448112 49.220097 0.93845314 0.84592265 8.059933 9.090909
 116.028465 120.71281 109.74867 0.9091717 1.0403724 4.857015 1.9230769
 100.5406 103.00449 98.34128 0.954728 1.0245063 8.259393 4.5454545
 111.487816 106.905945 100.77506 0.9426516 0.9589025 8.338467 6.818182
 115.11574 116.94064 111.69647 0.95515525 1.0158528 8.255924 4.5454545
 129.70143 98.93926 92.17354 0.9316174 0.7628232 6.5707073 11.111111
 125.12118 125.629745 119.287766 0.9495185 1.0040647 8.461153 1.1363636
 103.518234 106.00883 101.96167 0.96182245 1.0240595 8.313087 1.1363636
 48.457073 36.42739 34.066017 0.9351759 0.7517456 7.089991 13.636364
 120.70367 120.53506 113.92289 0.9451432 0.99860305 8.339583 3.409091
 123.70107 123.540184 116.72107 0.94480246 0.99869937 8.279121 10.227273
 114.51306 97.50885 91.86614 0.9421314 0.8515085 8.195537 11.363636
 132.41049 133.2823 127.26972 0.95488834 1.0065842 8.379528 6.818182
 106.28567 105.65845 98.80199 0.9351073 0.9940987 8.055267 3.409091
 103.190926 104.23439 98.96356 0.9494329 1.010112 8.447019 1.1363636
 122.34406 122.711845 117.277145 0.95571166 1.0030062 8.1024885 3.409091
 16.129498 15.600679 14.868278 0.9530532 0.96721417 8.3996725 11.363636
 106.843704 108.77108 102.7895 0.94500756 1.0180392 7.842493 1.25
 105.80289 104.88473 98.27151 0.93694776 0.9913219 8.561391 1.1363636
 9.690551 7.328657 6.7804446 0.925196 0.7562684 9.453886 15.909091
 99.6448 88.64695 83.89955 0.946446 0.8896295 8.287224 7.9545455
 105.618355 99.49651 92.52236 0.9299056 0.9420381 6.5087748 2.9411764
 114.71287 113.39813 106.80331 0.9418436 0.9885389 7.895456 1.1904762
 112.79996 104.53892 98.62502 0.9434287 0.92676383 8.251866 7.9545455
 81.387276 82.16806 78.33168 0.9533105 1.0095935 8.4358225 1.1363636
 12.631819 10.334339 9.724904 0.9410282 0.8181196 9.9379425 13.636364
 6.1809506 5.255793 4.831567 0.9192841 0.8503212 7.3726916 15.0
 79.703674 80.864334 76.747894 0.9490945 1.0145621 8.195863 2.2727273
 100.66869 100.63084 95.76335 0.95163023 0.99962395 8.36747 3.409091
 9.871469 9.382413 7.4243517 0.7913051 0.9504577 9.735507 4.7619047
 110.019356 107.256546 101.65505 0.9477748 0.97488797 8.356132 2.2727273
 67.1226 69.06365 66.20181 0.9585623 1.0289181 7.8834887 5.681818
 100.5099 99.28386 93.26929 0.93942046 0.9878018 8.247533 1.1363636
 109.88936 110.55922 101.73754 0.9202086 1.0060958 8.354848 2.2727273
 20.706724 18.167444 15.843961 0.87210727 0.87736934 7.560882 10.227273
 109.58809 105.94939 99.97936 0.94365215 0.9667965 8.482399 7.9545455
 132.2954 132.53506 126.2615 0.9526649 1.0018116 8.189734 6.818182
 107.92693 98.685936 92.8416 0.94077843 0.9143773 8.215361 13.636364
 104.447784 105.72424 99.85679 0.9445023 1.0122211 8.26548 6.818182
 114.40572 114.77497 107.29057 0.9347907 1.0032275 7.741069 1.25
 70.65799 73.16796 71.07326 0.97137135 1.0355228 8.425862 10.227273
 111.880745 113.92895 108.547104 0.95276135 1.0183071 8.383424 1.1363636
 112.612305 113.053154 106.91861 0.94573754 1.0039147 8.512097 6.818182
 103.22086 99.55165 91.24049 0.91651416 0.9644528 6.2661467 1.5625
 102.444534 105.23707 99.132355 0.9419908 1.027259 8.309691 2.2727273
 105.91251 106.53431 99.42056 0.9332257 1.0058709 8.303866 7.9545455
 19.026789 14.550111 13.31232 0.9149291 0.7647171 8.395468 13.636364
 20.766418 20.593626 18.554123 0.9009644 0.9916793 9.009224 4.5454545
 109.64391 108.64383 102.293144 0.9415459 0.99087876 8.384892 3.409091
 118.35694 118.5343 110.97484 0.9362255 1.0014986 7.8721433 9.523809
 106.52117 110.54521 104.70059 0.94712913 1.037777 7.853748 1.1904762
 117.14078 118.73073 111.87681 0.94227344 1.013573 7.9576764 5.952381
 58.799927 58.587933 52.461857 0.89543796 0.9963947 4.5853624 11.538462
 133.97417 136.43855 128.48004 0.94166964 1.0183945 7.3398633 6.25
 127.22461 130.06606 121.33285 0.9328556 1.0223341 6.813711 0.0
 104.76692 102.70697 95.20842 0.92699087 0.9803377 6.773271 3.9473684
 127.23643 126.96815 119.506424 0.94123155 0.9978915 6.600024 1.3157895
 117.46358 115.203354 105.44365 0.91528285 0.9807581 5.5416336 1.5625
 112.879715 112.91925 106.28225 0.9412235 1.0003502 6.9429207 3.9473684
 100.79329 101.26862 93.57131 0.9239911 1.0047159 6.872232 5.263158
 15.508327 14.182869 13.042216 0.91957533 0.91453254 6.4252434 8.333333
 116.53178 117.22395 109.63809 0.9352874 1.0059398 6.216757 2.7777777
 124.82356 125.17982 117.800476 0.94105005 1.0028541 5.650894 1.4705882
 117.78528 115.41456 107.626045 0.93251705 0.9798726 5.7772503 7.352941
 108.8144 108.78637 100.99393 0.92836934 0.9997424 5.7195826 11.764706
 127.63886 130.67844 122.394775 0.93661034 1.023814 5.334093 10.9375
 26.718258 23.479725 21.583656 0.9192466 0.8787895 4.3561473 5.769231
 100.788 69.33314 63.568535 0.9168564 0.6879107 3.9323301 16.666666
 133.46786 148.08676 137.1055 0.92584574 1.1095312 4.023488 2.0833333
 1.0 92.020424 89.83162 84.31903 0.93863416 0.97621393 678.17267 6.0253005 101.0
