 128.05698 119.83164 109.70348 0.9154801 0.9357682 9.430639 4.5454545
 4.8330474 3.57603 2.9872923 0.83536553 0.73991203 8.309607 12.5
 14.8992815 11.661293 6.86223 0.5884622 0.78267485 7.3251033 11.363636
 6.701442 6.027764 5.4737005 0.9080815 0.8994727 8.536992 13.636364
 111.465256 103.55969 95.04782 0.9178071 0.929076 9.426685 3.409091
 2.412335 0.8656746 0.32243294 0.37246436 0.3588534 4.8177443 16.666666
 1.6671532 0.49260938 0.08468129 0.17190352 0.2954794 1.8571254 21.25
 121.332855 112.63329 102.73002 0.91207504 0.9283001 9.429058 3.409091
 3.083558 0.8933384 0.13312165 0.14901593 0.28971025 1.4318894 15.909091
 2.701102 0.70353705 0.12585962 0.17889552 0.26046297 1.4841949 15.909091
 125.82855 120.87113 109.27368 0.9040511 0.96060175 7.857644 3.9473684
 4.7452803 3.3457031 2.3930016 0.7152462 0.7050591 9.3066845 11.904762
 2.911144 0.8115084 0.14542378 0.17920183 0.27875927 1.9287446 15.476191
 117.912224 111.62601 101.7859 0.9118475 0.9466873 9.416129 3.409091
 121.5159 105.58163 95.69611 0.9063709 0.8688709 8.253414 10.0
 93.80986 75.85032 68.634766 0.90487117 0.8085538 9.251704 18.181818
 111.86327 103.54191 93.96045 0.90746295 0.9256113 9.532339 7.9545455
 6.2063956 2.5413656 1.4796283 0.5822179 0.40947527 5.896782 15.909091
 2.6523917 1.1906002 0.40801516 0.34269705 0.44887793 2.4142752 17.5
 109.77681 104.47014 95.131874 0.9106131 0.95165944 9.1699295 10.714286
 129.46497 123.28912 105.56743 0.85625905 0.95229715 4.613184 1.9230769
 11.437371 9.946673 8.083699 0.8127038 0.8696643 9.774056 12.5
 5.830289 3.5007708 1.4673907 0.41916215 0.6004455 5.01803 14.772727
 102.85754 88.59535 80.37481 0.9072125 0.8613404 9.259097 13.636364
 118.39425 111.71629 102.11954 0.914097 0.94359565 9.532407 4.5454545
 6.9251666 6.308925 5.1873045 0.82221687 0.91101426 9.544694 9.090909
 8.100436 6.8359814 5.531582 0.8091862 0.8439029 6.8037715 6.818182
 6.4263716 2.3892946 0.6797585 0.28450173 0.37179527 2.338209 18.181818
 3.7363174 1.4625282 0.91793156 0.62763345 0.39143574 8.000193 18.75
 6.8042636 5.387793 4.549544 0.844417 0.79182607 10.089225 14.285714
 111.30215 98.43429 88.67927 0.90089816 0.884388 9.504207 15.909091
 6.515773 1.2753501 0.4036565 0.31650645 0.19573274 4.6982307 19.318182
 4.000765 1.1915948 0.5476775 0.45961723 0.2978418 4.4420757 16.25
 15.245734 8.646452 7.4340243 0.85977745 0.5671391 9.555818 15.909091
 2.9022033 0.72811013 0.42385858 0.58213526 0.25088185 6.2984133 14.772727
 5.1913533 2.208554 1.4086088 0.6377969 0.42542934 6.345904 14.772727
 127.92876 120.1066 109.418785 0.9110139 0.93885535 9.476975 3.409091
 117.61409 112.01167 102.70152 0.9168823 0.9523662 9.492695 4.5454545
 121.39752 113.070755 103.167114 0.912412 0.9314091 9.449858 2.2727273
 4.2432923 2.2860723 1.6514751 0.7224073 0.53874964 8.848326 17.045454
 145.30656 140.71309 121.66767 0.8646507 0.96838766 4.5865474 0.0
 6.6296973 5.322885 2.9499135 0.55419445 0.8028851 7.1910787 9.523809
 15.468049 14.574476 13.761252 0.9442022 0.94223106 11.010065 13.636364
 119.73897 113.4984 103.70267 0.91369283 0.9478819 9.422858 1.1363636
 9.656343 6.4015164 3.4659557 0.5414273 0.6629338 6.1092505 17.045454
 116.11128 105.69415 95.16568 0.90038735 0.9102832 9.30785 10.227273
 6.129297 3.5044036 1.1773231 0.33595535 0.5717464 3.7065353 13.636364
 100.15934 94.75815 86.96663 0.9177747 0.94607395 9.42716 1.1363636
 2.8291018 1.5373291 0.7848611 0.51053554 0.54339826 7.347692 11.904762
 124.91159 112.7517 96.1497 0.8527561 0.902652 4.085248 10.416667
 108.36951 101.759155 93.327965 0.91714567 0.9390017 9.450737 11.363636
 5.718929 4.2160935 2.6288292 0.6235225 0.7372173 7.419878 18.75
 120.55682 112.92105 103.713036 0.9184562 0.93666244 9.469158 5.681818
 17.651108 10.577352 9.409427 0.8895824 0.5992458 9.358916 13.636364
 105.17092 97.3036 88.5249 0.9097804 0.9251949 9.421338 3.409091
 4.427006 1.0120035 0.40865067 0.40380356 0.22859776 2.96609 14.772727
 113.8608 107.34305 95.25993 0.8874346 0.94275683 9.276352 5.681818
 117.482635 75.23847 67.31157 0.8946429 0.6404221 9.324476 15.909091
 14.942155 11.717137 10.301081 0.8791466 0.78416646 9.393704 11.363636
 123.71275 115.30196 105.67096 0.9164715 0.9320136 9.471997 3.409091
 122.62977 116.43111 106.29423 0.9129366 0.9494522 9.442675 4.5454545
 9.5596075 4.0492687 2.551349 0.63007647 0.42358106 4.016507 15.625
 3.054188 0.98403275 0.40641272 0.41300732 0.32219127 2.7894144 26.666666
 6.3313046 4.8761535 4.103669 0.8415792 0.7701656 7.8586807 14.285714
 123.3929 117.22063 107.44259 0.9165844 0.9499787 9.529898 0.0
 9.884959 6.273287 5.553141 0.8852044 0.63462955 9.144494 11.363636
 13.3333025 3.1931183 0.47681484 0.14932576 0.23948444 1.7178124 20.454546
 9.341697 7.6109395 5.532942 0.7269723 0.8147278 6.162197 14.285714
 116.686806 107.228096 96.27345 0.89783794 0.91893935 9.309287 9.090909
 110.49402 102.34888 93.5341 0.9138752 0.9262843 9.414611 3.409091
 120.21623 111.11096 101.34195 0.91207874 0.92425925 9.46556 1.1363636
 7.9566813 6.35187 5.554169 0.8744148 0.79830647 11.040333 13.636364
 114.561165 109.07233 100.343704 0.91997397 0.9520882 9.443194 7.9545455
 14.056756 12.42451 11.292506 0.9088895 0.88388175 9.051562 18.181818
 108.49934 103.865685 96.51511 0.92923 0.9572933 9.459107 10.227273
 70.45787 66.08913 60.478546 0.9151058 0.93799496 9.618655 9.090909
 2.3975763 1.0986347 0.40972203 0.37293747 0.45822722 2.5690324 14.772727
 6.9378443 5.5380774 3.808557 0.6877038 0.7982418 10.305552 14.285714
 8.194467 4.554292 2.5558128 0.56118774 0.55577654 7.0839787 14.772727
 116.97185 109.3275 98.625496 0.9021106 0.934648 9.380026 2.2727273
 6.190532 6.0944085 5.316524 0.8723609 0.9844725 9.404947 9.090909
 4.580107 2.5224264 1.5617126 0.6191311 0.55073524 7.3336477 11.904762
 104.80101 102.39044 94.950455 0.9273371 0.9769986 9.338635 3.409091
 119.1778 112.78123 103.64498 0.91899145 0.94632745 9.468661 3.409091
 108.08116 101.16581 92.972595 0.919012 0.9360171 9.409494 5.681818
 112.44946 104.038086 93.02073 0.8941027 0.92519855 9.324167 3.409091
 103.33053 97.733986 89.82498 0.9190762 0.94583845 9.32515 10.227273
 109.21918 102.22581 93.691864 0.9165187 0.93596935 9.320227 11.363636
 5.366498 2.5393877 0.89173955 0.3511632 0.47319275 4.3785496 11.363636
 92.20476 84.779396 76.821724 0.9061367 0.91946876 9.372675 5.681818
 6.539591 4.216114 2.888733 0.6851648 0.6447061 5.1305804 13.636364
 31.837973 32.68709 30.214579 0.92435807 1.0266701 9.879248 9.090909
 115.51463 110.79542 97.50826 0.8800749 0.9591462 9.266309 3.409091
 108.89256 101.88465 93.0153 0.91294706 0.93564385 9.405553 7.9545455
 122.901115 116.113625 102.93033 0.88646215 0.9447727 6.120916 1.5625
 132.5793 121.26076 102.31524 0.8437621 0.91462815 4.055358 12.5
 105.83918 92.46528 80.58311 0.87149584 0.87363946 9.589115 4.5454545
 112.50915 105.59439 97.10606 0.9196138 0.9385405 9.503633 3.409091
 22.188093 19.455385 17.31071 0.8897645 0.876839 8.4594345 1.1363636
 91.55368 83.737 74.887596 0.89431906 0.9146219 9.347205 3.409091
 15.449923 13.404475 4.995752 0.37269285 0.86760795 4.972253 15.909091
 9.714764 7.3976398 5.514831 0.7454852 0.76148427 10.9817295 14.772727
 14.915103 10.091254 5.582497 0.5532015 0.6765796 2.1784985 12.5
 134.56326 131.28337 114.451546 0.8717901 0.97562575 5.124035 1.7857143
 6.3372955 4.8858314 3.4596672 0.70810205 0.7709648 6.757958 16.25
 5.2991066 2.6554806 1.8020322 0.6786087 0.50111854 8.445958 13.636364
 15.577304 11.740805 7.45743 0.63517195 0.75371224 9.116852 13.636364
 116.46707 109.7361 100.94616 0.9198993 0.9422071 9.337304 1.1363636
 3.3611739 1.4569432 0.25370517 0.17413525 0.43346262 1.7017782 17.045454
 121.944565 111.314095 95.73055 0.8600039 0.9128254 5.0464196 1.7857143
 6.1352262 3.3650997 1.0802337 0.32101092 0.54848826 2.9930723 17.857143
 91.914116 82.15088 74.70794 0.9093991 0.8937787 8.074243 7.5
 78.524704 36.307304 29.207623 0.8044559 0.46236792 5.2300167 10.9375
 11.244554 7.1434765 4.0744257 0.5703701 0.6352833 3.6992972 16.071428
 115.49972 104.0936 95.29958 0.9155182 0.9012454 8.111 7.5
 23.901659 24.154892 21.950975 0.908759 1.0105947 9.236813 7.5
 37.29946 28.846106 17.218533 0.5969101 0.7733652 7.848472 11.25
 31.651691 27.968075 25.371717 0.9071671 0.8836202 7.9953527 6.5789475
 118.29573 107.05356 98.94829 0.92428774 0.9049655 7.6898155 3.9473684
 101.988495 71.30819 64.94787 0.9108052 0.6991788 7.396017 15.789474
 3.9222524 2.2361202 1.5862608 0.7093808 0.5701113 7.108649 16.666666
 99.26688 87.14192 80.268394 0.92112255 0.877855 7.645685 6.5789475
 14.847803 14.920753 13.826715 0.9266768 1.0049131 7.526824 9.722222
 119.57935 106.1681 96.799736 0.91175914 0.8878464 5.038613 1.7857143
 99.74209 88.493614 82.596756 0.93336403 0.88722444 7.1829767 15.277778
 21.615364 10.611584 7.33905 0.69160736 0.49092785 5.233538 8.333333
 12.221645 8.201221 7.0356317 0.85787606 0.6710407 4.4877696 14.0625
 86.76403 77.42521 71.652664 0.92544365 0.8923653 7.0271077 4.4117646
 87.85211 79.9943 72.29821 0.903792 0.9105564 6.075926 10.9375
 91.45513 87.865486 79.37979 0.90342396 0.9607497 6.09868 0.0
 84.64899 56.692486 49.606575 0.87501144 0.6697361 6.036829 9.375
 95.62099 88.24648 79.60321 0.9020554 0.9228778 6.1602955 4.6875
 104.689125 96.86913 87.56243 0.903925 0.9253027 6.0970354 4.6875
 9.556035 3.7589245 2.8073726 0.74685526 0.39335608 5.704797 10.9375
 8.716551 3.798972 1.9991874 0.5262443 0.4358343 4.002739 12.5
 100.65531 95.84534 86.08751 0.89819187 0.9522134 6.105142 4.6875
 107.413506 84.7553 75.054344 0.88554156 0.7890563 5.4747257 15.0
 97.05553 92.89884 83.98535 0.90405166 0.95717216 5.6144714 11.666667
 100.230194 95.18168 86.14872 0.9050977 0.94963086 5.5443125 5.0
 53.644794 32.474834 29.176983 0.898449 0.6053679 4.8510947 14.285714
 10.663216 8.364015 7.385109 0.8829622 0.7843802 4.673299 10.714286
 101.025505 102.63672 92.16393 0.89796257 1.0159485 5.0379996 5.357143
 6.202685 2.7062879 1.426124 0.5269668 0.43630913 2.03375 12.5
 104.7825 103.75546 92.95378 0.89589286 0.9901984 5.0501323 3.5714285
 98.8148 97.0661 86.38414 0.88995165 0.9823033 4.2811737 0.0
 1.0 61.25043 54.99454 49.15671 0.8938471 0.8978638 440.99762 10.022992 145.0
