 108.17593 101.494354 95.647804 0.9423953 0.93823415 8.800513 14.772727
 89.89263 95.51376 89.75831 0.93974215 1.0625316 7.3097453 7.894737
 2.4090965 0.74938947 0.21574105 0.2878891 0.3110666 2.1427531 23.529411
 106.01354 91.92137 86.46898 0.9406842 0.867072 8.786512 15.909091
 94.7196 94.187965 87.87555 0.93298066 0.9943873 8.8455515 5.681818
 11.300415 11.750398 11.346673 0.96564156 1.0398201 8.937946 10.227273
 4.2677298 0.92105037 0.12007745 0.13037013 0.21581742 1.3322444 17.5
 98.404854 79.51886 71.633736 0.9008395 0.8080787 5.3541436 13.333333
 4.9987187 1.3261946 0.18135913 0.13675152 0.2653069 1.1984513 16.666666
 12.617041 12.798288 12.250079 0.9571654 1.0143653 8.77793 9.090909
 3.8610518 0.8749916 0.20536983 0.23471063 0.22662 2.571166 20.454546
 1.8365293 0.3555921 0.06369815 0.17913263 0.1936218 1.432311 19.047619
 1.697977 0.53624004 0.15876399 0.29606888 0.31581113 3.1076546 17.5
 84.28311 67.88244 63.72129 0.9387006 0.8054097 8.774822 12.5
 3.5814345 0.8526479 0.190849 0.22383097 0.2380744 2.7464437 17.045454
 4.358375 3.3243713 2.8105145 0.84542733 0.7627548 8.845703 15.476191
 6.9956994 5.875808 5.3445764 0.90959 0.8399171 9.256802 12.5
 9.810794 9.728423 9.135179 0.9390195 0.9916041 8.780801 12.5
 9.445051 9.279908 8.906753 0.9597889 0.98251534 8.610419 7.9545455
 1.3404386 0.36640114 0.06415534 0.17509592 0.27334422 1.4306654 23.4375
 2.106951 0.47872642 0.080840625 0.16886602 0.22721288 1.6285026 21.25
 11.781494 12.089914 11.416589 0.94430685 1.0261784 8.820663 5.681818
 1.0 30.631748 27.355778 25.345312 0.92650676 0.8930531 219.9652 14.543347 22.0
