 10.234969 7.51445 4.253178 0.5659999 0.73419374 6.652469 17.045454
 10.362246 6.6937523 3.2457738 0.484896 0.64597505 6.9113393 15.909091
 6.8171663 4.910179 4.310217 0.8778125 0.7202669 9.184764 13.636364
 6.5726905 5.957734 5.4542317 0.9154875 0.90643764 9.330534 11.363636
 99.63578 92.27055 84.86144 0.9197023 0.9260785 9.260346 4.5454545
 111.25771 102.47073 94.832146 0.9254559 0.92102134 9.281336 0.0
 3.1490958 1.797894 1.4982368 0.8333288 0.57092386 7.8198967 16.666666
 36.325573 13.317525 7.251825 0.5445325 0.36661568 3.6952217 14.772727
 91.366875 64.42342 58.458824 0.9074157 0.705107 8.828553 13.636364
 6.233181 4.965252 4.4734626 0.90095377 0.796584 9.663516 14.285714
 103.46475 95.24949 88.85763 0.93289346 0.92059845 9.269324 3.409091
 10.376214 9.039912 8.300186 0.91817117 0.87121487 9.22794 10.227273
 107.13706 67.17922 58.836536 0.87581444 0.62703997 8.683189 15.909091
 124.393974 115.36287 101.68491 0.8814354 0.92739916 4.1196704 2.0833333
 1.6147879 0.51750463 0.16592099 0.32061738 0.32047838 2.0936983 25.0
 107.090096 103.35684 93.578285 0.9053903 0.96513915 9.093692 1.1363636
 105.49981 68.33453 61.465942 0.89948577 0.6477219 8.92511 13.636364
 69.979515 42.40587 37.40318 0.88202834 0.60597545 7.616609 16.25
 106.788445 93.00716 83.52405 0.8980389 0.8709477 6.6515193 0.0
 92.11256 84.864105 77.9935 0.9190399 0.9213087 9.151192 1.1363636
 2.8276606 0.93681824 0.5319644 0.56784165 0.33130506 5.155188 19.318182
 2.4663465 0.7166707 0.2385679 0.33288357 0.2905799 3.7663069 15.476191
 71.604866 67.52924 62.966717 0.9324363 0.9430818 9.591029 9.090909
 2.6329374 1.0099953 0.42140514 0.41723475 0.3836002 5.6350293 17.045454
 96.84364 71.75237 65.80715 0.91714257 0.74090946 8.839641 14.772727
 3.0548205 0.58017945 0.38565254 0.66471255 0.18992259 8.924357 16.071428
 4.4730396 1.2900181 0.22518778 0.17456172 0.28839853 1.6930279 15.476191
 95.57167 67.32984 61.64942 0.9156329 0.70449585 8.669355 15.909091
 17.35747 3.246033 1.1171266 0.34415132 0.18701072 3.658737 20.0
 8.366066 3.0905216 0.6195682 0.20047368 0.36941156 2.3442607 19.318182
 124.90717 67.79166 59.52439 0.878049 0.5427363 8.656729 17.045454
 97.95486 91.00619 84.07309 0.92381734 0.92906255 9.119398 7.9545455
 11.814446 4.2792506 1.8349575 0.42880347 0.3622049 5.6877494 19.318182
 86.36352 60.027252 54.71036 0.9114254 0.69505334 8.795907 15.909091
 42.71124 41.10801 38.081684 0.9263812 0.96246344 9.322879 9.090909
 93.12834 86.66122 80.84778 0.9329176 0.9305569 9.235034 1.1363636
 100.13762 74.18839 68.518364 0.92357266 0.74086434 8.754393 15.476191
 9.134856 7.7952933 7.2981167 0.93622094 0.85335696 9.41672 11.363636
 109.34478 65.44542 58.764088 0.8979098 0.5985235 8.677857 14.772727
 106.544014 96.196915 88.768875 0.922783 0.90288424 9.12392 1.1363636
 88.00122 81.95371 76.5998 0.93467146 0.93127924 9.217928 10.227273
 91.83192 63.042053 56.241676 0.8921295 0.68649393 8.708292 14.772727
 95.44974 67.84131 62.09792 0.91534084 0.7107543 9.090966 17.045454
 98.69229 77.45019 72.10486 0.93098366 0.7847643 9.214524 18.181818
 6.8855066 3.4269233 2.4541345 0.7161335 0.49770096 9.036972 15.909091
 4.1508474 1.6253111 1.3314657 0.81920666 0.39156127 8.926331 17.045454
 6.296341 4.5866847 4.16052 0.9070865 0.7284683 8.734949 8.333333
 7.368358 6.721607 6.391838 0.95093894 0.9122259 9.094135 13.636364
 8.6046095 6.9923263 6.39018 0.9138847 0.81262565 9.2509365 12.5
 4.561837 3.3759155 3.0117068 0.8921156 0.74003416 9.310946 12.5
 96.565674 86.23693 78.434105 0.9095188 0.89303917 6.806879 4.4117646
 102.33995 96.143234 88.52873 0.9208005 0.93944967 9.162021 1.1363636
 113.70821 104.480774 97.38391 0.93207496 0.9188498 9.337461 12.5
 122.58297 75.821335 68.5731 0.90440375 0.61853075 8.8245325 14.772727
 10.688486 10.830137 8.89283 0.82111883 1.0132527 5.3065267 14.285714
 4.0571847 1.9051207 1.6279418 0.85450846 0.46956715 5.3011417 17.307692
 103.75722 67.50077 60.02985 0.8893209 0.6505646 9.16325 15.909091
 17.784939 16.370138 15.060553 0.92000157 0.9204495 9.197135 4.5454545
 9.563069 6.8260508 5.355349 0.78454566 0.7137929 6.971737 11.764706
 19.588896 16.88961 15.707873 0.9300318 0.86220324 9.311849 9.090909
 112.83037 71.51554 66.04776 0.9235442 0.63383234 9.181664 18.181818
 122.67242 88.23176 81.21623 0.9204875 0.7192469 9.217743 15.909091
 104.471 96.55906 88.749435 0.9191208 0.92426664 9.269343 6.818182
 10.259848 5.7114425 4.198503 0.73510385 0.55667907 2.2873993 17.1875
 17.146807 13.7727375 13.033187 0.9463033 0.8032247 10.036268 13.636364
 7.4717984 1.6236196 0.30799645 0.18969741 0.2172997 1.3535795 18.181818
 114.03568 72.257126 65.12159 0.90124804 0.63363606 8.934676 13.636364
 2.9473836 0.65701634 0.14663905 0.22318935 0.22291511 2.1346335 20.0
 116.666885 87.70388 80.66823 0.9197795 0.7517461 9.059511 12.5
 114.074844 88.725746 81.851585 0.9225235 0.77778536 9.102544 14.772727
 108.618965 69.53611 63.086857 0.9072532 0.64018387 8.759788 17.045454
 5.3472342 1.8787435 1.2572675 0.6692065 0.35134867 9.318429 15.476191
 40.24232 30.981035 28.732851 0.92743355 0.769862 9.159865 9.090909
 2.0478365 0.4899093 0.08455795 0.1725992 0.23923263 1.1367978 21.052631
 3.0592418 1.2855172 0.62171793 0.48363253 0.4202078 1.7896775 17.5
 111.70013 103.99905 95.483215 0.9181163 0.9310557 9.123777 4.5454545
 87.13018 81.548386 73.116905 0.8966076 0.93593735 4.534106 1.9230769
 3.5258782 2.251884 1.1843946 0.52595717 0.6386732 6.8635626 21.052631
 34.74463 32.670494 30.711624 0.94004154 0.9403035 9.452558 6.818182
 112.71865 80.528496 73.62625 0.91428816 0.7144204 9.0862055 14.772727
 99.60097 88.87035 82.2807 0.9258509 0.89226395 9.149151 11.363636
 95.603386 88.78178 81.23854 0.9150362 0.9286468 9.219049 3.409091
 46.848206 42.158783 39.137558 0.928337 0.89990175 9.26946 3.409091
 106.16824 57.124382 49.912605 0.8737531 0.53805524 8.632031 17.045454
 99.00633 89.47675 83.60922 0.9344239 0.9037478 9.1086035 7.9545455
 130.71858 134.90514 124.963425 0.92630583 1.0320272 9.066969 1.1904762
 133.07782 82.73509 73.062325 0.8830875 0.6217046 6.0327883 15.625
 120.72018 94.073685 84.44986 0.89769906 0.7792706 9.690648 9.523809
 99.13128 63.38381 54.921085 0.86648446 0.6393926 6.275892 13.235294
 6.060851 1.3423251 0.4119224 0.3068723 0.22147469 3.2019305 17.5
 117.80976 69.07652 61.479603 0.89002174 0.58633953 6.0406547 17.1875
 104.35464 85.365395 78.92732 0.9245822 0.81803167 7.6787033 10.526316
 1.9807975 1.141865 0.60106564 0.52638936 0.57646734 4.21912 18.333334
 126.34316 106.59519 96.34176 0.90380967 0.84369576 8.117302 5.263158
 2.2778397 1.3046619 1.0486249 0.80375224 0.5727628 8.266163 12.5
 4.6677446 2.4785306 1.2359866 0.49867713 0.5309911 4.6574726 14.705882
 92.33182 88.08608 80.842545 0.9177676 0.9540165 7.2099557 0.0
 92.909004 90.033 81.535515 0.90561813 0.9690449 5.948015 4.6875
 95.3672 93.7397 85.37345 0.9107502 0.98293436 5.9280124 12.5
 3.7632787 2.5103014 2.180783 0.8687336 0.6670517 5.3198256 12.5
 84.08402 74.35486 65.266495 0.87777036 0.88429236 4.2614894 6.25
 8.641679 1.2396398 0.65645766 0.52955514 0.14344895 4.184953 13.333333
 8.025559 3.321088 2.9106627 0.8764184 0.4138139 4.9993324 14.285714
 95.80198 50.36298 41.776264 0.8295034 0.5256987 4.0436087 11.538462
 94.1179 91.222595 80.71983 0.88486665 0.9692375 3.9210153 2.0833333
 1.0 61.059574 47.91669 43.346123 0.90461427 0.7847531 392.9668 12.078659 105.0
