 8.501236 5.268052 3.2487173 0.6166828 0.61968076 4.9261804 15.909091
 61.686543 30.63059 27.406618 0.8947466 0.49655226 5.491961 13.333333
 28.855885 27.039051 24.014494 0.8881412 0.93703765 4.0286007 16.666666
 11.695887 8.842992 7.2158012 0.815991 0.75607705 9.874786 12.5
 62.023766 54.71397 50.489758 0.9227946 0.8821453 6.5655875 16.17647
 27.955494 23.675985 22.060598 0.93177104 0.84691715 7.2731504 12.5
 11.583131 8.118318 7.4258685 0.91470534 0.70087427 7.0263066 15.909091
 45.380608 41.87886 38.555733 0.920649 0.92283607 6.416338 8.823529
 53.193085 43.85554 41.680542 0.95040536 0.82445943 8.442983 15.909091
 51.622875 39.61245 36.203964 0.91395414 0.767343 8.441535 9.090909
 53.23611 20.766043 17.917418 0.8628229 0.3900744 7.80135 18.181818
 17.775963 14.737152 12.072222 0.8191692 0.8290494 6.250383 11.363636
 81.0882 69.672455 64.41676 0.92456573 0.8592181 5.475462 15.0
 69.700806 65.19584 61.732395 0.94687635 0.9353671 8.737371 7.9545455
 14.559824 6.8394976 1.5621344 0.22839901 0.4697514 2.813814 13.636364
 27.343258 27.65059 26.31822 0.95181406 1.0112398 7.0616016 1.3157895
 38.270195 36.14069 34.37921 0.95126057 0.94435596 7.660134 8.75
 38.80344 28.88221 26.501448 0.91756994 0.74432087 6.560708 13.235294
 10.380538 7.2568493 6.6517196 0.9166126 0.6990822 7.008373 14.772727
 79.50779 59.416397 53.348568 0.89787614 0.74730283 5.629381 15.625
 36.26337 35.180084 32.47398 0.9230785 0.9701272 8.797675 3.409091
 73.29167 71.62725 67.09497 0.93672407 0.97729045 9.785649 11.363636
 15.521188 12.968963 8.335548 0.6427305 0.8355651 5.8947034 14.772727
 10.9333 7.9623046 6.585149 0.82704055 0.7282618 8.37859 15.909091
 70.56665 52.448 49.218014 0.9384154 0.74324065 8.623252 15.909091
 62.826145 55.505287 52.619255 0.94800436 0.88347435 8.460433 13.636364
 42.16794 39.230106 37.06013 0.94468594 0.93033016 7.193712 11.25
 64.22914 36.440117 32.63869 0.8956801 0.56734556 8.088424 19.318182
 39.702763 35.15183 29.88945 0.8502957 0.8853749 7.972451 11.363636
 14.305393 8.779211 8.252683 0.94002557 0.6136994 7.862561 14.772727
 52.09996 28.30904 23.89041 0.84391445 0.5433601 8.205276 17.045454
 33.867043 20.215057 18.497963 0.9150586 0.5968947 5.936053 16.17647
 67.423294 20.373363 15.425213 0.75712645 0.30217102 4.8512945 17.1875
 72.10325 52.70629 47.525356 0.90170175 0.73098356 8.43242 14.772727
 58.556644 40.255344 34.45979 0.85603017 0.6874599 7.178479 15.909091
 33.89032 20.162743 18.579525 0.921478 0.594941 7.8350887 14.772727
 56.036705 39.03764 36.270874 0.92912567 0.6966441 7.9589834 17.045454
 21.136255 19.49891 18.42655 0.945004 0.92253387 8.652405 13.636364
 24.323376 19.165396 16.590128 0.8656292 0.7879415 3.5795548 14.583333
 28.64125 29.027697 27.600788 0.9508432 1.0134927 8.17455 4.5454545
 28.363798 22.47117 20.924057 0.9311512 0.79224825 7.256181 15.476191
 13.494863 13.168113 12.452673 0.94566876 0.9757871 8.61419 14.772727
 59.443184 59.90009 57.39817 0.9582318 1.0076864 8.824774 12.5
 93.51074 77.30531 72.85027 0.9423708 0.8266998 8.746865 9.090909
 79.34698 58.092377 54.731224 0.94214123 0.73213094 8.503437 15.909091
 3.9213943 0.7879859 0.1701461 0.2159253 0.20094533 2.0251694 20.238094
 29.141306 10.535953 7.262542 0.68931043 0.36154702 5.0944467 18.181818
 18.702015 18.194386 16.862434 0.9267933 0.97285694 9.956565 7.9545455
 57.12793 38.88001 35.35961 0.90945476 0.680578 6.075114 14.0625
 75.713356 74.98361 71.4912 0.95342433 0.99036175 8.430729 10.227273
 3.9442446 1.0115485 0.2041673 0.20183639 0.25646192 2.3746586 15.909091
 71.39009 50.266644 46.185886 0.91881776 0.70411235 8.744329 15.909091
 61.79802 55.489105 52.387894 0.94411135 0.8979108 8.514836 5.681818
 55.00624 42.27852 38.10597 0.90130806 0.76861316 7.0595922 13.888889
 92.370346 73.34988 65.1711 0.88849634 0.79408467 4.3289194 11.538462
 44.92982 41.756935 39.432354 0.94433063 0.9293813 7.091422 14.473684
 69.4062 41.684044 38.393547 0.92106104 0.60058105 8.66809 15.909091
 67.8522 57.226383 53.249348 0.9305035 0.84339756 8.985395 10.227273
 73.62111 48.67671 45.65278 0.93787724 0.6611787 8.578422 12.5
 66.68524 42.85518 38.891582 0.90751183 0.64264864 7.795598 15.909091
 35.179855 34.229404 32.807835 0.95846933 0.9729831 9.285095 5.681818
 56.59007 57.937984 55.148792 0.951859 1.023819 8.583593 13.636364
 89.96033 62.685074 58.55297 0.9340816 0.6968079 8.7340975 12.5
 29.195608 29.066994 27.912493 0.9602814 0.9955947 8.844752 2.2727273
 26.88477 24.384235 22.981241 0.9424631 0.9069907 8.362623 11.363636
 65.37567 63.8749 59.863052 0.93719214 0.9770439 6.408852 10.294118
 2.6306686 0.8156545 0.2009219 0.24633211 0.31005597 1.5086339 21.25
 36.43699 30.194025 27.963144 0.9261152 0.82866406 8.214923 17.045454
 26.507338 4.699629 0.95748955 0.20373726 0.1772954 0.78291005 11.538462
 44.415596 25.40658 22.654854 0.89169234 0.57201934 7.6890235 15.909091
 6.245612 1.5348964 0.2990053 0.19480488 0.24575596 2.0647707 15.909091
 9.61265 4.6765137 2.8566833 0.6108575 0.48649576 5.548234 17.045454
 38.8199 38.495113 35.50703 0.9223776 0.9916335 4.109244 3.8461537
 10.813831 5.2956004 3.3429224 0.6312641 0.48970622 4.87588 13.636364
 77.29096 55.653343 51.987247 0.9341262 0.72004986 8.410524 18.181818
 62.252598 61.119774 58.362465 0.95488673 0.9818028 9.122488 7.9545455
 67.05253 38.980312 36.036606 0.9244822 0.58133996 8.560544 11.363636
 53.92386 29.556177 25.069952 0.8482137 0.5481095 6.161343 11.764706
 71.78687 71.43291 68.20682 0.9548375 0.9950692 8.785098 1.1363636
 45.070004 25.25826 22.611523 0.89521295 0.56042284 7.4251857 15.909091
 78.70716 55.100582 51.82636 0.9405773 0.7000708 8.555709 19.318182
 12.417187 9.537845 8.910244 0.93419886 0.7681164 7.765016 13.636364
 2.9966984 0.6941792 0.40503183 0.58346874 0.23164801 2.757037 21.052631
 76.23163 75.952286 72.04217 0.94851875 0.9963356 8.621096 3.409091
 12.482268 5.3061423 3.4852464 0.65683246 0.4250944 7.396624 17.045454
 86.78245 62.73111 58.258556 0.9287028 0.7228548 8.387017 15.909091
 55.15188 40.02239 37.20314 0.9295583 0.7256759 8.603035 7.9545455
 73.3585 56.511425 53.06238 0.93896735 0.770346 8.878906 17.045454
 11.302157 8.74775 7.858398 0.89833355 0.77398944 8.827884 10.227273
 67.27345 52.41006 49.081524 0.9364904 0.7790601 8.751525 17.045454
 13.27839 11.308654 10.239273 0.905437 0.8516585 7.729758 12.5
 83.02267 51.51077 48.740753 0.9462245 0.6204423 8.598484 15.909091
 90.55616 75.30647 69.90182 0.92823124 0.83159965 4.948259 8.928572
 24.988962 23.794575 22.313221 0.9377441 0.9522034 9.059491 12.5
 4.5986757 1.3281302 0.40472555 0.3047333 0.28880712 3.04318 20.238094
 49.024685 40.106407 37.44136 0.9335506 0.81808597 8.503378 10.227273
 44.91558 42.704735 39.65701 0.9286326 0.95077777 5.4562807 8.333333
 36.300358 20.409245 18.417776 0.90242326 0.56223255 8.481698 17.045454
 58.164555 38.43546 35.157833 0.9147239 0.6608055 8.384801 18.181818
 18.187061 12.877745 10.9729 0.8520825 0.70807177 6.405864 13.636364
 50.353466 33.266117 29.160002 0.87656766 0.660652 8.250304 15.909091
 8.975467 5.3412952 4.3713474 0.8184059 0.59509945 6.1135693 11.363636
 19.613338 18.921608 17.451511 0.92230594 0.96473163 6.063342 8.333333
 53.547363 35.09872 30.854702 0.87908334 0.6554706 4.7693872 16.071428
 11.627437 5.804359 5.2377257 0.90237796 0.49919507 8.646643 14.772727
 30.179182 24.44939 22.673744 0.92737454 0.8101409 8.9258175 18.181818
 84.20701 69.51812 63.559654 0.91428906 0.8255621 4.9191146 14.285714
 12.11821 10.763137 9.986764 0.9278674 0.88817877 8.258418 13.636364
 15.974816 16.67799 16.320343 0.97855574 1.0440177 9.409808 7.9545455
 96.25358 77.366234 71.89014 0.9292186 0.80377513 8.466534 14.772727
 106.19826 76.14268 70.52792 0.9262602 0.7169861 8.422204 13.636364
 90.010994 65.51117 61.9071 0.9449854 0.727813 8.43676 15.909091
 29.637545 31.201918 29.974112 0.96064967 1.0527835 8.145415 1.1363636
 28.622301 28.95301 27.378864 0.94563097 1.0115542 8.092303 9.090909
 65.465385 46.113625 43.552547 0.9444616 0.7043971 8.940842 17.045454
 12.160518 10.740223 9.994023 0.9305229 0.8832044 9.408624 10.227273
 78.5632 43.5882 40.596153 0.93135655 0.55481696 8.380694 17.045454
 82.34849 61.133945 56.802074 0.9291413 0.7423809 8.385065 14.772727
 92.61566 92.46076 88.09669 0.9528008 0.9983275 8.721303 6.818182
 7.2467833 5.246784 4.963272 0.94596463 0.7240156 9.29722 12.5
 49.738922 30.987957 28.604055 0.9230701 0.62301224 8.448512 11.363636
 39.102562 24.198792 22.166595 0.91602075 0.6188544 8.5189905 17.045454
 40.200195 29.286978 27.413181 0.9360195 0.72852826 8.288943 15.909091
 53.046467 31.730495 28.433275 0.8960867 0.59816414 8.241826 12.5
 83.259125 72.09949 68.315186 0.94751275 0.865965 8.392103 15.909091
 11.635433 8.180222 7.6538916 0.9356582 0.703044 8.009222 15.909091
 45.368706 31.732843 28.944225 0.9121221 0.6994434 8.881495 12.5
 59.946114 51.779144 48.9153 0.9446911 0.8637615 8.599508 7.9545455
 20.79122 16.607994 15.3443 0.9239105 0.79879844 7.440953 12.5
 49.69931 32.851437 30.031733 0.914168 0.6610039 8.1759815 17.045454
 10.351501 7.321553 6.878557 0.9394943 0.7072938 5.8695726 17.647058
 89.037704 79.954414 75.35315 0.94245136 0.89798385 8.534714 3.409091
 33.035114 27.783886 26.463707 0.952484 0.84104097 8.426748 11.363636
 72.58476 69.298134 65.57352 0.9462523 0.95472014 6.8899374 6.9444447
 37.573742 14.760177 12.01529 0.8140343 0.39283225 5.7447867 14.772727
 63.58962 51.59955 48.10778 0.93232954 0.81144613 10.402308 5.681818
 9.672698 8.114377 7.4302855 0.9156939 0.8388949 8.600624 10.227273
 11.345851 10.577852 9.946075 0.94027364 0.9323102 9.515078 7.9545455
 64.08952 62.577316 59.964325 0.9582438 0.9764047 8.555223 9.090909
 20.13547 11.641626 10.955766 0.9410855 0.5781652 1.4592319 15.384615
 63.060078 32.35605 29.702528 0.91798997 0.5130988 7.2455378 9.523809
 89.57329 53.58743 47.58363 0.8879626 0.5982523 7.730983 15.476191
 23.610506 13.067463 11.07996 0.8479045 0.5534597 5.2123723 11.666667
 41.647972 34.8223 33.631332 0.96579874 0.83611035 7.799246 8.333333
 34.415432 23.900665 21.80446 0.91229516 0.6944752 7.691175 13.75
 63.279922 58.134785 54.767563 0.94207907 0.9186924 6.6175776 8.823529
 83.27314 52.041058 46.88598 0.90094215 0.6249441 7.2714243 15.0
 63.641747 47.427025 43.89266 0.9254778 0.74521875 7.017095 13.157895
 10.166517 6.1967463 2.4697077 0.3985491 0.60952497 4.0613103 12.5
 7.21951 1.4146847 0.5809247 0.41063902 0.19595298 4.4000454 15.277778
 71.62554 46.67512 42.531284 0.9112196 0.65165466 6.746331 16.666666
 51.490913 51.11558 48.067375 0.9403664 0.9927107 6.7318964 12.5
 51.452908 37.6766 34.77767 0.92305756 0.7322541 6.487348 13.235294
 8.7400255 5.5082345 3.768013 0.68406916 0.6302309 5.1382866 14.705882
 65.13037 50.489063 44.99892 0.8912608 0.77519995 4.5399923 13.461538
 87.859024 86.83174 80.83405 0.9309275 0.9883076 6.380382 7.352941
 47.55177 41.849625 37.59853 0.8984198 0.8800855 5.732542 12.5
 48.979977 28.199678 24.5775 0.8715525 0.5757389 5.696532 15.625
 75.112465 56.56284 50.11148 0.88594353 0.753042 5.5281267 12.5
 43.20181 43.10739 39.46021 0.9153931 0.9978145 5.7375956 10.9375
 45.70359 32.807014 25.382372 0.77368736 0.71782136 6.3813887 10.9375
 45.03945 45.22195 41.454224 0.9166837 1.0040519 6.017137 7.8125
 37.12831 27.92688 25.173872 0.90142083 0.7521721 5.61092 15.625
 47.898193 47.47271 43.413544 0.91449475 0.9911169 4.9451094 10.0
 31.109747 28.95826 24.527496 0.8469948 0.93084204 5.7987623 6.6666665
 92.8046 79.55468 72.13205 0.9066978 0.8572277 5.30382 10.0
 101.318405 95.366806 86.223915 0.9041292 0.9412585 4.7125983 16.071428
 67.52841 43.211098 37.922726 0.87761545 0.639895 4.8209524 10.714286
 80.98835 47.242073 41.89653 0.88684785 0.58331937 4.639741 10.714286
 50.148457 17.488823 15.575392 0.8905912 0.348741 4.473249 15.384615
 97.27067 66.03172 56.662746 0.858114 0.67884517 4.163568 11.538462
 69.787476 71.032295 64.636024 0.90995264 1.0178373 4.3134365 0.0
 80.334625 78.53765 69.34382 0.8829373 0.97763133 4.2587085 9.615385
 10.832 8.966133 7.96742 0.88861275 0.82774496 4.5071635 13.461538
 22.510355 4.30478 1.212857 0.28174654 0.19123556 1.4406053 14.583333
 1.0 47.108368 36.226948 33.18271 0.9159675 0.76901305 265.6575 12.762682 175.0
