 96.302635 92.1552 84.237625 0.9140844 0.95693326 9.45025 1.1363636
 101.34339 95.78468 85.30877 0.8906306 0.9451498 5.8676662 11.666667
 3.069662 0.9129508 0.15763985 0.17267068 0.29741085 1.4025201 14.772727
 0.619098 0.15839496 0.022627853 0.14285715 0.25584796 1.2857143 25.0
 15.083847 13.976939 12.989141 0.92932665 0.9266163 9.626098 12.5
 104.17237 98.98225 90.99666 0.919323 0.95017755 9.345227 6.818182
 80.21777 74.859184 69.28035 0.92547554 0.9331995 9.473646 3.409091
 82.11623 69.013306 63.72944 0.92343706 0.8404344 9.563669 15.909091
 86.75626 63.641575 57.34788 0.90110713 0.7335675 9.22206 15.909091
 15.914345 13.141066 11.93788 0.90844077 0.8257372 9.321849 11.363636
 1.4016291 0.366995 0.09087184 0.24761058 0.2618346 1.8074975 19.117647
 17.248362 16.515512 15.056279 0.9116447 0.95751196 9.676069 2.2727273
 0.9164231 0.20648034 0.08569782 0.4150411 0.22531116 3.1118467 27.083334
 1.5500354 0.3823232 0.071056396 0.18585426 0.24665451 1.8756322 17.857143
 104.88785 85.22816 78.43184 0.92025733 0.8125647 9.4086485 13.636364
 0.99450755 0.19919793 0.096102476 0.48244715 0.20029806 4.8733854 18.75
 17.496809 15.952164 14.854871 0.93121356 0.9117184 9.484488 4.5454545
 2.0441396 0.5490595 0.11448339 0.20850816 0.26860178 1.795825 21.428572
 6.6153975 1.2472003 0.24637945 0.19754604 0.1885299 1.7426419 17.045454
 2.190453 0.5765048 0.13794452 0.2392773 0.26318976 3.2354426 16.666666
 18.905119 17.623442 16.356586 0.9281153 0.9322047 9.472437 10.227273
 2.015886 0.5052058 0.1800741 0.35643712 0.2506123 2.8349419 18.421053
 4.9154425 2.934739 2.5043273 0.853339 0.59704477 8.596381 14.772727
 96.748405 88.733826 81.196396 0.91505575 0.91716063 9.431213 3.409091
 105.4533 97.35863 90.100235 0.92544687 0.9232393 9.536675 10.227273
 2.5456798 0.59212965 0.14226548 0.24026069 0.23260179 2.060566 19.736841
 116.93799 109.96544 101.91527 0.92679363 0.94037396 9.560783 0.0
 78.18888 74.552414 68.505165 0.91888595 0.9534913 9.450209 2.2727273
 98.35114 92.61313 83.401115 0.9005323 0.9416579 9.273776 2.2727273
 1.6223408 0.5668486 0.21922684 0.3867467 0.34940168 5.060019 16.666666
 2.7187705 0.6170508 0.124131605 0.20116916 0.22695951 2.1286201 17.045454
 11.093478 9.82953 9.061238 0.92183846 0.8860638 9.476403 13.636364
 117.497856 111.71903 100.94187 0.90353334 0.95081764 6.350543 1.5625
 105.59198 99.697075 91.30926 0.9158669 0.9441728 9.403203 13.636364
 98.92572 92.60619 86.14517 0.9302312 0.9361185 9.48179 1.1363636
 59.87722 56.381565 52.563057 0.9322738 0.94161963 9.624064 10.227273
 18.508272 16.818344 15.47548 0.9201548 0.9086933 9.5852375 5.681818
 71.64066 69.52622 64.59261 0.9290396 0.97048545 9.498376 6.818182
 81.50443 58.5027 53.999035 0.92301786 0.7177855 9.503034 18.181818
 113.891525 108.17175 98.32647 0.9089848 0.9497788 9.357854 4.5454545
 102.99729 81.90261 71.09521 0.8680457 0.7951919 4.1344495 14.583333
 110.70696 99.51026 90.11637 0.90559876 0.8988618 7.4277635 11.111111
 126.6482 120.57596 112.484856 0.93289626 0.95205426 9.515478 1.1363636
 108.32872 103.25917 94.524376 0.91540897 0.9532022 9.285215 3.409091
 84.614525 79.76058 74.05287 0.9284395 0.94263464 9.49283 7.9545455
 97.63323 92.16505 82.34716 0.893475 0.94399256 9.360783 2.2727273
 12.005954 11.011397 10.186221 0.92506164 0.91716135 9.358117 7.9545455
 17.183891 14.888037 13.721634 0.92165506 0.8663949 9.610391 12.5
 107.1026 99.495186 92.117714 0.925851 0.92897075 9.419253 0.0
 113.64934 107.168274 95.658485 0.8926008 0.9429731 9.156227 9.090909
 2.590221 0.83491963 0.49932805 0.5980552 0.3223353 7.201296 16.666666
 120.63421 112.70281 104.37804 0.9261352 0.9342525 8.811523 17.857143
 124.5096 115.4479 106.51004 0.922581 0.9272209 8.921115 1.1904762
 102.467224 94.211334 85.26282 0.9050166 0.919429 7.5851955 3.9473684
 86.33397 82.09809 74.451294 0.9068578 0.9509362 7.139999 4.1666665
 102.13897 94.34621 86.603485 0.91793287 0.9237043 6.6703258 1.4705882
 90.735565 79.90222 71.69684 0.8973072 0.88060534 6.003821 9.375
 89.681206 83.288414 74.21024 0.8910032 0.9287164 5.3277607 5.0
 105.57392 98.54514 87.24224 0.8853023 0.93342316 4.3612466 1.9230769
 1.0 61.92222 56.343693 51.345963 0.91129917 0.9099108 476.33862 10.152132 59.0
