 7.8825226 5.3739104 4.620181 0.8597429 0.68175006 6.7724924 12.5
 84.39003 86.61981 81.3732 0.9394294 1.0264224 7.7838044 8.333333
 90.4232 70.868324 64.99925 0.9171834 0.78374046 6.5986795 13.888889
 91.83846 96.50278 91.04455 0.94343966 1.0507882 8.102307 4.7619047
 90.951614 84.13955 75.0934 0.89248633 0.9251023 4.3378873 5.769231
 9.4992895 9.122986 8.454521 0.92672735 0.96038616 7.614433 10.227273
 67.971794 44.415466 39.36002 0.88617826 0.65343964 7.95998 13.636364
 2.3921816 0.51173806 0.13851953 0.27068445 0.21392106 2.8167078 22.368422
 4.1345053 2.6896439 2.38033 0.8849982 0.6505359 7.5982704 15.0
 88.55383 86.50192 81.115974 0.93773603 0.97682863 8.4107895 10.227273
 17.044426 15.987033 14.867966 0.93000156 0.9379625 9.03116 10.227273
 0.97759384 0.2553417 0.14337544 0.5615042 0.26119408 3.6552587 21.153847
 8.683862 1.5642866 0.52292705 0.33429107 0.18013722 3.676121 13.095238
 13.799594 13.863349 12.799863 0.9232879 1.0046201 9.1031065 5.681818
 86.41678 87.99968 82.44723 0.9369038 1.0183171 8.41592 7.9545455
 7.6443205 7.096362 6.6690483 0.9397841 0.92831826 8.969649 14.772727
 11.877805 11.8462105 11.205318 0.945899 0.9973401 8.4798 4.5454545
 1.6436113 0.4295379 0.05616359 0.13075352 0.26133788 1.4316599 20.0
 10.52457 10.285477 9.604614 0.93380356 0.9772823 8.122983 7.9545455
 6.440348 4.952277 4.1623497 0.84049207 0.7689455 9.447855 15.909091
 19.556973 19.613716 18.524395 0.9444613 1.0029014 8.203591 11.363636
 79.30595 81.02649 75.05542 0.92630726 1.021695 8.4883585 10.227273
 4.2180037 2.6175737 2.216559 0.846799 0.62057173 7.608747 17.5
 7.679641 6.683402 6.195727 0.9270319 0.8702753 8.066556 15.909091
 11.503092 8.103163 7.3308377 0.9046885 0.70443344 7.671897 12.5
 36.855156 38.469654 36.90924 0.95943785 1.0438066 8.120007 13.636364
 4.5373764 4.253199 3.9767733 0.9350076 0.9373697 8.767279 17.045454
 9.939921 9.628445 8.864492 0.9206567 0.96866405 7.8258853 4.5454545
 8.145749 5.849498 5.3770127 0.9192264 0.71810436 7.812771 17.045454
 9.858585 10.250923 9.618299 0.93828607 1.0397966 7.094465 17.045454
 34.55052 33.329247 31.416832 0.9426206 0.9646525 9.16001 12.5
 85.2281 85.31311 80.15648 0.93955636 1.0009974 8.4466305 13.636364
 77.94356 81.566444 77.47863 0.9498837 1.0464808 8.449955 5.681818
 2.3216717 0.4481146 0.13418739 0.29944882 0.19301376 2.3835607 16.666666
 0.5063904 0.14806737 0.037016843 0.25 0.29239765 2.375 21.875
 90.229774 92.81557 87.39725 0.94162273 1.0286578 8.478722 7.9545455
 2.2191577 0.5610666 0.157064 0.27993825 0.25282866 2.549589 15.909091
 12.116861 10.147535 9.46437 0.93267673 0.83747226 8.658724 18.181818
 74.99952 79.89866 73.66569 0.921989 1.0653223 5.9992857 4.6875
 9.832554 8.7008915 8.180371 0.9401762 0.8849066 8.3316145 13.636364
 9.86107 9.607184 9.065221 0.94358766 0.9742538 8.431916 12.5
 82.49978 86.005714 81.636116 0.94919413 1.0424963 8.512592 3.409091
 89.841064 93.446175 87.011505 0.93114036 1.0401278 7.2744637 3.75
 2.8558464 0.82584786 0.19684565 0.23835583 0.28917798 1.8615277 19.318182
 13.311085 12.424364 10.91301 0.87835556 0.93338484 9.712025 9.090909
 1.6499805 0.47812718 0.05983923 0.12515338 0.28977746 1.1316254 22.058823
 83.985435 83.931046 79.06487 0.9420218 0.99935246 8.552117 11.363636
 7.5200634 6.5478525 6.028675 0.92071027 0.87071776 8.320472 10.227273
 78.966576 81.04872 76.007614 0.93780154 1.0263674 8.3955765 6.818182
 0.9920069 0.2904411 0.08551104 0.29441786 0.29278135 2.2872603 21.428572
 10.838792 11.0100765 10.214225 0.927716 1.0158029 8.197826 14.285714
 4.498781 3.3639226 2.8229146 0.8391735 0.74774086 9.655315 15.476191
 89.21761 93.31797 87.254715 0.93502593 1.0459591 8.52082 5.681818
 87.02794 64.28855 59.63793 0.9276603 0.7387116 8.197025 13.636364
 82.8636 71.79951 65.55176 0.91298336 0.8664782 6.0962586 13.235294
 8.351764 6.6633444 5.4891896 0.823789 0.7978367 8.40454 11.363636
 18.013802 16.83596 15.606126 0.9269519 0.93461454 8.151693 13.636364
 6.0997596 5.52895 5.1369114 0.9290934 0.906421 8.91538 13.636364
 86.336754 82.82319 76.39033 0.9223302 0.9593039 6.2339725 1.4705882
 19.121555 19.556705 17.48382 0.8940064 1.0227572 5.329773 13.333333
 87.3191 91.76993 86.55364 0.9431591 1.050972 8.521197 3.409091
 84.89332 89.06068 84.403275 0.94770527 1.0490893 8.563335 10.227273
 97.3364 98.99934 93.832794 0.9478124 1.0170844 8.538913 7.9545455
 33.37897 35.666565 34.056465 0.9548569 1.068534 8.00359 7.9545455
 22.567823 20.965733 19.521767 0.93112737 0.9290099 8.030315 6.818182
 9.515481 8.594547 8.285154 0.9640012 0.9032174 8.282286 11.363636
 13.669016 2.9228587 0.59089893 0.20216472 0.21383096 1.4176246 19.318182
 86.20231 88.59889 79.054855 0.89227813 1.0278019 4.297025 5.769231
 85.12203 87.33897 81.55181 0.9337391 1.0260442 8.464629 12.5
 94.298134 95.922066 88.95817 0.92740047 1.0172212 8.369256 7.9545455
 57.66075 61.30052 58.4565 0.9536053 1.0631238 9.094326 1.1363636
 85.4227 84.671295 77.60356 0.91652733 0.9912037 8.352135 7.9545455
 86.344955 66.33301 61.825153 0.932042 0.76823264 8.04138 14.772727
 91.07831 87.29455 76.54195 0.87682396 0.9584559 3.8928447 10.416667
 8.839308 6.655785 5.3551016 0.80457854 0.7529758 8.752705 9.090909
 86.01694 86.90026 81.1172 0.93345183 1.0102692 8.674145 6.818182
 8.119609 7.7872796 6.553374 0.84154856 0.9590708 7.5562186 12.5
 79.179405 64.72665 60.354504 0.9324522 0.8174682 8.363547 13.636364
 82.71083 79.425285 71.15457 0.895868 0.9602767 4.2516665 9.615385
 8.938433 9.451201 8.816596 0.9328546 1.0573667 8.578386 11.363636
 9.564999 7.778551 7.07943 0.910122 0.81323075 7.9443755 9.090909
 90.58479 95.645294 90.82335 0.94958514 1.0558648 8.488688 11.363636
 16.070688 15.822111 15.1215 0.9557195 0.98453224 8.101691 2.2727273
 83.38358 82.008484 75.57853 0.9215941 0.9835087 8.351228 10.227273
 90.114334 93.31393 88.13954 0.9445486 1.035506 7.975785 8.333333
 82.82536 75.02189 67.99397 0.9063217 0.9057841 5.181986 11.666667
 56.53304 27.060087 22.954132 0.8482653 0.4786597 8.265284 14.285714
 84.91783 85.00636 80.83625 0.9509436 1.0010425 8.023909 11.904762
 44.853806 41.34212 39.020214 0.9438368 0.92170817 7.083315 14.473684
 83.24007 84.21743 79.47337 0.9436689 1.0117414 6.7834897 9.722222
 33.1021 37.31154 35.510735 0.951736 1.1271653 6.331343 6.25
 85.23137 92.572845 86.53135 0.9347379 1.0861359 5.9517245 12.5
 9.384725 8.362724 7.7758055 0.92981726 0.89109963 5.1982675 15.0
 89.215225 100.067 90.47515 0.9041458 1.1216359 4.8747153 7.142857
 1.0 44.00136 42.44851 39.369926 0.9274749 0.964709 319.3288 11.447688 94.0
