 61.775406 63.48051 60.94745 0.9600971 1.0276016 8.575766 1.1363636
 67.97343 59.096012 55.787483 0.9440144 0.8693988 8.379826 7.9545455
 21.602005 19.057306 16.845087 0.88391757 0.8822008 7.8035655 7.9545455
 71.81051 52.57427 48.875443 0.9296457 0.7321249 4.746296 16.666666
 15.170926 15.465935 14.199125 0.91809034 1.0194457 7.9258785 14.772727
 115.05737 96.8753 91.756386 0.9471598 0.84197384 8.123689 14.772727
 114.73139 103.3355 98.6978 0.95511997 0.9006733 8.264648 12.5
 83.31713 60.2524 52.85782 0.8772733 0.7231693 3.5948584 10.416667
 63.341564 38.072357 35.094406 0.9217817 0.6010644 7.421749 12.5
 77.34945 71.414406 68.30496 0.95645916 0.92326975 8.243671 13.636364
 50.316826 47.691383 45.666283 0.9575374 0.94782174 8.349275 5.681818
 62.3302 54.870525 51.1275 0.9317844 0.8803201 6.0574465 7.352941
 3.6165514 1.1525918 0.5216124 0.45255604 0.31869912 6.3271146 15.909091
 61.55183 58.01119 55.642757 0.9591729 0.94247705 7.7572103 2.2727273
 73.09618 58.24019 55.466137 0.9523688 0.796761 7.5519753 14.772727
 59.19579 43.882347 40.51643 0.92329675 0.7413086 8.463356 12.5
 5.338402 3.7335954 3.3548381 0.8985543 0.69938445 7.5353346 13.095238
 68.624626 63.03522 59.058105 0.9369064 0.918551 4.6705427 14.285714
 75.17633 75.295456 72.33906 0.96073604 1.0015846 8.417207 4.5454545
 74.147644 74.13503 71.28295 0.9615286 0.9998299 8.250137 2.2727273
 120.44094 84.56572 75.90346 0.8975677 0.7021344 3.793753 14.583333
 58.887836 58.99822 56.722836 0.961433 1.0018744 7.8466654 9.090909
 41.654488 38.025604 36.230896 0.95280266 0.9128813 8.105785 6.818182
 41.433308 33.20819 30.8851 0.93004465 0.80148536 8.023362 11.363636
 54.522766 42.070946 39.45985 0.9379359 0.77162164 8.043061 12.5
 21.177969 13.487722 12.64546 0.9375534 0.63687515 6.9346976 14.772727
 70.511215 67.94845 64.784775 0.9534402 0.96365446 8.586927 1.1363636
 86.508446 63.00971 54.19718 0.8601402 0.72836477 3.8242 6.25
 69.542114 52.168045 49.202248 0.9431492 0.75016475 6.098229 13.888889
 37.696526 33.248123 31.377752 0.943745 0.88199437 7.6213303 4.5454545
 58.935635 61.16369 58.328415 0.9536445 1.0378048 7.3441515 3.75
 66.483604 56.938335 50.93296 0.89452845 0.8564268 3.8130221 6.25
 47.94432 42.37907 39.463085 0.93119276 0.8839227 6.078238 9.722222
 106.341545 94.98788 90.41491 0.9518573 0.89323395 8.250095 12.5
 113.34531 111.59024 104.35268 0.9351416 0.9845157 8.267189 2.2727273
 54.534447 52.596527 49.997856 0.95059234 0.9644643 9.01214 5.681818
 69.34385 56.831997 54.45719 0.9582136 0.8195679 8.2330675 12.5
 68.679596 68.63504 65.52796 0.95473045 0.9993512 8.319066 5.681818
 50.503265 47.933266 44.90214 0.9367637 0.9491122 9.048444 3.409091
 75.70085 49.979774 45.931892 0.91900957 0.66022736 7.996753 15.909091
 15.53108 12.364959 11.56898 0.93562627 0.7961429 7.688491 14.772727
 37.901714 35.81065 33.697807 0.9409996 0.9448292 4.89367 5.0
 35.88877 35.421192 34.27935 0.96776384 0.98697144 8.412208 5.681818
 65.8781 61.09154 58.095478 0.9509578 0.92734224 8.266267 11.363636
 22.431406 20.169262 19.007187 0.9423838 0.8991528 9.158086 9.090909
 59.637745 60.128677 58.11229 0.9664655 1.008232 7.809946 3.409091
 11.148186 6.9001484 5.987008 0.8676637 0.6189481 4.251464 8.928572
 85.44874 82.72867 78.962814 0.9544795 0.9681672 8.17208 4.5454545
 84.19491 54.212364 50.295208 0.92774427 0.6438912 8.125854 17.045454
 93.841896 71.12713 66.875275 0.9402217 0.7579465 6.9878044 15.0
 97.27888 72.74528 68.97969 0.9482359 0.74780136 7.8510613 17.045454
 11.62127 6.799847 5.540431 0.8147876 0.5851208 6.5721235 10.227273
 15.679101 16.657873 15.809522 0.94907206 1.0624253 7.806428 2.2727273
 66.990204 65.65682 63.150997 0.96183455 0.9800958 8.253241 2.2727273
 94.35573 90.019684 85.69748 0.95198596 0.9540458 6.168846 8.333333
 11.758706 9.528618 8.362363 0.877605 0.8103458 6.4337654 14.285714
 80.83334 81.23948 77.98393 0.95992655 1.0050244 8.531369 1.1363636
 2.7760983 0.92649174 0.17369854 0.18747985 0.3337388 1.7154559 19.047619
 68.52988 67.7356 62.698837 0.92564076 0.98840976 4.912669 5.357143
 71.54753 69.695 66.628944 0.95600754 0.9741077 8.12866 1.1363636
 53.325603 54.060806 52.28107 0.967079 1.013787 8.117419 4.5454545
 59.941105 53.541245 50.36362 0.94065094 0.89323086 4.4099264 12.5
 47.277714 45.413525 43.072407 0.9484489 0.9605693 8.698898 2.2727273
 57.900116 56.883743 54.615883 0.96013165 0.9824461 8.095986 4.5454545
 38.345768 37.185524 35.659523 0.9589625 0.9697426 8.212798 1.1363636
 115.90917 88.00428 81.94204 0.9311142 0.7592521 8.102999 13.636364
 33.54869 34.911095 33.7785 0.9675578 1.0406097 7.937117 11.363636
 43.530987 40.421883 38.54548 0.9535795 0.9285772 8.063295 0.0
 66.933655 59.71786 54.650726 0.9151488 0.89219487 4.568219 10.714286
 110.33572 99.4123 92.673065 0.93220925 0.90099835 8.130371 11.363636
 7.74212 4.5442786 3.802811 0.8368349 0.58695537 6.7403708 15.909091
 18.148088 11.481292 9.763333 0.8503689 0.6326447 8.245567 14.772727
 75.45938 63.492104 60.715584 0.9562698 0.84140766 8.606804 14.772727
 91.07316 89.97652 84.9602 0.9442486 0.98795867 8.172652 3.409091
 57.834545 52.20322 47.284126 0.9057703 0.9026304 3.985798 6.25
 39.377712 32.888126 29.398598 0.893897 0.8351965 3.8432744 6.25
 9.404966 5.5991707 3.3253872 0.5939071 0.5953419 4.8765526 17.045454
 75.25631 72.883194 69.85173 0.95840657 0.9684662 8.490292 7.9545455
 48.801247 49.838276 47.765774 0.95841545 1.02125 9.069854 0.0
 99.78559 83.050995 75.78392 0.9124986 0.83229446 4.6553817 8.928572
 18.098902 18.232225 17.214727 0.9441923 1.0073664 7.9394617 9.090909
 72.03578 71.57284 68.87697 0.96233386 0.9935734 8.18414 1.1363636
 59.910133 60.130695 57.28709 0.9527096 1.0036815 7.720841 11.904762
 22.59789 18.095726 13.887329 0.767437 0.8007706 7.334413 5.681818
 106.66177 87.12799 82.16622 0.943052 0.8168624 8.143242 7.9545455
 77.18064 60.45512 56.91807 0.941493 0.7832939 7.995037 12.5
 2.9759128 0.7391733 0.31006524 0.41947573 0.2483854 1.6245868 19.23077
 18.32783 17.294935 14.460582 0.83611655 0.94364345 6.6586637 12.5
 74.085945 61.076332 58.15613 0.95218766 0.8243984 8.046408 13.636364
 77.412056 76.3606 73.20715 0.95870316 0.9864174 8.209965 4.5454545
 47.37598 40.69299 38.58514 0.9482011 0.85893714 8.270931 11.363636
 11.582502 8.332309 4.5899305 0.5508594 0.71938765 6.97297 14.772727
 51.76579 48.554573 46.75071 0.9628487 0.93796647 8.258051 14.772727
 47.228065 46.46529 42.96336 0.92463344 0.98384905 7.9782815 9.090909
 109.76734 106.64295 102.455154 0.9607306 0.97153634 8.28339 4.5454545
 31.614824 25.148432 22.620693 0.89948726 0.79546326 4.301613 7.6923075
 98.54692 72.40243 67.695206 0.9349852 0.7347001 7.9158387 15.909091
 14.644211 13.211026 12.49572 0.9458553 0.90213305 7.738835 17.045454
 104.38911 98.093155 88.92746 0.9065613 0.93968767 4.2720876 9.615385
 11.985072 11.040336 9.809908 0.88855165 0.9211739 8.636543 10.227273
 99.22507 98.08729 91.592354 0.9337841 0.9885334 8.264198 3.409091
 7.648338 2.0574086 0.44288367 0.21526287 0.26900074 1.6494472 17.045454
 75.27179 71.24873 68.24445 0.95783395 0.9465529 8.056426 6.818182
 18.054234 14.966607 12.399907 0.82850486 0.82898045 8.523845 17.045454
 112.04939 98.83357 93.64439 0.9474957 0.8820536 8.171555 13.636364
 79.28527 66.3336 35.915012 0.5414301 0.83664477 7.349837 4.5454545
 68.80251 64.64143 60.405487 0.9344702 0.9395213 5.735917 1.5625
 37.50898 35.64249 33.61242 0.94304353 0.9502388 8.873354 11.363636
 13.817301 13.994937 13.314269 0.95136327 1.012856 7.512969 8.333333
 58.83658 54.15894 49.43044 0.9126922 0.9204977 5.0114822 5.0
 17.901386 2.3513296 0.5927894 0.2521082 0.13134901 2.5912461 18.181818
 22.071201 20.782095 19.428097 0.93484783 0.9415933 7.9688983 9.090909
 97.984886 70.07729 66.695656 0.95174414 0.7151847 7.908323 18.181818
 45.73183 33.877705 31.333464 0.9248993 0.7407905 5.7851777 10.9375
 52.922024 51.542713 49.474613 0.95987594 0.9739369 8.132811 1.1363636
 61.45827 56.93721 51.356567 0.901986 0.9264369 4.188808 3.8461537
 39.463203 31.527422 29.071386 0.92209846 0.79890674 9.6556015 18.181818
 72.40497 65.49397 60.83241 0.92882454 0.90455073 5.8399005 4.4117646
 62.954056 61.028473 58.603157 0.9602593 0.96941286 8.151241 11.363636
 34.449535 31.411322 30.044348 0.95648146 0.9118068 7.793045 11.363636
 4.346032 1.3953546 0.3554529 0.25474018 0.32106405 2.6810973 16.666666
 65.85083 64.926834 63.39978 0.97648036 0.9859684 7.3917837 0.0
 19.543047 16.959034 15.7574005 0.929145 0.86777836 8.240745 17.045454
 5.857063 3.0819483 2.4852715 0.80639625 0.5261935 6.4846673 13.636364
 55.208466 36.987686 33.51582 0.90613455 0.669964 4.988084 15.0
 87.47965 85.267654 81.85416 0.95996726 0.9747141 8.335843 1.1363636
 84.073006 84.16824 80.36447 0.9548075 1.0011327 8.2949 1.1363636
 67.12798 47.824936 44.092907 0.92196476 0.71244407 7.124764 15.476191
 86.94606 87.1167 84.02296 0.9644874 1.0019627 8.0952215 2.2727273
 91.27656 89.756485 85.05898 0.9476639 0.9833465 8.063603 5.681818
 52.11671 50.262016 48.06752 0.9563389 0.9644127 8.1165495 10.227273
 69.04755 67.58054 64.76753 0.95837545 0.9787537 8.127993 2.2727273
 10.39531 8.223383 7.348225 0.8935769 0.7910666 8.7219515 11.363636
 9.81861 4.267565 2.587975 0.606429 0.4346404 5.301853 15.909091
 60.173634 59.279835 57.04105 0.96223366 0.98514634 8.271206 11.363636
 1.9238166 0.7087211 0.13652132 0.19263053 0.36839327 2.2977357 19.117647
 6.166488 2.6895268 1.8454566 0.686164 0.43615213 6.140329 19.318182
 65.8971 51.890583 48.9203 0.9427587 0.78744864 6.5674767 13.157895
 68.0181 61.28161 58.38346 0.9527077 0.9009603 8.402087 9.090909
 25.863352 16.808674 8.233365 0.48982838 0.6499031 6.165196 12.5
 87.641205 86.93095 83.50623 0.96060425 0.99189585 8.349085 1.1363636
 39.444283 41.94609 40.72347 0.97085255 1.0634264 7.278863 3.5714285
 51.03567 48.923218 47.38523 0.96856326 0.95860827 7.766947 4.5454545
 90.13277 85.33581 81.436745 0.95430917 0.94677895 8.10498 11.363636
 78.628365 76.57372 71.94698 0.93957806 0.97386897 5.6208 1.5625
 61.51686 52.858547 50.51548 0.9556729 0.859253 8.052846 9.090909
 30.484118 28.793953 27.342138 0.9495792 0.94455594 8.248533 4.5454545
 58.96393 35.328934 32.59963 0.92274594 0.5991618 7.9687634 15.909091
 39.331036 39.02876 36.76465 0.9419886 0.9923146 9.466516 10.227273
 79.67128 79.41092 75.96686 0.95662993 0.996732 7.6387215 3.5714285
 66.84789 62.451885 58.918076 0.94341546 0.9342387 5.938787 5.882353
 80.5668 67.441185 63.93025 0.9479407 0.83708405 6.384202 10.0
 74.83482 73.69368 70.20687 0.952685 0.9847512 8.103924 1.1363636
 15.405076 12.963096 12.428935 0.9587937 0.84148216 6.3338723 13.636364
 104.84617 78.74474 74.460785 0.9455969 0.75105023 8.130569 12.5
 34.12378 35.42431 34.47366 0.97316396 1.0381122 8.048479 1.1363636
 108.04758 100.04894 95.411835 0.95365155 0.92597115 8.251208 12.5
 25.629686 22.568146 21.742893 0.9634329 0.8805471 7.421644 10.227273
 31.580158 25.104439 21.41511 0.85304075 0.7949434 7.333753 6.818182
 91.07059 87.571884 83.41968 0.95258516 0.96158254 7.9376493 5.681818
 17.293644 14.441838 13.6009245 0.9417724 0.8350951 7.767795 17.045454
 10.390767 9.414493 8.8573 0.9408154 0.90604407 7.1177516 13.636364
 46.171726 41.19327 38.475445 0.93402255 0.8921753 5.3941255 6.25
 52.14628 48.181065 45.242664 0.9390134 0.9239598 8.147025 10.227273
 51.228794 46.425232 19.395176 0.4177723 0.90623313 4.2683625 5.681818
 7.3176246 4.0999084 3.3401456 0.8146879 0.5602786 6.8188524 13.636364
 71.67536 58.19054 54.79823 0.9417034 0.8118625 8.520274 15.909091
 71.36507 64.08965 61.126793 0.95377016 0.8980535 8.260746 12.5
 74.07075 66.76026 60.32082 0.9035438 0.901304 3.871348 2.0833333
 20.224283 14.447096 13.303099 0.9208147 0.714344 8.228132 11.363636
 3.8868442 1.0372372 0.6149508 0.5928738 0.26685843 5.874348 17.045454
 67.54344 64.774796 62.06229 0.95812404 0.9590094 8.181094 5.681818
 70.92549 64.75583 62.086727 0.9587821 0.913012 8.207404 10.227273
 41.874187 37.48936 35.471012 0.94616205 0.8952857 7.903713 9.090909
 64.07731 48.079018 45.405212 0.9443873 0.75032824 8.469799 18.181818
 99.47032 92.0812 82.87631 0.9000351 0.9257153 3.8181639 2.0833333
 37.349792 37.57812 36.119823 0.96119297 1.0061132 7.8503375 3.409091
 72.472305 68.32925 65.734474 0.9620255 0.9428325 8.184177 10.227273
 13.043712 12.276362 10.876732 0.8859898 0.94117093 7.950193 4.5454545
 68.93531 68.432495 65.60798 0.9587255 0.992706 8.28019 3.409091
 46.534077 47.354 45.372387 0.9581532 1.0176198 6.6246824 6.5789475
 109.23818 74.82011 69.94489 0.93484086 0.68492633 7.5329423 13.636364
 51.49548 51.45757 48.792595 0.9482103 0.99926376 5.8948927 1.4705882
 71.24184 71.270424 68.28631 0.95812976 1.0004013 8.333346 7.9545455
 60.48424 59.514133 57.703114 0.96956986 0.983961 8.089296 13.636364
 8.986358 5.771314 4.2316256 0.733217 0.64223063 9.249783 19.318182
 77.63878 62.297108 58.286022 0.93561363 0.8023968 8.076271 13.636364
 68.53236 63.096645 59.71809 0.9464543 0.920684 7.6042995 11.904762
 71.59605 48.541977 45.183258 0.93080795 0.67799795 7.685939 15.476191
 58.778713 58.1893 56.19952 0.96580505 0.98997235 8.219434 4.5454545
 27.006775 21.0854 16.76915 0.7952968 0.7807448 8.450566 13.636364
 82.68699 50.44141 47.504948 0.9417847 0.61002845 7.8622484 20.454546
 44.020145 38.374725 36.524654 0.95178926 0.87175375 8.201309 14.772727
 8.762511 7.281437 5.7448034 0.7889657 0.830976 9.3278265 10.227273
 99.97993 92.366005 88.10517 0.9538701 0.92384547 8.197427 11.363636
 86.34652 87.515335 83.96698 0.9594545 1.0135363 8.392229 3.409091
 73.00539 67.00894 63.665295 0.95010144 0.917863 7.963265 15.909091
 77.47838 74.716545 71.26985 0.9538698 0.96435344 8.02784 3.409091
 60.724358 53.5768 50.672104 0.94578445 0.882295 7.8293524 10.227273
 66.72638 54.125923 49.232372 0.9095895 0.8111623 5.0699763 15.0
 123.608536 118.83828 112.60265 0.9475284 0.9614084 6.4373407 0.0
 81.251526 78.55593 76.0864 0.96856344 0.96682405 7.5904613 3.409091
 96.117645 69.16112 64.935684 0.93890446 0.71954656 8.162909 19.318182
 1.3985873 0.25196788 0.06970418 0.2766392 0.18015884 2.645428 21.428572
 84.42754 83.27589 80.094635 0.9617987 0.9863592 8.324261 2.2727273
 52.908752 53.537277 51.57962 0.9634338 1.0118794 7.7209897 9.090909
 105.62986 98.39834 92.603874 0.9411122 0.931539 6.19379 6.9444447
 93.87797 70.310684 65.14029 0.92646354 0.7489583 6.3962483 13.888889
 52.57285 52.02034 50.15242 0.9640925 0.98949057 7.746461 7.9545455
 1.7216134 0.3966304 0.06827919 0.17214817 0.23038296 1.8894365 19.318182
 72.38978 52.31703 46.750553 0.893601 0.72271293 3.994576 8.333333
 69.706154 64.883995 62.77665 0.9675213 0.9308216 7.9120183 14.772727
 66.57663 45.84056 43.143497 0.9411643 0.6885383 8.054539 12.5
 37.870052 35.141644 33.410477 0.9507374 0.9279534 8.450505 7.9545455
 111.57399 106.79305 97.69004 0.9147603 0.95715004 4.278191 1.9230769
 54.06473 52.002724 49.350792 0.949004 0.9618604 8.0812645 6.818182
 61.80062 45.727737 41.47617 0.9070244 0.73992354 5.0231586 13.333333
 57.6608 30.250486 26.75622 0.8844889 0.5246283 5.229436 14.0625
 74.08242 57.05983 53.428715 0.93636304 0.77022094 7.9048977 11.363636
 108.16537 94.87776 90.85088 0.9575572 0.87715477 8.283128 9.090909
 61.743572 52.603374 49.065933 0.9327526 0.8519651 5.6248736 6.25
 33.965378 32.403206 29.778908 0.9190111 0.9540069 7.889262 5.952381
 63.309277 54.06539 51.279835 0.948478 0.85398847 8.326776 11.363636
 72.96414 66.969955 64.19047 0.95849645 0.9178476 8.137047 4.5454545
 81.81532 81.90761 78.63105 0.9599969 1.001128 7.708476 4.7619047
 13.702273 4.692201 3.1716595 0.6759428 0.3424396 8.033927 14.772727
 47.8872 44.945305 43.010094 0.9569429 0.93856615 7.3720746 13.636364
 64.429 62.57229 59.996048 0.9588278 0.971182 8.285668 15.909091
 47.716846 42.416077 40.572903 0.9565454 0.888912 8.04884 7.9545455
 82.48734 82.04359 77.63111 0.9462179 0.99462026 6.5464735 8.333333
 88.64629 82.024475 76.90787 0.93762094 0.9253007 5.5661945 4.6875
 69.36845 65.65557 63.05642 0.9604123 0.946476 8.068283 10.227273
 11.058014 7.064165 4.1234107 0.58370817 0.6388276 6.173949 13.636364
 53.155296 49.181774 45.309605 0.9212682 0.9252469 4.1738586 13.461538
 19.173532 18.240866 15.228871 0.8348766 0.95135653 9.897595 7.9545455
 4.155069 2.2027047 1.7783034 0.8073272 0.53012466 8.683634 14.772727
 35.373585 32.456795 31.032135 0.95610595 0.9175432 8.408424 6.818182
 22.829712 20.543196 17.59524 0.8564997 0.8998447 7.637225 9.090909
 58.381187 57.647636 55.673916 0.9657623 0.9874351 8.305825 3.409091
 100.095375 79.69211 75.47103 0.94703275 0.7961617 8.017924 19.318182
 65.975685 58.210327 54.53677 0.9368917 0.88229966 6.0793934 5.882353
 70.22102 66.218414 61.04658 0.92189735 0.94299984 4.6631556 16.071428
 40.578884 38.323864 36.66066 0.9566014 0.9444287 7.903604 4.5454545
 112.83245 103.802895 99.54767 0.95900667 0.91997373 8.143704 6.818182
 52.730263 49.398342 44.79016 0.90671384 0.936812 4.9136176 7.142857
 93.167885 90.43203 86.7558 0.95934814 0.9706352 7.830096 5.952381
 82.47379 81.10973 78.269745 0.96498585 0.9834607 8.227741 3.409091
 53.285248 51.763496 49.441784 0.95514774 0.9714414 8.893871 3.409091
 61.85252 60.17684 57.046997 0.9479892 0.97290844 5.928001 2.9411764
 64.25229 35.215076 31.794268 0.90285957 0.5480751 7.013401 17.045454
 50.908245 50.522278 47.47279 0.93964076 0.9924184 5.621559 6.25
 13.560282 11.604219 10.760323 0.9272768 0.8557506 4.1378207 11.538462
 86.00133 88.11261 81.588264 0.92595446 1.0245494 8.099717 2.2727273
 8.260103 5.6527348 3.8506436 0.68120015 0.6843419 5.4564776 12.5
 50.872284 45.794758 43.281857 0.9451269 0.9001907 8.734123 9.090909
 34.865795 23.798363 22.514854 0.9460674 0.6825705 5.0653224 14.0625
 48.840496 51.759857 50.128674 0.96848553 1.0597733 7.8033595 4.7619047
 62.36787 51.500713 48.816196 0.9478742 0.82575715 7.779388 8.333333
 58.555363 59.57798 57.51023 0.96529335 1.0174642 7.6381164 11.904762
 38.832188 35.93682 34.464725 0.9590366 0.925439 6.971779 11.904762
 54.8387 52.72866 50.037304 0.9489584 0.9615228 8.078411 13.095238
 15.41333 15.243547 14.743518 0.9671973 0.9889847 6.968065 11.25
 112.96121 100.41384 96.16723 0.95770884 0.8889232 7.353677 13.75
 68.66897 57.30679 53.87789 0.94016594 0.83453697 7.230133 12.5
 87.67833 88.000114 83.17523 0.9451719 1.00367 7.560624 3.75
 57.660168 59.090805 56.877163 0.9625383 1.0248115 6.843101 3.9473684
 82.69684 69.753204 65.75266 0.94264716 0.8434809 7.0486517 11.842105
 59.820446 58.75215 54.55347 0.9285357 0.9821417 7.13331 10.526316
 69.88834 71.349304 66.91775 0.9378893 1.0209043 6.9716253 1.3157895
 62.77017 65.97918 63.114212 0.9565777 1.0511231 7.1046057 2.631579
 53.962845 54.6559 52.065994 0.95261437 1.0128433 7.0253677 14.473684
 94.806244 100.26395 94.96355 0.94713557 1.0575669 6.9715266 10.526316
 22.478495 23.382301 21.934477 0.9380803 1.0402076 4.7084613 3.5714285
 46.0931 24.004585 18.56055 0.7732086 0.5207848 2.3477025 16.071428
 81.68558 68.5068 61.955048 0.90436345 0.8386646 3.8043063 10.416667
 50.562737 50.66911 48.921124 0.9655019 1.0021038 6.4614854 12.5
 106.52692 112.01523 101.82854 0.9090598 1.0515203 3.7939382 2.0833333
 27.666515 30.643091 29.860214 0.9744517 1.1075877 6.101314 1.3888888
 67.66721 59.20495 55.12387 0.9310686 0.87494296 4.760233 14.285714
 92.346634 92.74071 87.47153 0.9431837 1.0042673 6.2943964 7.352941
 55.86984 56.91774 54.06529 0.9498847 1.0187562 6.503171 10.294118
 27.278906 26.625193 25.586308 0.96098113 0.9760359 6.337564 11.764706
 47.276302 49.714714 47.26557 0.9507361 1.0515779 6.646327 5.882353
 69.3128 48.19759 44.36038 0.92038584 0.6953635 6.5685234 13.235294
 103.62701 111.08394 105.64286 0.95101833 1.0719594 6.417172 11.764706
 107.649 109.335846 102.067696 0.93352455 1.0156698 4.9589853 10.714286
 91.311066 84.92825 79.70264 0.93847024 0.9300981 6.2972927 13.235294
 114.33334 102.699394 96.62414 0.9408443 0.8982453 6.3640213 16.17647
 58.608246 56.511887 53.55801 0.94773 0.964231 6.388196 8.823529
 111.73334 117.79854 110.84166 0.9409426 1.0542828 6.29385 7.352941
 54.384605 55.99314 52.57216 0.9389035 1.029577 6.0796194 1.5625
 76.908806 79.61985 73.49206 0.92303693 1.0352501 6.117223 3.125
 103.62631 106.04572 98.29749 0.926935 1.0233475 5.935988 3.125
 95.28267 103.45304 96.61494 0.9339013 1.0857488 5.99253 1.5625
 66.28574 70.28976 66.090096 0.9402522 1.0604054 5.980177 1.5625
 62.175323 58.075394 53.92998 0.9286202 0.93405855 5.8622856 14.0625
 65.913635 52.63354 47.55192 0.9034528 0.79852283 5.790453 10.9375
 106.48736 92.048225 84.25319 0.91531575 0.8644052 5.9420357 9.375
 106.8767 87.75901 82.15051 0.9360921 0.82112384 5.948612 12.5
 119.93941 119.74407 110.61024 0.923722 0.99837136 5.541214 1.6666666
 100.43153 84.29684 76.65665 0.9093656 0.8393463 5.511337 11.666667
 97.74492 97.912476 91.286446 0.932327 1.0017142 5.532667 10.0
 60.371017 54.381596 50.544125 0.9294344 0.90078974 5.5715423 6.6666665
 117.839836 122.37451 113.84963 0.9303378 1.0384817 5.4265046 5.0
 70.74181 32.596996 25.544224 0.78363734 0.46078822 5.1749253 13.333333
 7.63745 5.8013206 5.255102 0.9058458 0.75958866 5.27555 12.5
 31.396488 26.044535 24.628145 0.9456166 0.8295366 4.9592714 10.714286
 95.98227 90.00152 82.17182 0.9130049 0.93768895 5.059997 10.714286
 57.97553 63.657036 57.649826 0.90563166 1.0979984 5.134759 0.0
 70.88008 70.1306 63.3092 0.90273285 0.9894261 4.4882593 1.9230769
 102.117874 104.69494 93.86054 0.8965146 1.0252361 4.4209137 1.9230769
 8.675938 6.4539 3.6018474 0.55808854 0.743885 2.976783 11.538462
 124.31387 125.313995 112.43456 0.8972227 1.0080451 4.438036 11.538462
 116.684616 118.93557 107.30261 0.9021911 1.0192909 4.446227 5.769231
 58.099697 59.81812 53.456604 0.8936524 1.0295771 4.5507526 5.769231
 56.017277 60.96649 55.052402 0.9029944 1.0883516 4.6116486 0.0
 76.82098 83.86276 75.8662 0.9046471 1.0916649 4.1438947 0.0
 49.07948 49.648537 44.83351 0.90301776 1.0115947 3.886765 2.0833333
 116.263504 109.62101 98.644005 0.899864 0.9428669 4.15621 2.0833333
 1.0 60.27851 54.494186 50.906628 0.93416613 0.90404004 379.489 9.221101 319.0
