 3.455261 1.3007494 0.8205485 0.6308275 0.37645477 6.196608 16.666666
 10.962198 9.306276 8.669365 0.93156105 0.8489425 8.953571 6.818182
 112.41265 59.593304 53.65378 0.90033233 0.5301299 6.03536 17.1875
 80.12229 57.142475 52.903824 0.9258231 0.71319073 8.776841 13.636364
 21.348757 11.711631 10.144201 0.8661647 0.5485861 7.959407 13.636364
 5.3804765 1.4009527 0.49004933 0.34979722 0.26037705 4.010205 20.454546
 5.8209615 3.36952 3.0226054 0.89704335 0.5788597 8.669124 15.476191
 59.870117 45.63293 41.567223 0.9109041 0.7621988 10.094282 7.9545455
 5.186798 1.5070343 0.5968597 0.39604917 0.29055196 3.9553597 14.285714
 2.450133 1.0537096 0.60752696 0.5765601 0.4300622 5.388947 15.909091
 83.96633 48.60336 43.852142 0.9022451 0.5788434 8.449205 14.772727
 99.87693 65.74897 60.433056 0.9191483 0.65829986 8.828516 13.636364
 99.05352 62.884842 55.538692 0.8831809 0.63485724 9.025627 15.909091
 91.42144 57.91379 52.66807 0.9094219 0.6334815 8.687716 20.454546
 122.86351 92.92529 86.715675 0.9331762 0.7563295 8.82028 19.318182
 39.825497 33.168842 30.811314 0.92892337 0.83285445 9.043928 10.227273
 13.246187 8.967297 8.125466 0.9061222 0.6769719 8.475194 12.5
 102.913086 70.78176 64.40895 0.9099654 0.68778193 8.611319 14.772727
 17.755047 11.287114 10.36077 0.91792905 0.635713 8.285402 18.181818
 83.11744 59.59979 55.458214 0.9305102 0.7170552 8.853042 13.636364
 104.27165 72.61937 66.05086 0.9095488 0.696444 8.671782 14.772727
 12.878512 12.803051 12.135707 0.9478762 0.9941405 7.442016 5.681818
 89.4364 57.546387 52.123173 0.9057593 0.6434336 8.650301 18.181818
 96.16062 60.42418 54.42894 0.9007808 0.6283672 8.741931 18.181818
 12.896062 11.319203 10.352827 0.914625 0.8777256 8.905837 2.2727273
 16.095968 14.660266 13.803604 0.9415657 0.9108036 9.109058 2.2727273
 88.80084 52.630226 46.744682 0.88817185 0.59267706 8.390017 14.772727
 7.514193 6.4285493 5.9467754 0.9250572 0.8555209 8.434814 7.9545455
 21.8213 18.080275 15.635288 0.86477053 0.8285608 10.4095335 13.636364
 2.8740017 0.77965987 0.24980018 0.32039633 0.27128026 4.0425634 14.285714
 95.95017 59.301395 53.169727 0.8966017 0.61804366 8.533399 17.045454
 13.075652 8.564551 7.451476 0.8700369 0.655 7.9035535 12.5
 9.793071 7.645853 7.0671177 0.92430735 0.7807411 8.800088 10.227273
 102.73511 71.83759 65.259224 0.9084272 0.6992507 8.72825 17.045454
 101.612236 73.60221 68.17492 0.9262619 0.72434396 8.768937 17.045454
 12.324916 9.743157 8.973514 0.92100674 0.7905253 8.647089 7.9545455
 93.31226 47.293762 43.1414 0.91220057 0.5068333 8.711121 19.318182
 7.499597 3.5863345 2.8694136 0.80009645 0.47820362 8.1503525 15.909091
 103.094444 54.437206 49.728397 0.9135002 0.5280324 8.725927 11.363636
 14.91617 7.7150536 5.987235 0.7760458 0.51722753 9.664614 13.636364
 99.07007 68.6681 63.466335 0.92424774 0.6931266 8.841227 18.181818
 40.847935 34.15746 32.173534 0.94191825 0.8362102 9.071103 11.363636
 111.66772 72.92742 65.48739 0.8979804 0.6530752 8.439627 18.181818
 32.117416 27.530966 25.851969 0.9390142 0.85719734 9.103042 13.636364
 6.8090296 5.9635296 5.6119237 0.94104064 0.8758267 9.122565 14.772727
 2.6729476 1.5761544 0.84910893 0.538722 0.589669 4.983989 16.666666
 15.879194 11.685406 10.738185 0.9189399 0.7358941 9.413241 7.9545455
 11.099708 8.563706 7.5386505 0.8803023 0.7715254 5.879139 7.8125
 2.5255368 1.0948284 0.50817037 0.46415526 0.43350324 4.192296 19.736841
 114.01295 73.7808 68.02829 0.92203236 0.6471265 8.787272 13.636364
 21.426561 18.149912 16.762129 0.92353773 0.84707534 6.8799987 9.722222
 22.582794 20.312056 19.136658 0.94213307 0.8994483 8.913729 11.363636
 126.889565 80.63388 73.37033 0.90991944 0.635465 8.773259 17.045454
 21.312738 18.40368 16.657387 0.90511173 0.8635062 4.6787972 13.461538
 32.40486 25.876007 24.373146 0.94192076 0.79852235 8.407951 0.0
 75.62495 56.882915 53.05078 0.93263113 0.75217134 8.850778 15.909091
 9.865447 7.19508 6.7242064 0.9345562 0.72932124 8.285111 11.363636
 124.02709 81.13547 71.29479 0.878713 0.65417534 4.620094 13.461538
 97.155815 65.113106 59.30415 0.9107867 0.6701926 8.636723 15.909091
 51.83623 47.371933 45.34243 0.95715815 0.91387683 8.546679 4.5454545
 13.170692 9.894366 8.732325 0.88255525 0.75124115 4.5292845 11.538462
 11.929386 10.828178 10.220928 0.9439194 0.90768945 8.845483 3.409091
 3.333367 0.9198217 0.15937176 0.17326376 0.2759437 1.4088101 17.045454
 16.59871 14.452466 13.434567 0.9295692 0.8706982 9.074361 13.636364
 32.677567 7.415051 1.3042705 0.175895 0.22691564 1.9555774 18.421053
 15.112098 7.3127484 3.3259108 0.45480993 0.4839003 4.663949 16.17647
 119.32409 88.88671 80.990005 0.9111599 0.7449184 5.645935 17.1875
 1.0 49.25502 33.15895 30.068348 0.90679437 0.67320955 274.72086 13.457194 67.0
