 118.91185 124.74963 114.19391 0.9153847 1.0490934 5.648354 1.6666666
 119.45068 121.697105 110.741936 0.90998 1.0188062 5.639312 5.0
 100.64109 101.60288 95.78094 0.942699 1.0095567 9.217668 3.409091
 111.90953 115.130226 108.96485 0.9464487 1.0287795 8.97538 5.681818
 14.023783 10.077674 5.0043645 0.49657932 0.7186131 2.9218264 12.5
 124.242355 130.3406 119.37821 0.9158942 1.0490836 5.666924 0.0
 100.55638 101.56973 96.30384 0.9481549 1.0100774 8.731386 1.1363636
 113.74498 119.69308 108.414856 0.9057738 1.0522933 5.65507 1.6666666
 102.02029 102.49342 90.628044 0.8842328 1.0046376 4.0900297 2.0833333
 122.65812 128.66373 117.9747 0.91692275 1.0489622 5.707903 1.6666666
 129.13905 135.75468 124.5996 0.9178291 1.0512288 5.6105 0.0
 92.99915 96.89931 92.017975 0.94962466 1.0419376 8.897468 3.409091
 7.4498796 7.1510687 6.6429687 0.9289477 0.95989054 9.046978 10.714286
 115.16529 116.13101 107.92808 0.9293648 1.0083855 9.01874 11.363636
 101.2298 102.73176 96.529076 0.9396226 1.0148371 9.081339 3.409091
 8.551532 8.144366 7.4741907 0.917713 0.9523868 8.589424 7.9545455
 107.43686 111.30777 105.35473 0.9465173 1.0360296 8.785441 3.409091
 110.275154 114.06292 108.361176 0.95001227 1.0343482 9.042544 7.9545455
 1.7267255 0.6110336 0.18781877 0.30737877 0.35386842 2.5757363 16.666666
 107.30251 104.56435 95.77774 0.9159694 0.9744818 5.686513 0.0
 104.3279 108.3416 102.59444 0.94695336 1.0384719 8.957167 3.409091
 105.61453 109.30951 100.14702 0.91617846 1.0349854 5.6229353 0.0
 9.020243 5.8419385 4.856062 0.8312415 0.6476476 9.251074 13.636364
 7.350175 1.2768939 0.51773924 0.4054677 0.17372292 5.1028743 12.5
 4.344614 1.5594606 0.5119185 0.32826638 0.3589411 2.550145 17.647058
 121.6488 127.35512 116.92521 0.91810375 1.0469081 5.6965637 1.6666666
 3.7501178 1.0999379 0.4562731 0.41481712 0.29330757 2.242942 21.052631
 84.04548 84.360085 77.84352 0.922753 1.0037433 8.993973 9.090909
 8.019952 6.919442 6.1179295 0.8841651 0.86277854 5.186526 9.615385
 112.01585 112.827835 105.20421 0.93243134 1.0072489 8.986294 7.9545455
 10.032527 8.9489155 8.2736635 0.92454374 0.8919901 8.626264 7.9545455
 13.07085 11.693326 11.141387 0.95279884 0.89461094 8.6691265 13.636364
 13.631967 11.887276 11.035786 0.92836964 0.87201476 7.7647476 12.5
 118.635 123.31907 109.64733 0.88913524 1.039483 4.179838 0.0
 15.607408 11.928027 11.089379 0.92969096 0.7642542 9.283626 9.090909
 103.35965 104.75687 96.42012 0.9204181 1.0135181 5.450538 5.0
 4.0275216 0.78328556 0.17773122 0.22690476 0.19448327 1.1551216 12.5
 115.73632 122.85887 110.25571 0.89741755 1.0615412 4.090084 6.25
 1.0 72.728264 73.90642 68.0388 0.9206075 1.0161994 509.15717 6.9262114 38.0
