 2.931518 0.79026085 0.19973408 0.2527445 0.26957393 1.5958698 15.909091
 11.51513 9.927102 9.349143 0.9417797 0.8620921 8.869321 15.909091
 94.764496 62.702522 58.225647 0.9286013 0.6616668 8.798801 11.363636
 12.022331 6.7404375 6.1952057 0.91911036 0.56065977 8.188736 11.363636
 8.630511 7.609035 7.0406837 0.9253057 0.8816436 8.384755 14.772727
 1.4313235 0.40678576 0.10117981 0.24872997 0.28420252 2.8262572 20.588236
 5.308924 4.35453 3.886426 0.8925019 0.8202283 8.040251 14.772727
 19.199167 17.51279 16.366299 0.934534 0.91216415 8.639764 10.227273
 42.928005 41.228386 38.80622 0.94125 0.9604077 8.752785 7.9545455
 16.965345 15.7442 14.476706 0.91949457 0.9280212 8.872911 4.5454545
 4.7780347 4.1880155 3.8678355 0.9235485 0.87651426 8.230201 11.363636
 71.591385 68.524185 64.29873 0.9383363 0.95715684 8.70293 4.5454545
 32.750896 30.799948 28.770336 0.9341034 0.94043064 8.439114 1.1363636
 13.419397 12.612929 11.734265 0.9303363 0.9399028 8.635331 5.681818
 5.7740192 4.490549 4.1432185 0.922653 0.77771634 8.7702055 11.363636
 7.2423444 5.456209 4.9688616 0.91068023 0.7533761 9.223796 13.636364
 28.701424 25.922817 24.25254 0.9355673 0.90318924 8.559369 12.5
 8.769634 6.8465257 6.227651 0.9096075 0.78070825 8.774665 12.5
 85.20647 54.907433 49.866386 0.9081901 0.64440453 7.708544 14.285714
 3.7070987 1.750107 0.67354655 0.3848602 0.47209615 3.250238 19.047619
 96.85274 66.646774 61.33616 0.92031705 0.68812484 8.510852 12.5
 78.63812 64.511475 60.03719 0.93064356 0.8203588 8.744245 17.045454
 94.75463 63.37305 57.246975 0.90333307 0.66881216 8.355021 14.772727
 2.792224 0.97188735 0.5003747 0.5148485 0.34806928 5.50639 19.047619
 12.95212 6.721029 5.933679 0.88285285 0.51891345 5.88021 13.636364
 100.45982 77.19908 71.345345 0.9241735 0.7684573 8.651117 14.772727
 100.72786 70.46509 64.06482 0.909171 0.6995591 8.384891 17.045454
 95.17549 56.577034 50.44037 0.8915343 0.5944496 8.307074 13.636364
 16.828823 15.70207 14.684843 0.935217 0.9330463 8.811293 11.363636
 19.786604 18.175455 16.92051 0.93095386 0.91857374 9.15927 7.9545455
 25.447296 24.36999 22.601164 0.9274179 0.9576652 9.119998 9.090909
 93.399414 61.487095 56.348495 0.916428 0.65832424 8.466981 15.909091
 22.982382 21.318295 19.982048 0.9373193 0.927593 8.687182 3.409091
 1.3195043 0.32693473 0.040997084 0.12539838 0.24777086 1.1019714 17.105263
 18.602964 17.39604 16.323317 0.9383351 0.93512195 8.517864 3.409091
 94.71553 73.72913 68.2477 0.9256545 0.7784271 8.653431 14.772727
 4.2582946 1.3730845 0.80310154 0.58488864 0.3224494 4.921601 11.363636
 8.230562 3.0031176 2.1881034 0.7286107 0.36487395 8.031944 18.181818
 1.454692 0.5503257 0.26381126 0.47937298 0.3783108 4.375088 27.083334
 8.887303 7.4203734 6.7593584 0.9109189 0.8349409 8.483497 13.636364
 84.46028 66.34769 61.82091 0.93177193 0.785549 8.556208 15.909091
 31.558044 30.86595 28.943132 0.93770427 0.9780691 8.864058 1.1363636
 28.510942 26.959475 25.53816 0.9472796 0.9455834 8.340403 10.227273
 4.503192 2.3212433 1.6482038 0.7100522 0.51546615 5.268469 14.772727
 70.932594 68.60582 64.17448 0.9354086 0.9671975 8.639011 1.1363636
 84.53353 80.676254 75.75272 0.93897176 0.95436984 8.774466 5.681818
 16.714851 15.896474 14.957226 0.9409147 0.95103884 8.85197 10.227273
 6.4419427 5.2363586 4.8876944 0.9334148 0.81285393 8.661196 12.5
 83.41656 80.33581 75.232864 0.93647987 0.9630679 8.67487 0.0
 94.570984 90.764244 85.42356 0.9411588 0.95974725 8.720491 6.818182
 7.047962 4.7286363 4.1005583 0.8671757 0.67092246 6.721456 15.476191
 52.91316 51.295456 48.17786 0.93922275 0.9694272 8.6863985 0.0
 2.6632245 0.6778576 0.31085053 0.45857796 0.25452513 5.78414 18.421053
 7.4783325 7.039071 6.542 0.92938393 0.9412621 8.498222 12.5
 8.955951 7.5282264 6.9910097 0.9286397 0.84058374 8.541381 15.909091
 9.1501465 7.9357634 6.972234 0.8785839 0.8672826 8.329938 14.772727
 33.54556 32.676033 30.893864 0.9454595 0.9740792 8.555412 6.818182
 8.528995 7.5468054 7.0316 0.93173194 0.88484114 8.782186 15.909091
 6.193562 1.5616112 0.3119193 0.19974197 0.2521346 2.1533725 17.5
 18.976023 5.43857 3.157523 0.58057964 0.2866022 5.133334 18.181818
 2.2676113 0.6591306 0.25459346 0.3862565 0.29067177 3.9264371 20.0
 1.0 33.43061 26.703747 24.633474 0.9224726 0.79878134 227.91794 12.181975 61.0
