 15.456958 13.30951 11.803234 0.88682705 0.8610692 9.276918 6.818182
 136.23325 120.04262 111.558846 0.929327 0.88115513 9.114764 1.1363636
 10.588221 7.2109694 6.462396 0.89618963 0.68103695 8.504659 15.909091
 8.682196 5.4526477 5.0392084 0.9241764 0.62802637 9.016567 15.909091
 129.41086 116.69575 108.894104 0.9331454 0.9017462 9.062035 2.2727273
 14.103878 10.688159 9.610063 0.8991317 0.75781703 9.179282 6.818182
 2.9114943 1.2626042 0.32372603 0.2563955 0.43366194 2.7759984 17.857143
 106.545944 95.874954 88.78687 0.92606944 0.89984614 8.850252 1.1904762
 24.260357 21.344952 19.888052 0.93174505 0.8798284 9.234484 3.409091
 18.233763 17.820349 16.400858 0.9203444 0.97732705 8.559536 2.2727273
 104.41374 92.96005 86.44398 0.9299045 0.8903048 9.024374 1.1363636
 28.48725 24.71076 22.81415 0.9232476 0.8674323 9.47011 5.681818
 4.7864847 1.5218743 0.5700336 0.37456024 0.31795242 2.9250739 14.772727
 107.27363 93.86456 87.29827 0.930045 0.8750013 9.09658 2.2727273
 20.382383 16.932856 15.688 0.9264828 0.83075935 9.117225 12.5
 32.877544 28.114815 26.086584 0.927859 0.8551373 8.94423 2.2727273
 19.675226 18.178694 16.981335 0.9341339 0.9239383 9.791914 10.227273
 9.087414 5.5116887 4.6743617 0.8480816 0.606519 8.556686 15.909091
 138.29367 122.98599 111.49956 0.9066037 0.88931036 7.1198063 1.3888888
 2.362017 0.5764507 0.08821174 0.15302566 0.24405019 1.5195554 15.476191
 23.145493 19.346401 17.899023 0.92518616 0.83586043 9.664885 3.409091
 6.3356557 1.8126457 0.35854563 0.19780238 0.2861023 1.5101465 13.095238
 12.852682 9.998171 8.936338 0.8937973 0.7779054 7.06447 13.636364
 27.69799 24.423023 22.72776 0.9305875 0.8817616 9.129992 10.227273
 13.333935 11.2150955 10.328703 0.9209643 0.8410942 8.502893 6.818182
 30.231115 26.83708 25.098768 0.9352272 0.8877304 9.079768 4.5454545
 128.12617 115.38926 106.89115 0.9263527 0.90059084 8.687671 3.5714285
 15.768363 12.691656 11.80271 0.9299582 0.80488104 9.137611 15.909091
 10.662717 7.5511312 7.0424223 0.93263143 0.7081808 9.488206 19.318182
 6.798985 2.7401247 1.061783 0.38749442 0.40301967 4.3047442 20.238094
 13.214894 9.313109 8.657463 0.9295996 0.7047434 9.301247 14.772727
 36.045372 30.066647 28.18948 0.9375665 0.8341334 9.165608 12.5
 16.552877 11.668231 10.258121 0.87914956 0.7049065 9.866289 12.5
 28.07969 22.213493 20.397274 0.91823804 0.79108745 9.867516 5.681818
 15.207226 13.827605 12.9182825 0.93423855 0.90927863 8.393589 9.090909
 13.838305 11.4489975 10.754925 0.93937695 0.827341 9.363546 5.681818
 30.493319 21.159342 17.945484 0.8481116 0.69390094 6.2892175 12.5
 114.02074 102.07721 95.14379 0.9320767 0.8952513 9.1396675 2.2727273
 119.33918 84.729576 76.99649 0.9087322 0.7099896 8.908561 18.181818
 24.652842 22.135956 20.574005 0.9294383 0.8979069 9.152173 11.363636
 9.454515 7.2941704 6.658329 0.9128288 0.77150124 9.214893 6.818182
 14.9396105 13.076041 12.158669 0.9298433 0.8752598 9.568727 9.090909
 1.2133061 0.5322321 0.20948964 0.3936058 0.4386627 3.5111148 23.214285
 3.2483308 0.8213481 0.36944973 0.44980896 0.25285235 5.2990446 17.045454
 124.776695 111.72559 103.81358 0.92918354 0.89540434 9.114696 1.1363636
 21.158962 17.826761 15.904915 0.89219314 0.8425158 9.579772 10.227273
 16.53541 14.4503 13.480783 0.9329068 0.8739003 8.43378 4.5454545
 14.025285 12.062697 11.168724 0.9258895 0.8600679 9.148128 14.772727
 20.89662 9.961623 8.334344 0.8366451 0.47670978 5.67997 14.0625
 16.762348 13.62169 12.12928 0.8904387 0.8126362 9.588627 9.090909
 118.57944 104.83983 96.30657 0.9186067 0.8841316 9.085868 7.9545455
 31.058886 26.75299 24.4185 0.9127391 0.86136353 8.958399 3.409091
 108.404144 92.98499 86.55342 0.93083215 0.8577624 9.112561 13.636364
 15.713113 14.06308 13.069289 0.9293333 0.8949901 9.282744 7.9545455
 16.585617 9.659127 7.594871 0.7862895 0.58237976 9.9511 17.045454
 10.107685 5.795008 4.9680805 0.8573035 0.57332695 7.25421 17.045454
 18.854742 14.94471 13.4323015 0.8987997 0.7926234 9.097956 11.363636
 25.013857 22.046154 20.52505 0.93100363 0.8813576 9.027692 13.636364
 17.40891 14.092193 12.963787 0.9199269 0.80948156 9.121813 11.363636
 28.213291 24.474012 22.56232 0.9218889 0.86746395 9.209939 11.363636
 12.49304 5.4253116 4.851598 0.89425236 0.43426672 9.574843 17.045454
 105.154434 92.60519 86.248276 0.93135476 0.88065886 9.152527 0.0
 15.5424185 12.305858 11.2637415 0.9153154 0.79175955 8.852042 13.636364
 18.36201 15.499202 14.212741 0.91699827 0.84409076 8.921124 13.636364
 27.27871 13.506942 4.6665525 0.34549287 0.49514595 3.6270664 9.523809
 106.692345 91.88681 82.69833 0.9000022 0.8612315 6.9923897 5.5555553
 20.683987 21.17345 19.132824 0.9036234 1.0236639 10.726783 7.142857
 112.85361 101.71829 94.887665 0.93284756 0.9013296 8.1777 10.0
 113.04462 103.65534 96.46194 0.9306026 0.9169419 7.5077763 14.473684
 12.332243 8.951326 7.9567056 0.8888857 0.72584736 7.4297886 13.157895
 112.26097 103.65445 94.0906 0.9077334 0.92333466 7.0463915 4.1666665
 117.074066 111.58608 102.9621 0.92271453 0.95312387 6.573377 2.9411764
 117.82627 112.37253 104.00709 0.9255562 0.95371366 6.4949226 1.4705882
 3.2873235 0.83823514 0.2754799 0.32864276 0.25499016 1.6322904 10.714286
 108.26909 104.4013 92.4265 0.8853003 0.96427613 3.8827553 14.583333
 1.0 43.42093 37.417465 34.235443 0.9149589 0.861738 309.84354 9.77826 75.0
