 88.3138 88.207664 84.27568 0.95542353 0.99879825 7.992829 3.409091
 140.20517 132.73836 125.174706 0.9430184 0.94674367 6.856648 6.5789475
 57.174564 47.4605 41.045364 0.8648321 0.8300982 3.7771962 2.0833333
 2.0299637 0.89151996 0.3454846 0.38752314 0.43918028 2.5153868 15.0
 102.82522 104.1693 100.267105 0.9625399 1.0130714 7.8923173 2.2727273
 136.70702 129.99644 118.641426 0.9126513 0.95091283 3.9015272 1.9230769
 120.27438 121.1144 113.41002 0.93638754 1.0069842 5.734308 1.4705882
 2.2816932 0.72302496 0.16060732 0.22213246 0.31688088 2.6096823 17.5
 16.93344 17.007154 15.087089 0.8871024 1.0043532 6.8905377 4.5454545
 2.66797 0.5304801 0.19439271 0.36644676 0.19883284 3.505659 20.238094
 146.56305 137.54933 125.926636 0.9155016 0.93849945 3.8432374 0.0
 3.50949 2.1286893 1.5230403 0.7154827 0.6065523 9.179596 15.0
 123.43066 102.303314 94.13562 0.92016196 0.8288323 4.76967 13.333333
 103.26763 96.023056 91.45027 0.9523783 0.9298466 7.7181015 5.681818
 113.131805 96.99976 87.21594 0.89913565 0.8574048 3.6259053 1.9230769
 2.523202 0.85121834 0.21425277 0.2517013 0.33735642 2.2325556 18.75
 124.9638 121.75031 114.41682 0.9397661 0.9742847 6.6878743 3.9473684
 96.74549 97.8834 92.003365 0.9399281 1.0117619 7.8560996 1.1363636
 83.91987 83.76299 79.30111 0.946732 0.9981307 6.791517 0.0
 145.05193 142.73337 134.97514 0.94564533 0.98401564 6.869877 1.3157895
 110.97507 108.14365 102.48289 0.94765514 0.974486 7.9942083 5.681818
 121.97599 101.440926 94.03531 0.92699575 0.8316466 6.9612584 15.277778
 129.08362 126.08153 118.080894 0.93654394 0.9767431 4.716837 1.6666666
 141.45512 138.89569 130.93536 0.9426884 0.9819064 6.8558116 0.0
 131.3678 128.99991 122.19491 0.94724804 0.9819751 6.858232 1.3157895
 118.7143 119.39641 114.849625 0.9619186 1.0057458 7.9847865 2.2727273
 140.1754 143.08276 135.61037 0.9477757 1.0207409 6.914049 1.3157895
 125.09884 126.41293 119.78689 0.94758415 1.0105044 8.137837 3.409091
 82.76881 78.01837 73.1704 0.93786114 0.94260603 8.814156 2.2727273
 100.27791 94.87674 90.67023 0.95566344 0.946138 8.127093 10.227273
 123.00362 119.97109 113.5758 0.94669306 0.975346 6.755216 3.9473684
 78.39402 93.953995 92.310524 0.9825077 1.1984842 9.918826 6.818182
 95.72548 94.39728 90.39024 0.9575513 0.9861249 7.8813305 1.1363636
 135.0902 133.5275 122.898575 0.920399 0.9884322 4.58353 5.357143
 6.431702 5.9895854 5.5185847 0.92136335 0.93125975 7.8765607 13.095238
 20.073582 16.979233 15.899021 0.9363803 0.8458497 5.8374586 13.636364
 124.42483 121.80706 116.683365 0.957936 0.97896105 7.9435763 5.681818
 142.83124 141.1752 134.09723 0.9498639 0.98840564 6.816872 3.9473684
 142.77374 134.88248 123.13899 0.91293544 0.9447289 3.8731706 1.9230769
 40.5731 43.85907 42.172626 0.96154857 1.0809889 8.492415 9.090909
 1.6911532 0.46220303 0.10907769 0.23599519 0.27330643 2.442075 16.666666
 22.206512 25.118921 24.66609 0.98197246 1.1311511 7.237758 7.5
 14.584336 14.273863 12.389819 0.8680074 0.97871184 7.6709447 4.5454545
 143.57394 142.40276 135.16582 0.9491798 0.99184257 6.910522 1.3157895
 17.645695 16.090082 15.022418 0.9336446 0.9118418 9.186764 11.363636
 124.83944 122.13561 115.81951 0.9482861 0.9783416 6.845861 6.5789475
 67.43253 67.74792 65.0713 0.96049154 1.004677 7.772039 1.1363636
 86.61587 84.88048 80.74559 0.95128584 0.9799645 8.2172985 1.1363636
 127.29441 122.0435 113.28908 0.928268 0.9587499 6.8101854 9.210526
 145.03482 147.17572 139.30356 0.94651175 1.0147613 6.1993337 1.3888888
 139.65909 138.32712 126.68073 0.91580546 0.99046266 6.659461 1.3157895
 129.76486 125.24975 118.884834 0.9491822 0.96520543 6.815079 3.9473684
 132.78192 125.55705 114.63335 0.9129981 0.94558847 3.9415433 0.0
 136.71509 137.12688 127.07465 0.92669404 1.0030121 6.2434583 1.3888888
 78.32938 79.748795 76.659935 0.9612676 1.0181211 7.9964175 0.0
 19.861662 17.94776 17.312675 0.9646148 0.9036384 6.6400256 10.526316
 141.58289 138.82858 131.73979 0.9489384 0.9805464 6.8945827 13.157895
 97.03833 92.64327 85.94256 0.92767185 0.95470804 4.8198504 1.6666666
 133.15544 124.713875 116.65339 0.9353681 0.93660367 5.2359753 9.375
 121.46581 117.85237 108.884285 0.92390406 0.9702514 4.7512145 1.6666666
 143.2585 136.24887 124.16225 0.91129005 0.95107013 3.5909474 6.25
 89.361786 92.18431 88.71165 0.96232915 1.0315853 7.737092 0.0
 145.61678 155.73315 148.63979 0.9544518 1.0694727 5.679743 0.0
 16.497097 7.322816 5.0481277 0.68936974 0.4438851 5.8543515 12.5
 144.62439 149.48854 141.88696 0.9491494 1.033633 6.383045 1.4705882
 138.43747 145.5067 139.59749 0.9593888 1.0510644 6.1711326 0.0
 144.9452 149.94772 143.753 0.9586875 1.0345131 6.192432 1.4705882
 145.19324 156.3795 149.16759 0.953882 1.077044 5.7301865 1.5625
 144.32942 151.93336 144.69524 0.95235986 1.0526847 5.818007 4.6875
 82.1002 85.53091 79.40372 0.92836285 1.0417868 4.369002 1.9230769
 135.55467 140.67036 132.71693 0.9434605 1.0377389 5.6031957 3.3333333
 133.85088 157.1228 143.00984 0.9101788 1.1738646 4.5216756 1.9230769
 142.62599 161.1134 149.10591 0.9254718 1.1296215 5.0847735 0.0
 140.01076 159.28485 147.37404 0.9252231 1.1376616 5.0842924 1.7857143
 1.0 99.34343 98.452835 92.45388 0.9390677 0.9910351 616.57086 5.2023807 74.0
