 21.589352 17.310556 16.327396 0.9432046 0.80180985 8.990275 5.681818
 95.55832 58.641766 53.114822 0.9057507 0.6136751 9.165061 18.181818
 87.52645 67.15426 60.632473 0.9028835 0.7672453 4.874969 12.5
 83.27269 75.391335 70.55904 0.9359038 0.90535486 7.599416 0.0
 89.36651 77.42104 73.10212 0.94421506 0.86633176 9.096489 2.2727273
 20.923409 17.715593 16.79427 0.94799364 0.84668773 9.131254 15.909091
 10.921464 10.0355625 9.468668 0.9435115 0.91888434 9.119124 13.636364
 92.02805 63.569508 59.47578 0.93560237 0.6907623 8.90186 12.5
 108.58209 76.22144 70.91887 0.93043196 0.7019707 9.022339 13.636364
 8.191452 2.364607 0.40253153 0.1702319 0.28866762 1.4164245 14.285714
 24.534977 20.944536 19.820185 0.9463176 0.85366035 7.7113404 14.772727
 98.96927 61.484814 56.985554 0.9268232 0.6212516 9.070782 11.363636
 13.093856 8.154497 6.9191494 0.84850717 0.6227728 7.934879 10.227273
 14.565559 11.184878 8.027704 0.7177283 0.76789904 6.9178033 12.5
 85.06808 63.54556 57.26911 0.90122914 0.7469965 4.8778987 16.071428
 15.118975 11.643401 10.914226 0.93737435 0.7701184 9.102074 13.636364
 101.222595 66.42983 60.36332 0.9086779 0.65627474 4.913243 12.5
 2.0308595 0.5381722 0.15760188 0.29284656 0.26499727 2.189348 22.368422
 24.056301 19.928135 17.966108 0.9015449 0.8283956 5.0025983 1.7857143
 96.85877 63.757854 58.569912 0.91863054 0.6582559 8.862233 14.772727
 86.64162 68.89751 64.97027 0.9429988 0.7952011 9.289861 15.909091
 17.805994 12.926708 11.322359 0.8758888 0.72597516 9.103005 10.227273
 17.289318 15.67128 14.761176 0.94192535 0.906414 10.381876 6.818182
 3.2858422 0.7617397 0.19891158 0.261128 0.23182479 2.637621 15.909091
 87.34169 77.202255 73.05224 0.9462449 0.88391066 9.128938 2.2727273
 12.911159 13.836714 12.247898 0.8851739 1.0716864 10.89732 5.681818
 8.266099 5.757665 5.0599685 0.878823 0.69653964 9.382069 10.227273
 12.889846 10.948041 10.333024 0.94382405 0.84935385 8.92249 9.090909
 79.571526 67.63442 63.91935 0.9450713 0.84998274 9.14742 12.5
 9.568989 8.002429 7.6481204 0.95572495 0.8362878 8.743335 9.090909
 102.109985 74.44748 70.10263 0.94163865 0.7290911 9.077378 17.045454
 94.55245 63.29074 59.085354 0.9335545 0.6693717 8.952323 15.909091
 25.416992 9.85259 8.398971 0.8524633 0.38763788 7.668746 14.772727
 97.03874 86.61289 82.32044 0.95044094 0.89255995 9.099132 2.2727273
 100.242805 57.447296 53.463448 0.93065214 0.57308143 8.957547 14.772727
 97.74796 57.89252 53.927605 0.93151253 0.5922632 9.073992 13.636364
 103.08533 70.577866 65.717476 0.93113434 0.6846549 8.013054 8.75
 32.84511 26.52315 24.217943 0.913087 0.8075219 8.731463 9.090909
 7.339181 2.506914 0.72487193 0.28914914 0.3415795 2.536237 18.181818
 79.35471 70.2254 66.509995 0.94709307 0.88495564 9.186421 2.2727273
 100.840034 76.67373 50.277428 0.6557321 0.7603501 7.069676 11.904762
 14.184459 9.834423 7.407927 0.753265 0.6933238 9.253501 12.5
 11.176809 8.836942 7.655379 0.8662927 0.79064983 3.583495 12.5
 90.95411 74.89209 70.28488 0.9384821 0.8234052 8.951831 10.227273
 105.650635 73.70454 68.38348 0.9278055 0.69762516 8.829856 14.772727
 12.603055 10.816271 10.244203 0.94711035 0.8582262 8.959129 6.818182
 105.74242 59.58107 55.559505 0.9325027 0.56345475 9.046552 11.363636
 98.544235 94.184555 85.09077 0.90344715 0.95575917 5.0652194 1.7857143
 107.6474 79.94077 71.747185 0.89750427 0.74261683 5.3720193 13.333333
 98.2527 63.666462 60.045135 0.94312036 0.6479869 8.965019 9.090909
 2.529089 0.65029114 0.13640414 0.20975858 0.25712463 2.2377925 17.647058
 95.8333 60.25077 56.706757 0.9411789 0.62870395 9.121788 20.454546
 89.87581 78.962105 74.78342 0.9470798 0.87856907 9.165508 4.5454545
 93.13974 75.25063 69.00804 0.9170427 0.8079326 5.9954376 17.1875
 95.55915 63.49669 57.99279 0.91331995 0.6644752 8.053245 12.5
 94.60148 87.7512 81.797485 0.9321523 0.92758805 7.6985455 10.526316
 83.90791 79.17469 73.65966 0.9303435 0.9435903 7.6162834 9.210526
 107.05459 74.4909 67.187294 0.90195316 0.6958216 7.3394446 17.105263
 86.901405 83.41943 77.93988 0.9343132 0.95993197 7.6732297 6.5789475
 105.089165 87.377914 80.882095 0.9256583 0.8314646 7.7922263 5.263158
 91.3701 88.74018 82.22293 0.926558 0.97121686 7.5543194 2.631579
 96.340836 92.724724 87.02172 0.9384953 0.96246547 7.592259 6.5789475
 84.67906 81.12802 76.06509 0.9375932 0.95806473 7.718227 17.105263
 95.012146 95.22364 88.86146 0.9331869 1.002226 7.258272 0.0
 80.38587 80.82357 72.97987 0.90295285 1.005445 4.534323 1.9230769
 92.829765 78.01349 71.6044 0.9178464 0.840393 7.723279 10.526316
 92.9006 89.18479 83.703354 0.93853843 0.96000236 7.6874065 2.631579
 97.427734 93.57018 87.75953 0.9379006 0.960406 7.6463957 2.631579
 93.51832 87.623245 81.327354 0.9281481 0.9369635 7.425015 1.3157895
 87.55329 88.46517 80.159584 0.9061146 1.0104151 4.543844 9.615385
 84.86621 80.30656 75.08492 0.9349788 0.94627243 7.5885653 2.631579
 88.13955 91.15264 83.598564 0.9171272 1.0341854 5.7404795 5.0
 87.22051 59.016148 53.47284 0.90607136 0.6766315 6.965386 11.111111
 77.92122 78.155205 72.14304 0.9230741 1.0030029 5.611413 5.0
 86.44171 56.696102 52.778446 0.9309008 0.6558882 6.7155194 17.647058
 86.49572 81.428406 75.79145 0.93077415 0.94141537 6.624648 10.294118
 87.29228 81.99941 75.850266 0.92500985 0.93936616 6.756099 11.764706
 83.69301 71.6033 65.666084 0.91708183 0.85554695 6.6531324 8.823529
 86.925354 81.956406 74.91123 0.9140375 0.94283664 6.0579557 3.125
 89.63497 84.7389 76.40061 0.90160024 0.94537765 6.0063047 3.125
 90.776695 84.73981 76.27844 0.90014887 0.9334974 5.5719895 1.6666666
 97.961235 90.10175 80.15085 0.88955927 0.9197695 4.954998 3.5714285
 3.174514 0.8598515 0.2775751 0.3228175 0.27086082 1.9791405 14.583333
 77.39167 70.095795 61.78153 0.8813871 0.9057278 4.3327904 11.538462
 0.9142968 0.3162586 0.09321172 0.29473257 0.34590366 1.9010684 16.666666
 1.0 68.34987 55.60085 51.041706 0.9180023 0.8134741 412.35626 10.115971 85.0
