 129.66345 132.1872 125.99307 0.9531413 1.0194638 9.040523 3.409091
 116.770775 115.43922 108.31538 0.9382892 0.9885968 8.969588 7.9545455
 134.99274 137.63373 131.60448 0.95619345 1.019564 8.815551 1.1363636
 122.28338 118.97147 105.50204 0.88678426 0.9729161 3.651575 2.0833333
 132.30803 133.54073 123.23284 0.9228109 1.0093169 5.059846 3.3333333
 76.52026 75.792915 69.44452 0.9162402 0.9904947 4.606642 1.7857143
 129.232 129.82524 123.15372 0.94861156 1.0045905 9.146246 1.1363636
 108.37942 105.44272 96.72981 0.91736835 0.97290355 5.1318355 1.6666666
 8.252107 4.7211094 3.8487341 0.8152182 0.5721096 6.374427 14.772727
 4.9913297 3.4222453 3.0055718 0.8782456 0.685638 8.664024 14.285714
 122.655304 123.165695 116.90972 0.9492069 1.0041611 9.111172 10.227273
 5.282847 3.053344 2.4325185 0.7966736 0.5779732 10.164519 16.25
 115.63728 111.14459 101.86059 0.91646916 0.96114844 4.9501066 6.6666665
 124.15782 125.44599 119.173325 0.94999707 1.0103753 9.172759 0.0
 132.20364 128.15205 116.40582 0.90834147 0.9693534 4.130134 9.615385
 94.71922 96.39239 92.6612 0.9612917 1.0176644 7.600346 2.2727273
 125.15763 123.14195 112.959175 0.9173086 0.9838949 8.579794 4.5454545
 116.338745 116.96246 108.538246 0.927975 1.0053613 8.936969 0.0
 0.59571344 0.25557795 0.11107553 0.4346053 0.42902833 3.521992 28.125
 88.695076 85.241234 77.70902 0.91163653 0.96105933 8.177962 3.409091
 108.66609 107.58018 101.96527 0.94780725 0.99000686 9.247883 0.0
 72.97638 64.08615 46.13474 0.71988624 0.8781766 5.8548207 9.090909
 118.47447 118.091515 111.985756 0.94829637 0.9967676 9.009448 2.2727273
 126.37089 125.57937 119.06238 0.9481046 0.99373657 9.072696 6.818182
 123.04079 122.74099 116.98585 0.95311147 0.9975634 8.971347 13.636364
 112.68104 110.834854 103.30232 0.93203825 0.9836159 9.013244 2.2727273
 120.1984 119.612305 113.29333 0.94717115 0.99512386 9.2936535 5.681818
 116.71673 115.78882 108.21929 0.93462646 0.9920499 8.846185 4.5454545
 107.463524 106.144066 101.00875 0.9516194 0.9877218 9.016336 1.1363636
 45.686264 35.916817 29.205465 0.8131418 0.7861622 7.6781073 12.5
 111.20061 109.886696 101.62494 0.92481565 0.98818433 6.1290946 2.9411764
 132.1358 134.2439 125.231224 0.9328634 1.015954 5.4902897 1.5625
 104.07185 100.74641 95.61778 0.9490937 0.96804667 9.19115 7.9545455
 135.68355 137.0203 129.71257 0.94666684 1.0098519 7.1866274 11.842105
 108.54785 84.95181 74.4171 0.8759919 0.78262085 8.722647 13.636364
 82.27099 80.04595 74.12782 0.92606586 0.9729548 5.4487963 1.5625
 116.96276 116.882034 108.3211 0.9267557 0.99930984 5.1578484 3.3333333
 7.1032104 4.701373 3.7347128 0.79438764 0.661866 8.420708 13.636364
 120.280396 121.711525 114.670204 0.94214743 1.0118983 8.900671 4.5454545
 112.71396 118.81077 112.56435 0.94742554 1.054091 7.7700295 2.5
 2.4672282 0.56121784 0.22663523 0.40382758 0.22746895 3.0057945 22.368422
 0.93317676 0.29957646 0.08259298 0.27569917 0.32102862 3.534599 28.846153
 129.7564 129.24452 122.97997 0.95152944 0.9960552 9.022086 0.0
 111.925285 110.669876 103.65706 0.93663305 0.98878354 9.009828 1.1363636
 102.15403 102.05555 95.56821 0.93643326 0.99903595 8.921199 9.090909
 20.873093 16.315372 13.89598 0.8517109 0.78164613 10.405531 7.9545455
 101.63955 96.99849 91.03006 0.9384688 0.954338 9.048587 2.2727273
 117.08164 113.63939 107.55163 0.9464291 0.9705996 9.058052 12.5
 115.21767 114.357895 107.98111 0.9442383 0.99253786 8.92592 0.0
 114.731415 111.73014 105.07051 0.94039536 0.97384083 9.03191 4.5454545
 117.37845 117.587135 111.61865 0.949242 1.0017779 9.087304 6.818182
 3.1338918 1.6088158 1.0380597 0.6452322 0.5133604 5.8703218 14.285714
 135.3396 137.49666 131.0334 0.9529933 1.0159382 8.969417 1.1363636
 10.929005 9.421921 8.673433 0.92055887 0.86210245 8.043341 6.818182
 123.33745 126.065506 120.222115 0.953648 1.0221187 9.151577 6.818182
 8.072874 5.66225 4.9089913 0.86696833 0.70139205 9.955446 11.363636
 103.8323 98.96813 94.31053 0.9529384 0.95315367 8.795777 6.818182
 2.9971747 1.5945741 1.303072 0.8171912 0.53202575 10.60361 18.421053
 8.66298 7.206365 6.3129754 0.8760277 0.8318575 7.782166 8.333333
 119.91504 120.444885 113.27948 0.9405088 1.0044186 8.281626 1.1904762
 94.3841 92.74049 88.0772 0.94971675 0.98258597 8.991451 2.2727273
 122.59324 106.47434 100.65482 0.94534343 0.8685173 9.216871 17.045454
 10.287121 7.0899463 5.2447705 0.7397475 0.68920606 7.7734733 15.476191
 106.84751 108.64421 103.40319 0.95175976 1.0168155 7.173517 15.789474
 7.15266 6.7216005 5.963127 0.8871588 0.93973434 6.832826 13.888889
 1.7540263 0.8395922 0.7172714 0.85430926 0.4786657 5.4454107 23.4375
 128.22656 125.635315 116.44855 0.92687756 0.97979164 5.4947047 1.5625
 113.02987 112.60015 105.913445 0.9406155 0.9961981 9.140248 1.1363636
 122.48001 120.94683 114.613266 0.9476335 0.9874822 8.489716 14.285714
 111.62707 110.08159 104.69707 0.9510861 0.9861549 8.946819 1.1363636
 110.706345 110.87031 105.33037 0.95003223 1.001481 9.021351 0.0
 134.84978 130.18153 118.76316 0.91228884 0.9653819 4.136723 1.9230769
 122.865974 124.15168 118.305016 0.9529071 1.0104643 9.096838 1.1363636
 116.93379 114.19884 105.65848 0.92521495 0.9766111 5.5264897 1.5625
 112.36517 110.29915 104.62401 0.9485478 0.9816133 9.012268 1.1363636
 0.9974547 0.30503184 0.052011825 0.17051278 0.3058102 1.3399891 27.083334
 111.84234 110.86542 105.3654 0.9503902 0.9912652 9.15602 3.409091
 14.10757 12.483198 4.088327 0.3275064 0.88485813 3.9601188 10.227273
 120.03177 115.64197 109.361595 0.9456912 0.96342796 9.1497555 0.0
 7.3461733 1.8914776 0.38988274 0.20612602 0.25747794 1.8462021 17.045454
 113.67293 111.6756 103.812126 0.9295865 0.98242915 8.815082 10.227273
 52.99289 40.970524 36.315075 0.8863708 0.77313244 5.320411 9.375
 121.295105 118.71313 110.032326 0.92687577 0.9787133 8.856941 6.818182
 121.60197 124.34868 118.71805 0.954719 1.0225878 9.071508 12.5
 113.964554 115.204216 109.69516 0.9521801 1.0108776 9.034145 1.1363636
 124.528755 121.60145 108.44932 0.8918423 0.9764929 3.6833863 4.1666665
 130.94135 133.97136 126.352745 0.9431325 1.0231403 6.9931474 0.0
 7.5363984 6.7566805 5.8725944 0.8691538 0.8965397 7.5386357 13.636364
 4.8444166 2.0423002 0.8787341 0.43026686 0.42157814 2.6981695 16.666666
 125.87435 125.68626 120.38974 0.9578592 0.9985057 8.622985 1.1904762
 120.017555 122.821686 116.80812 0.95103824 1.0233644 5.986477 3.125
 128.78137 131.7472 122.875145 0.93265855 1.0230298 3.9692564 6.25
 100.76711 103.602295 96.033676 0.9269454 1.028136 3.905623 2.0833333
 87.84754 59.08297 53.921375 0.9126382 0.6725626 7.865538 12.5
 3.4693918 1.2660668 0.38071123 0.3007039 0.3649247 3.0528796 18.055555
 5.2528453 3.1581624 1.5979577 0.5059771 0.60122883 6.3024845 14.705882
 4.6129904 2.674756 2.0377896 0.76185995 0.57983124 8.647848 18.75
 123.541115 131.8262 123.18146 0.9344232 1.0670635 7.5417833 1.3888888
 112.39258 120.76483 112.611145 0.93248296 1.0744911 7.439052 11.111111
 108.4802 116.492584 107.81659 0.9255232 1.0738603 6.9924326 0.0
 125.492195 133.22154 119.70305 0.8985262 1.0615922 6.965906 0.0
 114.363106 119.186615 109.63635 0.91987133 1.0421772 6.9498973 1.4705882
 127.066475 137.44756 127.48611 0.9275254 1.0816981 6.9700446 1.4705882
 27.842564 29.460455 27.27109 0.9256846 1.0581086 5.9292984 9.375
 100.40715 108.23488 99.274506 0.9172136 1.0779598 6.384288 1.5625
 1.9088184 0.6476096 0.2074567 0.32034218 0.3392725 1.7734485 21.153847
 124.25702 129.03691 113.68985 0.8810646 1.0384678 4.14278 0.0
 118.275085 120.43276 107.98565 0.8966468 1.018243 5.8841987 3.3333333
 125.83736 131.72911 119.18298 0.9047581 1.0468204 5.369001 1.7857143
 113.52771 113.07586 100.26538 0.886709 0.9960199 5.3366375 5.357143
 15.2633295 16.238085 14.448471 0.8897891 1.0638626 4.841532 1.9230769
 58.384064 23.08022 15.393815 0.66697 0.3953171 3.9509618 13.461538
 151.89177 148.1255 130.55476 0.8813794 0.9752042 4.822471 1.9230769
 126.01862 120.164665 106.341934 0.8849684 0.9535469 4.7223363 9.615385
 1.966455 0.5651454 0.1572382 0.2782261 0.287393 1.4427435 14.583333
 106.362885 104.34258 92.36295 0.8851895 0.9810056 4.235031 2.0833333
 136.01573 129.41536 110.7687 0.8559162 0.95147336 4.324323 6.25
 119.08793 113.61844 98.06089 0.863072 0.9540719 4.236604 0.0
 10.516723 9.131099 7.9946475 0.8755406 0.8682456 4.179879 12.5
 1.0 88.31756 86.81899 80.40132 0.92607987 0.98303205 641.2348 7.276908 119.0
