 8.446726 1.8828603 0.49843854 0.26472414 0.22291008 1.9383668 14.285714
 1.9269922 0.5561935 0.10761326 0.1934817 0.28863296 1.7217307 16.25
 2.2721453 0.51649445 0.055454973 0.10736799 0.22731575 1.0868454 20.238094
 1.1135104 0.30012238 0.05687043 0.18949081 0.26952815 2.4851396 25.0
 1.0154593 0.3238013 0.08862247 0.27369398 0.31887177 2.4998925 33.333332
 3.8404925 0.96208453 0.23416878 0.2433973 0.25051072 2.3520482 20.238094
 10.528794 9.822963 9.29373 0.9461229 0.9329617 9.32919 12.5
 0.98241335 0.17401046 0.049717274 0.2857143 0.1771255 1.2857143 22.5
 6.382406 2.9717133 2.52903 0.85103434 0.46561018 6.020502 14.772727
 6.0301876 1.3533199 0.3342349 0.24697405 0.22442418 2.1278772 17.857143
 13.772366 10.475649 9.744755 0.93022925 0.7606281 8.560866 12.5
 7.6345696 6.84449 6.4123945 0.93686956 0.89651287 9.089963 9.090909
 0.1338366 0.044025198 0.022012599 0.5 0.32894737 2.0 75.0
 2.0680497 0.4633503 0.09621419 0.20764893 0.22405182 1.9985397 19.736841
 11.607356 10.58281 10.048985 0.9495573 0.9117331 8.920764 6.818182
 2.2212636 0.57458854 0.11462587 0.19949211 0.2586764 1.8428041 18.181818
 94.25993 77.2769 72.58223 0.9392487 0.81982774 9.076442 12.5
 2.1027136 0.56627166 0.12287289 0.21698575 0.2693052 2.0609238 23.333334
 2.1669223 0.6580263 0.08536744 0.12973256 0.30366862 1.4067078 18.055555
 12.4799185 10.01859 9.463019 0.94454604 0.80277693 9.056476 14.772727
 10.493604 10.172085 9.712961 0.9548643 0.96936053 9.282247 6.818182
 1.5361156 0.49514058 0.24191836 0.48858517 0.32233286 5.8600507 21.875
 9.323765 8.8701315 8.451888 0.9528481 0.9513465 9.565513 7.9545455
 5.6034145 3.5573502 2.817461 0.79201114 0.634854 6.603311 16.666666
 33.79026 9.757224 5.7742124 0.5917885 0.28875846 5.3416452 13.636364
 84.654945 55.381325 51.598083 0.9316874 0.6542007 8.976291 19.318182
 13.634025 9.799355 9.300236 0.9490662 0.71874255 8.578022 14.772727
 0.72942865 0.12380876 0.06294584 0.5084119 0.16973388 6.318513 25.0
 2.0285692 0.47381485 0.070229314 0.148221 0.23357095 1.6278442 21.25
 2.215331 0.59263676 0.117547914 0.19834732 0.26751614 1.9281532 17.857143
 2.2049315 0.4944077 0.22517078 0.4554354 0.22422813 4.476539 17.5
 12.774043 12.931224 12.314281 0.9522905 1.0123047 9.103428 9.090909
 10.39168 9.588949 8.954026 0.933786 0.92275256 8.699698 13.636364
 2.3545482 1.0333 0.49338394 0.4774837 0.4388528 1.960398 20.454546
 2.8080568 1.0571582 0.3634482 0.34379736 0.37647322 1.3400285 13.636364
 6.932553 6.5709705 6.3801074 0.9709536 0.94784284 8.982071 9.523809
 1.0821671 0.3234103 0.17178607 0.53117067 0.2988543 6.7784348 25.0
 1.7833059 0.68216145 0.35427314 0.51933914 0.3825263 2.6278112 22.222221
 1.4456273 0.4765485 0.1302495 0.27331847 0.32964823 2.8228395 23.076923
 0.9541716 0.3259771 0.045557342 0.13975626 0.3416336 1.4189873 23.214285
 93.20854 88.68391 84.61223 0.9540878 0.95145684 9.192536 14.772727
 1.4169484 0.29606736 0.06903843 0.23318487 0.20894717 1.7517685 13.888889
 3.9863057 1.1340222 0.39926654 0.35207996 0.2844795 3.3329518 17.857143
 3.1576726 0.75613856 0.18663092 0.24682106 0.23946072 2.8424475 20.0
 0.28550613 0.09492493 0.036698915 0.38660988 0.33247948 2.28915 25.0
 9.613523 8.014797 7.4841633 0.93379325 0.83370036 9.046169 13.636364
 7.2841587 6.7124305 6.3576565 0.9471467 0.92151076 8.784188 12.5
 1.9483416 0.43966424 0.089988895 0.2046764 0.22566076 2.3169906 17.5
 2.5497322 0.5725941 0.13931201 0.24329977 0.22457027 2.7555342 20.833334
 11.516805 9.666373 9.202755 0.95203805 0.8393277 9.263815 14.772727
 7.780833 6.304178 5.8187504 0.9229991 0.810219 10.018708 15.476191
 3.0912225 0.60399157 0.17491664 0.28960112 0.19538923 3.0960002 17.857143
 85.733025 68.33993 64.123924 0.93830836 0.7971249 9.018469 11.363636
 6.5150905 2.0223382 0.56674516 0.28024253 0.3104083 3.4109883 19.318182
 13.119425 11.738481 11.133823 0.94848925 0.89474046 9.086264 10.227273
 18.658852 17.402702 16.71199 0.96031004 0.9326781 9.193609 7.9545455
 12.815604 11.4286585 10.566491 0.92456096 0.89177674 8.952802 11.363636
 2.8646817 0.6837943 0.11158818 0.1631897 0.23869818 1.7001042 17.5
 2.6959944 0.6454698 0.13617843 0.21097569 0.23941809 1.800344 15.909091
 3.9827821 0.99630827 0.20261191 0.20336267 0.25015384 1.9165921 18.181818
 2.9637766 1.8738283 1.3141834 0.7013361 0.63224345 11.675261 18.75
 14.142355 12.972441 12.360732 0.95284545 0.91727585 9.310801 7.9545455
 3.437134 0.883119 0.16630676 0.18831751 0.2569347 1.5554737 17.5
 4.414781 1.0048609 0.3503612 0.3486664 0.22761284 3.5232031 17.857143
 0.80152386 0.28516093 0.10014255 0.3511791 0.35577345 2.5322065 19.23077
 1.8084624 0.47397834 0.12320339 0.25993463 0.26208913 2.3401222 17.5
 13.173868 12.840821 12.3394575 0.96095544 0.9747191 9.084321 11.363636
 1.7067986 0.21772459 0.07357072 0.33790725 0.12756315 4.5743375 19.117647
 18.32045 17.74101 16.982813 0.957263 0.968372 8.822298 9.090909
 2.5908406 0.5312647 0.16748953 0.31526566 0.20505497 2.9044461 15.0
 2.008965 0.7841328 0.4440524 0.5662975 0.39031678 3.8305154 19.736841
 12.973674 13.102819 12.444508 0.949758 1.0099545 7.680153 14.772727
 2.1275432 0.60770017 0.16068995 0.2644231 0.2856347 2.8791287 20.588236
 3.1620748 0.7100518 0.14907578 0.20995058 0.22455248 1.5326163 20.833334
 1.3351287 0.35805458 0.051775765 0.144603 0.26817983 1.0943648 23.4375
 5.01337 3.020224 2.7850518 0.9221342 0.60243386 9.289136 13.636364
 1.5141879 0.46001405 0.09435102 0.20510466 0.30380246 2.0248425 23.529411
 4.024617 3.122083 2.8050282 0.89844763 0.77574664 4.911678 13.461538
 21.251944 8.143371 3.2798512 0.40276334 0.38318238 3.8662174 12.5
 7.4338064 4.7986794 3.8290563 0.7979396 0.64552116 9.466183 18.181818
 9.81653 5.114596 4.4735622 0.87466586 0.52101874 8.357931 14.772727
 16.12992 13.601457 12.958388 0.9527206 0.84324396 9.472911 12.5
 3.318273 0.77620465 0.13959895 0.17984812 0.23391825 1.8912027 17.045454
 8.158931 7.175046 6.820701 0.9506143 0.87941 9.031766 10.227273
 31.483906 29.568062 27.928926 0.944564 0.9391484 9.063246 14.772727
 1.3752983 0.2807358 0.10794097 0.38449308 0.20412722 4.958881 21.153847
 12.104408 10.567544 9.953651 0.9419077 0.8730327 8.868173 9.090909
 43.1562 41.254513 39.424828 0.9556489 0.95593476 9.475808 11.363636
 3.2142649 1.3688912 0.8987305 0.65653896 0.42588004 7.429645 19.736841
 59.490974 57.472645 54.480415 0.9479364 0.9660734 8.875249 3.409091
 88.73491 65.11755 60.630352 0.9310907 0.73384374 8.985542 17.045454
 55.72694 53.820408 51.054146 0.948602 0.96578795 9.122351 6.818182
 85.1305 62.82117 59.221664 0.9427023 0.73793966 8.962329 15.909091
 12.586364 12.547565 12.146338 0.9680235 0.9969174 9.009509 13.636364
 6.2875047 5.568469 5.21272 0.9361136 0.8856406 9.279693 13.636364
 16.959946 10.444192 7.1462307 0.68423015 0.61581516 5.7483406 15.909091
 14.361601 14.858449 14.235871 0.9580994 1.0345956 9.0645685 12.5
 3.5894516 1.0477481 0.1988491 0.18978712 0.29189643 1.4248449 17.045454
 80.14155 64.58406 60.473194 0.9363486 0.8058748 9.6582775 12.5
 10.892364 9.629318 9.06942 0.94185483 0.88404304 9.253396 11.363636
 1.2990391 0.5408047 0.13165967 0.24345143 0.41631132 1.9544232 18.75
 3.4041178 0.7373762 0.13469392 0.18266648 0.21661301 1.5356061 17.857143
 4.942307 1.2684624 0.349887 0.27583554 0.2566539 3.6918497 15.909091
 67.02102 66.00529 62.31268 0.9440559 0.98484457 7.647264 6.5789475
 10.655224 4.7201133 2.2405956 0.47469106 0.44298583 5.610535 15.909091
 87.16189 83.55397 78.80531 0.9431665 0.9586068 8.633761 5.952381
 22.23967 16.854666 15.599341 0.92552066 0.7578649 9.186502 14.772727
 1.896596 0.571499 0.21853074 0.38238168 0.3013288 3.3736775 26.666666
 90.6387 64.417114 59.150387 0.91824025 0.71070206 8.387553 17.857143
 3.162556 1.33116 0.60157764 0.45191988 0.4209127 1.808997 17.647058
 8.5979395 8.480753 7.936309 0.9358024 0.98637044 8.262478 6.25
 8.915286 8.046267 7.155153 0.88925123 0.9025248 5.0499167 10.714286
 4.2684298 1.479236 0.50497276 0.34137404 0.34655273 0.9320103 14.583333
 13.361765 7.6275277 6.0681133 0.79555446 0.57084733 4.5542455 11.538462
 90.66978 83.85231 73.83526 0.88053936 0.92480993 4.7125635 7.6923075
 17.486326 13.572002 11.980044 0.88270277 0.7761494 4.1667166 10.416667
 0.991453 15.625322 12.24328 11.131609 0.9092015 0.7835538 101.898315 16.284098 117.0
