 114.11953 116.026146 108.12129 0.9318701 1.0167072 9.097399 6.818182
 20.463882 18.495667 16.926662 0.9151691 0.90382004 8.844073 13.636364
 39.67701 43.43565 40.782063 0.93890756 1.094731 8.623072 5.681818
 14.394258 14.297568 13.4588585 0.94133896 0.9932828 8.539768 3.409091
 20.6101 20.553131 19.368484 0.9423617 0.9972359 9.193601 11.363636
 9.807098 9.988178 9.437089 0.9448258 1.0184641 9.240916 11.363636
 125.08793 132.10954 124.61627 0.94327986 1.0561335 9.098468 0.0
 57.855877 61.729717 58.442547 0.946749 1.0669568 9.176871 2.2727273
 16.523668 17.233315 16.61225 0.96396136 1.0429473 7.280205 7.9545455
 102.45457 107.14405 98.706184 0.9212474 1.0457714 9.051838 9.090909
 20.476286 20.25058 19.013414 0.9389072 0.9889772 8.105902 12.5
 7.1627274 7.1443596 6.6352324 0.9287372 0.9974356 9.085129 12.5
 5.4730973 2.6950502 1.9212866 0.71289456 0.49241772 9.100713 17.045454
 105.196434 89.59014 83.9337 0.9368632 0.8516462 9.171959 12.5
 100.124535 105.15762 96.43169 0.9170204 1.0502683 9.019808 11.363636
 62.86044 70.00784 65.98692 0.94256467 1.1137028 8.988791 1.1363636
 23.960936 24.413748 23.057146 0.9444329 1.0188979 9.180872 9.090909
 47.27871 50.993008 48.249023 0.946189 1.0785618 9.268339 1.1363636
 13.195789 11.037379 9.589796 0.8688472 0.8364319 9.043444 13.636364
 27.555773 28.94376 27.171654 0.93877417 1.0503701 9.1537285 4.5454545
 4.1051054 3.547465 3.105213 0.8753329 0.8641593 8.71905 14.772727
 4.001569 1.2726048 0.27302796 0.2145426 0.31802648 1.4029315 17.1875
 3.7802627 1.1249837 0.21439782 0.19057862 0.29759404 1.1257635 18.75
 93.9109 97.108315 88.5949 0.91233075 1.0340474 9.084398 2.2727273
 8.608903 6.8199167 6.213144 0.9110293 0.7921934 5.7834067 10.0
 46.694336 49.803955 46.79849 0.93965405 1.0665952 9.489455 0.0
 41.324272 46.036205 44.018234 0.95616555 1.1140234 9.375502 7.9545455
 22.446701 21.408764 19.893806 0.92923653 0.95375997 9.21284 10.227273
 21.127956 21.537521 20.184885 0.93719625 1.019385 9.23414 7.9545455
 15.574651 15.671499 14.478324 0.9238634 1.0062183 9.756275 9.090909
 94.863945 97.79517 92.372925 0.944555 1.0308993 8.899575 12.5
 6.853838 6.575335 5.9056654 0.89815426 0.95936537 9.074221 11.904762
 19.350945 18.857819 17.636276 0.9352236 0.9745167 8.147059 11.363636
 14.972332 16.538643 15.274196 0.92354596 1.1046137 5.9889717 7.8125
 8.121518 4.6042852 2.1310408 0.4628386 0.5669242 4.4782524 14.772727
 98.219734 101.33886 95.461426 0.9420021 1.0317566 9.152462 3.409091
 10.238833 7.769492 7.387906 0.95088667 0.7588259 5.785135 14.0625
 50.185078 53.565166 50.276985 0.9386135 1.0673524 8.89095 1.1363636
 15.425516 14.45238 13.473819 0.9322907 0.9369139 9.128097 11.363636
 1.8213165 0.53438073 0.1338889 0.25054964 0.29340357 3.259809 19.736841
 26.411943 28.371237 25.755714 0.9078108 1.074182 5.588486 6.6666665
 12.898329 11.182293 10.40054 0.9300901 0.8669567 8.003525 13.636364
 94.71259 64.92746 60.216335 0.9274402 0.6855208 9.076749 17.045454
 73.48143 77.33911 72.8893 0.9424637 1.0524987 9.174466 1.1363636
 32.902004 34.428333 31.527847 0.9157529 1.0463902 9.274807 10.227273
 114.780716 119.169495 111.95485 0.9394589 1.0382361 9.1514015 5.681818
 15.63137 11.994174 11.003179 0.917377 0.7673143 9.28348 17.045454
 60.39562 63.40096 60.47953 0.95392144 1.0497608 9.450098 3.409091
 20.649277 20.870407 19.50628 0.93463826 1.0107089 9.735925 7.9545455
 10.917949 8.396214 3.0848308 0.36740735 0.76902854 4.1874166 7.9545455
 13.471543 14.023844 13.1128025 0.9350363 1.0409975 9.37195 4.5454545
 46.969517 50.488544 47.538338 0.9415668 1.0749216 9.616713 2.2727273
 3.808136 0.9201673 0.17903183 0.19456443 0.24163195 2.3026047 18.181818
 113.58403 97.65224 87.50645 0.89610285 0.8597356 5.8415747 9.375
 6.334057 4.3671465 2.6715739 0.61174357 0.6894707 5.047535 15.909091
 106.520836 107.29094 100.17824 0.93370634 1.0072296 9.594127 3.409091
 39.10509 27.150757 22.938808 0.8448681 0.6943023 8.098907 3.409091
 24.24022 24.657152 23.451344 0.95109695 1.0172001 9.942548 5.681818
 55.052475 58.895664 55.338074 0.93959504 1.0698096 9.033952 1.1363636
 11.387869 9.779403 8.55332 0.874626 0.8587562 8.227324 14.772727
 6.1409364 1.6587956 0.27249187 0.16427091 0.27012095 1.7371786 17.045454
 71.48257 73.217674 68.660416 0.9377575 1.0242732 9.170081 10.227273
 86.43443 94.17521 90.642204 0.9624848 1.0895567 8.935964 3.409091
 10.842989 9.93967 9.241332 0.9297423 0.91669095 9.43279 15.909091
 82.53809 86.879105 81.94815 0.9432435 1.052594 9.1818495 4.5454545
 6.875639 1.8147869 0.46573883 0.25663555 0.26394448 2.5438144 15.909091
 2.8712368 0.7605151 0.17133933 0.22529379 0.26487368 2.1251774 15.476191
 18.893919 19.827368 18.336685 0.92481697 1.0494047 9.665545 13.636364
 9.611584 10.111953 9.666014 0.95589983 1.0520589 9.316809 8.333333
 8.89328 6.307756 5.4286423 0.8606297 0.7092722 8.827455 12.5
 129.7899 133.30013 124.657074 0.93516093 1.0270455 7.4158516 15.789474
 106.686554 111.80978 105.36984 0.9424028 1.0480213 9.203265 5.681818
 56.315044 61.207733 58.354607 0.9533861 1.0868807 9.07379 2.2727273
 7.9439654 6.4925723 5.5699644 0.85789794 0.81729615 6.0925083 10.294118
 30.878986 33.202087 31.355383 0.94437987 1.0752325 8.747045 7.9545455
 23.15407 22.745224 20.734335 0.9115907 0.98234236 9.039869 10.227273
 1.2178373 0.49845424 0.25349155 0.5085553 0.40929458 2.9014187 20.833334
 31.05227 31.6536 29.948301 0.9461262 1.0193651 9.49269 12.5
 28.817032 30.319727 28.15079 0.9284645 1.0521461 4.6513987 5.357143
 35.703285 36.666363 34.802174 0.949158 1.0269746 9.384401 6.818182
 36.73137 9.64436 6.8401947 0.70924306 0.26256466 7.316685 17.045454
 117.52274 108.77467 98.7923 0.9082289 0.92556274 6.245678 10.9375
 15.107559 16.281397 14.576784 0.895303 1.0776988 5.076 3.5714285
 22.09421 18.442917 15.636529 0.8478338 0.8347398 4.242889 8.333333
 98.354004 89.469284 78.33121 0.8755095 0.9096659 4.1330824 4.1666665
 1.0 40.53076 39.860188 36.926853 0.9264094 0.9834551 340.29797 9.429915 85.0
