 136.15555 139.00005 132.08739 0.9502686 1.0208915 9.353494 1.1363636
 10.321278 9.466031 8.359828 0.88313967 0.9171375 3.8397665 6.25
 2.4037454 1.0312269 0.31937256 0.30970156 0.42900833 2.3883917 19.047619
 15.478523 11.905927 11.11094 0.9332277 0.7691901 9.448721 13.636364
 11.496421 10.791791 10.088907 0.9348687 0.9387088 9.292021 9.090909
 9.701353 9.173729 8.677902 0.94595146 0.94561327 9.05324 10.227273
 1.6475344 0.41802633 0.11006468 0.26329604 0.25372845 2.5109444 23.529411
 147.67458 152.28964 142.23438 0.9339728 1.0312515 9.268686 9.090909
 3.0792472 0.78186226 0.13554476 0.17336144 0.25391343 1.7052783 17.857143
 1.3477814 0.32596648 0.10462741 0.32097596 0.24185412 3.148766 25.0
 138.37491 141.79703 134.06581 0.9454769 1.0247308 9.340085 1.1363636
 1.8411192 0.51772153 0.1606256 0.31025484 0.28119934 1.9188602 17.105263
 150.46487 160.29303 145.67035 0.9087753 1.0653186 4.5846415 1.9230769
 12.769409 11.024518 10.184608 0.92381436 0.86335385 7.951701 12.5
 1.0 45.911163 46.34404 43.093597 0.92986274 1.0094285 371.26038 11.966478 14.0
