 104.28832 106.08308 99.50395 0.93798137 1.0172096 7.9445324 7.894737
 27.53202 28.923069 27.342968 0.9453688 1.0505247 8.477374 0.0
 18.526823 17.40718 16.025307 0.9206147 0.9395664 10.154706 11.363636
 79.14842 82.45294 78.248276 0.94900525 1.0417509 8.8666725 5.952381
 58.880238 63.763664 60.442688 0.9479174 1.0829383 8.256322 5.263158
 14.437824 14.420524 13.32505 0.9240337 0.9988017 8.283127 6.818182
 15.067496 14.926958 13.746236 0.9209 0.99067277 7.6085258 12.5
 99.64852 102.86866 97.979614 0.9524729 1.0323149 9.619443 1.1363636
 26.377522 27.162489 25.756409 0.9482345 1.029759 9.46574 10.227273
 57.899487 61.718548 58.631237 0.9499775 1.0659603 9.361342 1.1363636
 18.86364 19.73069 18.668787 0.94618016 1.0459641 8.899779 5.681818
 9.059883 9.120145 8.153591 0.89401996 1.0066514 9.183905 13.636364
 99.45586 101.96636 93.81511 0.9200594 1.0252424 7.402709 1.3888888
 1.3581871 0.37626532 0.10369204 0.27558225 0.27703497 2.406813 19.117647
 85.238785 87.891235 75.93141 0.8639248 1.0311179 4.389128 4.1666665
 94.3843 98.48632 94.09264 0.95538795 1.0434608 9.536473 3.409091
 4.1838026 1.3879768 0.38259608 0.2756502 0.33175004 2.0829885 15.909091
 108.46605 113.285645 108.21431 0.9552341 1.0444342 9.552045 1.1363636
 19.327688 17.829046 16.067753 0.90121216 0.92246133 9.541576 11.363636
 16.975332 16.054169 14.799189 0.9218284 0.94573516 10.080667 12.5
 13.81051 14.362141 13.547012 0.94324464 1.0399429 9.673333 5.681818
 26.055243 24.962814 23.847792 0.9553327 0.9580726 9.311348 10.227273
 3.4432101 0.752476 0.1411871 0.18763004 0.21853907 1.028379 14.285714
 4.6701274 1.2086705 0.21507515 0.17794359 0.25880888 1.2970088 16.666666
 34.779232 32.93234 30.462185 0.9249931 0.9468966 6.231392 10.294118
 133.91483 139.40623 127.04688 0.911343 1.0410067 6.299466 1.4705882
 17.788511 15.804865 13.548901 0.85726136 0.8884873 3.685801 4.1666665
 22.189981 20.086214 17.323973 0.86248076 0.905193 5.229288 10.0
 1.0 43.42042 44.120384 40.97728 0.92876077 1.0161206 355.61194 7.978375 28.0
