 106.8478 109.511475 100.8896 0.92126966 1.0249296 6.2644773 0.0
 5.347748 3.7011182 3.3467839 0.9042629 0.6920892 7.564469 17.045454
 13.320235 12.242175 11.297932 0.92286956 0.919066 7.7340174 9.090909
 94.44159 97.74133 92.842186 0.9498764 1.0349394 8.925032 12.5
 18.903048 15.439717 14.034138 0.9089634 0.8167845 8.744208 12.5
 109.580246 110.47776 101.488976 0.9186372 1.0081905 6.2895436 0.0
 78.0692 81.741684 76.71849 0.9385479 1.0470414 8.601164 9.090909
 81.3588 64.199646 60.541786 0.9430236 0.7890929 7.8432918 18.181818
 80.95344 78.31214 72.77523 0.9292969 0.9673726 6.614075 2.9411764
 32.59648 14.098699 12.20617 0.86576575 0.43252215 7.372345 14.772727
 88.898796 91.08119 84.16216 0.9240345 1.0245492 8.8040285 3.409091
 107.71374 109.92294 100.52186 0.9144757 1.02051 6.277391 1.5625
 96.13644 98.18437 90.193886 0.91861755 1.0213023 6.2819953 7.8125
 90.934616 97.299065 92.87269 0.9545075 1.0699892 8.7347765 1.1363636
 94.35412 96.42064 89.35604 0.9267315 1.0219017 6.1382527 1.5625
 99.31607 100.16456 92.42906 0.9227721 1.0085433 6.2240086 3.125
 99.10232 98.976685 91.15699 0.9209945 0.9987323 6.2717257 0.0
 93.21837 96.57442 91.46049 0.9470467 1.036002 8.904306 1.1363636
 108.25614 108.04466 99.2486 0.9185886 0.9980465 6.232131 14.0625
 101.74852 101.598885 93.30984 0.91841394 0.9985294 6.2801642 0.0
 94.98648 95.4841 87.02589 0.91141754 1.0052389 6.218076 10.9375
 108.950386 110.592575 102.0426 0.92268944 1.0150728 6.235843 1.5625
 86.09487 90.81744 86.136185 0.94845426 1.0548531 8.62536 3.409091
 88.75314 64.43095 60.539062 0.9395961 0.72595674 8.741503 18.181818
 92.645386 87.86919 80.915825 0.92086685 0.94844645 6.5136547 8.823529
 100.80208 103.631386 96.37072 0.9299376 1.028068 8.767496 13.636364
 13.197737 12.601568 11.274123 0.8946603 0.95482796 11.211672 10.227273
 10.816759 8.700774 7.258141 0.83419484 0.80437905 8.545789 12.5
 94.8573 94.94412 87.513504 0.92173696 1.0009153 6.3447 3.125
 5.941513 5.151229 4.853974 0.94229436 0.86698943 9.000823 15.277778
 100.72349 99.31285 94.18114 0.94832784 0.98599494 8.81403 9.090909
 103.510025 104.73629 96.45413 0.9209237 1.0118468 6.255913 1.5625
 106.256485 109.16932 100.86688 0.923949 1.0274132 6.295912 1.5625
 89.58557 94.719376 89.71071 0.947121 1.0573062 8.882209 1.1363636
 3.177158 0.9878249 0.3908498 0.3956671 0.3109146 5.5202065 15.476191
 98.847244 100.676056 93.029015 0.9240431 1.0185014 6.287135 1.5625
 97.187935 100.38657 91.72385 0.91370636 1.0329119 5.163709 1.7857143
 88.71498 89.77535 84.39537 0.94007283 1.0119525 9.063923 3.409091
 2.9751406 0.96745336 0.42508098 0.43938136 0.32517904 3.4228253 15.476191
 96.59447 101.376175 95.97318 0.94670355 1.0495028 8.913534 1.1363636
 99.94809 104.316475 98.6694 0.945866 1.0437065 8.975517 7.9545455
 97.893906 100.01982 92.973785 0.9295536 1.0217166 8.8949585 11.363636
 110.7683 112.0545 102.78699 0.9172946 1.0116116 6.3894386 1.5625
 93.858376 98.09301 93.168434 0.9497968 1.0451174 8.923573 1.1363636
 103.11249 104.20353 97.324104 0.9339809 1.0105811 7.0596657 1.3888888
 12.658631 11.9991455 11.361523 0.94686097 0.94790226 9.087519 5.681818
 104.45574 104.51935 96.35247 0.92186254 1.0006089 6.335863 0.0
 107.34918 109.9917 101.30886 0.9210592 1.0246161 6.2738523 9.375
 101.011856 105.98052 100.05012 0.9440425 1.049189 9.035986 1.1363636
 1.3258923 0.24456103 0.13658153 0.5584762 0.18445013 6.033042 23.333334
 88.96019 91.42046 84.25014 0.9215676 1.027656 6.2561297 0.0
 117.08419 123.002304 114.1272 0.9278461 1.0505458 6.2837954 1.5625
 101.53299 100.68831 92.601006 0.9196798 0.99168074 6.1916404 3.125
 96.050674 98.194176 91.242134 0.929201 1.0223163 8.709 7.9545455
 85.24675 86.788475 80.00947 0.92189044 1.0180855 6.2424574 9.375
 100.15743 98.24337 91.89285 0.93535936 0.9808895 7.3468328 14.473684
 96.85098 100.08961 92.46853 0.9238574 1.0334393 6.362647 1.5625
 101.229774 101.97886 92.494705 0.9069989 1.0073998 6.1422176 4.6875
 94.71347 99.55558 94.556755 0.9497886 1.0511237 8.825932 1.1363636
 107.10343 108.04877 99.675125 0.92250127 1.0088264 6.1817665 14.0625
 17.031534 14.607458 12.938007 0.8857124 0.8576713 6.61604 10.227273
 4.9325056 3.8617175 3.465291 0.8973445 0.7829119 11.695475 13.095238
 100.18553 101.09604 93.17359 0.92163444 1.0090883 6.2624097 9.375
 15.515854 13.887159 12.105857 0.87173027 0.8950303 8.248145 10.227273
 18.285276 5.5199485 1.2077496 0.21879727 0.3018794 1.7436403 13.636364
 13.394016 12.03995 11.832749 0.9827905 0.89890516 8.2640705 9.090909
 113.05955 117.192856 108.10299 0.9224367 1.0365586 6.2368646 0.0
 88.585464 87.72876 80.74087 0.9203466 0.9903291 5.6784315 10.0
 97.69462 99.36291 91.31117 0.9189664 1.0170766 6.2841697 1.5625
 90.27625 94.21771 86.94585 0.9228185 1.0436599 5.6390986 1.6666666
 8.248443 6.0196652 4.6676197 0.7753953 0.72979414 7.196147 9.090909
 16.360537 16.563091 14.554979 0.87875986 1.0123807 9.038803 9.090909
 11.25263 11.589055 10.020544 0.86465585 1.0298975 6.4349856 11.363636
 12.884675 12.023536 11.216347 0.932866 0.9331656 4.946759 8.823529
 107.3591 110.34903 101.82641 0.9227667 1.0278498 6.2227383 10.9375
 100.91585 105.93057 98.610466 0.9308972 1.0496922 6.287384 1.5625
 105.32334 109.69887 100.666466 0.91766185 1.0415438 6.262051 10.9375
 92.039185 96.22486 91.58462 0.95177704 1.045477 8.91937 3.409091
 95.19008 94.74069 86.67476 0.91486305 0.9952791 6.2403708 3.125
 88.41739 91.932976 86.34844 0.9392543 1.0397613 8.943679 5.681818
 7.4687095 4.7860603 4.047533 0.845692 0.6408149 8.830766 17.045454
 13.148205 12.309259 11.599885 0.9423707 0.93619317 8.487205 10.227273
 13.8012295 12.498234 11.393391 0.9116001 0.9055884 7.8070993 6.818182
 87.10323 89.114944 82.57647 0.92662877 1.0230957 6.284142 1.5625
 108.86784 111.16896 101.76247 0.91538566 1.0211368 5.7370353 1.6666666
 103.245415 106.0267 97.95794 0.9238988 1.0269386 8.781452 1.1363636
 99.37065 101.442345 93.309944 0.9198323 1.020848 6.303638 1.5625
 13.764602 11.789145 10.8584 0.92105067 0.85648286 8.740161 10.227273
 97.92893 99.23062 93.98635 0.94715065 1.0132922 8.965317 12.5
 97.60384 97.97026 89.89827 0.9176077 1.0037541 6.261927 0.0
 96.0439 96.9018 88.95586 0.918 1.0089324 6.1408787 14.0625
 99.124275 95.30814 87.437935 0.91742355 0.96150154 6.226886 1.5625
 9.167555 6.6593904 5.551074 0.83357084 0.7264086 11.181902 12.5
 98.02254 99.33843 91.329384 0.91937613 1.0134244 6.35407 1.5625
 11.103822 7.9161253 6.441199 0.81368077 0.71291894 6.327362 12.5
 95.50439 97.37613 89.22492 0.91629153 1.0195986 6.2554193 7.8125
 96.01367 99.24806 92.46789 0.9316846 1.0336868 6.1164536 1.5625
 104.88624 108.32808 99.826744 0.9215223 1.032815 6.2821636 0.0
 96.77102 102.41163 91.906235 0.89741987 1.0582882 4.724551 0.0
 90.089615 94.26526 89.42696 0.94867367 1.0463499 8.88298 13.636364
 94.41965 95.13489 87.54087 0.9201763 1.0075752 6.201912 1.5625
 111.65179 114.53701 105.546394 0.92150474 1.0258412 6.253452 1.5625
 94.61587 97.45602 91.31916 0.9370295 1.0300177 8.770982 3.409091
 98.52205 100.326035 93.920265 0.93615043 1.0183105 7.3687763 1.3157895
 93.66541 96.85951 91.13132 0.94086075 1.0341011 8.391427 9.523809
 105.98248 106.38597 94.800285 0.8910976 1.0038072 5.1620984 1.7857143
 100.81264 103.69582 92.76865 0.8946228 1.0285994 5.2966466 14.285714
 98.94653 102.29359 95.51508 0.93373483 1.0338268 7.839291 6.25
 10.669836 10.774528 9.809664 0.91044956 1.0098119 6.6442804 6.25
 97.48171 97.129875 87.39559 0.8997808 0.9963907 5.113086 7.142857
 102.61181 100.93336 89.605774 0.8877716 0.98364276 5.2069016 1.7857143
 94.700966 99.07712 92.798584 0.93662983 1.0462103 7.8219223 8.75
 99.6053 104.08859 95.63573 0.91879165 1.0450106 7.2989316 1.3157895
 98.95921 94.30086 81.48341 0.86407924 0.95292646 4.513911 5.769231
 94.45361 93.91045 83.32804 0.88731384 0.9942494 4.5590153 0.0
 99.70224 92.78371 85.78249 0.92454267 0.93060803 6.7435274 6.9444447
 17.416182 13.009156 11.461803 0.88105667 0.746958 5.4194975 11.111111
 100.23103 103.31486 95.258194 0.9220183 1.0307672 6.8536434 6.9444447
 105.059715 97.62508 85.06649 0.87135905 0.92923415 4.1469607 2.0833333
 88.59322 84.483665 77.10765 0.91269296 0.9536132 6.1534605 11.764706
 108.23818 103.63679 92.87517 0.89616024 0.9574883 4.2776823 0.0
 103.757996 107.48686 99.11387 0.92210215 1.0359381 5.940394 1.5625
 104.65967 96.29937 84.83434 0.8809439 0.9201192 3.7369308 6.25
 12.646867 10.56063 9.596377 0.9086936 0.83503926 5.0540047 3.3333333
 87.40859 92.9603 84.32389 0.9070958 1.0635144 4.0304933 2.0833333
 1.0 78.14258 78.39389 72.282845 0.9220469 1.0032161 534.27783 6.434525 125.0
