 22.9186 22.78725 21.67916 0.9513724 0.99426883 8.934926 3.409091
 112.270905 113.82141 108.70484 0.9550474 1.0138105 9.27773 5.681818
 118.234245 123.8856 117.76524 0.95059675 1.0477979 7.6730514 2.631579
 28.05805 27.60297 26.399313 0.95639396 0.98378074 8.095409 4.5454545
 102.172585 102.16541 96.14669 0.94108844 0.9999297 9.749442 3.409091
 97.23306 102.7363 96.99057 0.944073 1.0565984 7.407124 0.0
 12.553175 10.519057 6.171276 0.58667576 0.8379599 2.7027397 11.363636
 86.73625 91.75424 86.86548 0.946719 1.0578535 7.9588885 1.3157895
 9.904545 6.49876 5.759996 0.88632226 0.65613925 3.8443797 12.5
 23.284882 23.159248 22.230566 0.9599002 0.9946045 9.151046 5.681818
 106.18503 107.51172 102.21875 0.95076853 1.0124941 9.259334 11.363636
 91.02799 93.2428 84.26452 0.9037108 1.024331 8.676669 3.75
 1.1563282 0.23018095 0.068400756 0.2971608 0.19906195 4.2361293 29.166666
 52.930508 47.812687 45.30071 0.9474621 0.90331054 9.436123 14.772727
 14.478535 12.740385 4.794251 0.37630343 0.87994987 3.6242132 5.681818
 30.768913 30.686308 28.908302 0.9420586 0.99731535 9.592759 4.5454545
 93.5559 95.21417 88.97322 0.9344536 1.0177249 9.106264 4.5454545
 109.40931 113.478065 106.41599 0.9377671 1.0371884 6.269274 1.5625
 93.29309 95.19652 91.17902 0.9577979 1.0204027 9.182687 3.409091
 111.93089 111.80222 106.31469 0.9509175 0.99885046 8.320959 5.0
 1.1537745 0.16604485 0.023720693 0.14285715 0.14391448 1.2857143 23.214285
 8.56849 6.661706 4.2411184 0.63664144 0.7774656 4.759284 15.909091
 11.736648 8.322386 6.200617 0.7450529 0.70909387 4.638585 13.636364
 105.377174 103.57774 98.05937 0.9467224 0.98292387 9.063972 6.818182
 14.328398 14.427493 13.631978 0.9448611 1.0069159 9.045621 6.818182
 62.246635 52.45748 44.636696 0.8509119 0.842736 8.121417 9.090909
 107.61382 107.014114 100.370224 0.9379157 0.99442726 9.257622 10.227273
 8.802186 6.232787 5.7619996 0.924466 0.70809543 6.6215396 14.0625
 72.804665 48.82191 44.901886 0.9197077 0.67058766 8.608451 17.045454
 109.66715 110.548744 105.70122 0.95615035 1.0080388 9.096668 7.9545455
 11.59343 8.421305 7.6879 0.91291076 0.726386 9.091499 19.318182
 60.078037 46.773064 44.075623 0.94232917 0.7785385 8.930882 14.772727
 2.1986926 0.4032618 0.09246829 0.22930089 0.18340982 1.3311105 23.214285
 93.73597 93.31709 89.08567 0.9546554 0.9955313 9.321708 14.772727
 95.917595 98.38193 92.146065 0.93661577 1.0256922 6.2176633 1.5625
 108.808044 112.06658 106.88257 0.9537416 1.0299476 8.824391 3.5714285
 98.53207 97.15115 92.36693 0.95075476 0.98598516 9.147716 5.681818
 51.042553 52.808167 42.785233 0.81020105 1.0345911 7.9721417 1.1363636
 110.952194 110.59797 105.899666 0.95751905 0.99680746 9.1810255 1.1363636
 102.548706 100.91743 95.40732 0.9453999 0.98409265 9.243487 3.409091
 15.823406 12.158991 9.720692 0.79946536 0.7684181 11.4092245 14.772727
 89.09497 91.62804 87.80711 0.95829964 1.0284312 9.509873 10.227273
 20.05708 14.900188 13.023598 0.8740559 0.7428893 8.717936 13.636364
 13.212072 11.580021 10.610177 0.9162485 0.8764727 7.815417 15.909091
 97.79196 84.73087 80.529724 0.95041776 0.86644006 8.755301 9.523809
 23.876131 23.8094 22.161446 0.9307856 0.99720514 9.616147 12.5
 101.0632 103.17709 97.739586 0.94729924 1.0209166 8.573883 5.952381
 112.36697 112.738014 107.82128 0.956388 1.0033021 9.181241 3.409091
 14.148987 14.442277 13.434894 0.9302476 1.0207287 9.8993635 2.2727273
 112.58212 110.10778 104.70666 0.950947 0.97802186 9.15576 3.409091
 5.5163608 1.022405 0.23996267 0.23470412 0.18534048 2.244428 20.238094
 63.74222 64.40561 60.05669 0.9324761 1.0104073 8.819389 6.818182
 104.65531 105.34129 98.563446 0.93565816 1.0065547 9.350345 4.5454545
 97.23904 97.77411 91.60106 0.9368642 1.0055026 9.217559 3.409091
 110.02426 110.72407 105.595055 0.9536775 1.0063605 9.188875 3.409091
 2.9626641 1.0217968 0.42560947 0.41653043 0.3448912 4.22899 25.0
 19.48969 18.598866 16.687754 0.8972458 0.9542925 9.410738 7.9545455
 86.387344 85.25541 81.24234 0.9529289 0.98689693 9.336909 3.409091
 104.62635 107.06199 101.01995 0.9435651 1.0232794 9.096556 3.409091
 94.35618 95.190605 89.97511 0.94521 1.0088434 9.25793 6.818182
 120.2275 120.8799 113.973854 0.9428686 1.0054263 6.799122 10.294118
 113.92169 115.68916 110.29246 0.9533517 1.0155147 9.37325 2.2727273
 69.11728 76.11943 75.09243 0.986508 1.1013082 9.382034 4.5454545
 71.98439 64.297874 56.303295 0.8756634 0.8932197 9.408233 3.409091
 20.491577 18.74229 17.808275 0.9501654 0.91463387 9.220653 12.5
 9.071539 5.3022556 3.9662719 0.74803483 0.5844935 5.5401087 17.045454
 19.77776 15.640551 14.349878 0.9174791 0.7908151 7.4557123 13.636364
 48.28784 31.626753 12.228577 0.38665292 0.654963 4.2914405 12.5
 2.188464 0.55692786 0.12388004 0.22243464 0.25448346 2.1895087 17.045454
 93.8709 95.904205 87.03266 0.90749574 1.0216606 3.9875443 2.0833333
 97.98425 99.60697 95.43753 0.958141 1.016561 9.311207 2.2727273
 12.654089 10.122029 8.859336 0.87525296 0.79990184 7.577662 12.5
 112.96417 114.35946 107.88679 0.9434006 1.0123516 8.02136 1.3157895
 105.646065 107.03922 102.017975 0.95308965 1.013187 9.363182 3.409091
 94.00418 94.972626 89.314186 0.9404204 1.0103021 9.198869 6.818182
 9.974057 3.5712261 0.7067923 0.19791305 0.3580515 2.3592844 18.181818
 93.99628 95.236496 90.96299 0.9551275 1.0131943 9.20549 1.1363636
 17.153313 14.954081 12.806925 0.85641676 0.8717897 8.224109 12.5
 50.27081 36.279415 28.960344 0.79825824 0.72167957 6.9054527 9.090909
 117.571304 123.76069 116.92884 0.944798 1.0526437 8.101197 1.3157895
 100.00384 99.376205 92.94465 0.9352808 0.99372387 9.133113 3.409091
 106.13906 110.02024 103.58889 0.94154394 1.036567 8.98133 4.5454545
 93.50678 95.153145 89.693855 0.94262624 1.0176069 9.159735 3.409091
 13.909225 13.596051 13.00738 0.95670277 0.9774844 9.029501 11.363636
 101.56487 102.08951 97.51887 0.95522904 1.0051656 9.103811 6.818182
 103.17869 111.250084 106.41772 0.956563 1.0782274 9.2227745 10.227273
 105.98977 108.45763 103.46805 0.95399517 1.023284 9.443384 3.409091
 22.042078 22.701397 21.092016 0.9291065 1.0299119 5.593356 8.333333
 104.36009 107.045494 102.73974 0.9597764 1.0257322 9.222341 2.2727273
 21.477201 20.446358 18.654291 0.9123528 0.9520029 8.55399 10.227273
 95.27468 78.22554 74.0543 0.94667673 0.82105273 9.252659 17.045454
 108.72789 110.78836 105.88501 0.9557413 1.0189507 9.29308 3.409091
 19.016405 17.846966 16.66158 0.93358046 0.9385037 7.7473707 13.157895
 10.762555 9.29714 7.5528054 0.8123794 0.86384135 7.4562736 13.636364
 10.750033 5.1689057 2.5951953 0.50207824 0.48082697 3.8780532 13.235294
 12.546678 10.424027 9.055989 0.8687611 0.83081967 9.947998 10.227273
 10.934545 10.059234 7.626076 0.758117 0.91994995 7.9664445 7.9545455
 96.095406 96.70431 91.825035 0.9495444 1.0063365 9.396701 7.9545455
 10.77344 6.2816095 5.73125 0.9123855 0.5830644 8.955252 13.636364
 10.373427 8.710206 7.8630214 0.90273654 0.8396652 8.145361 12.5
 96.55311 97.92207 92.6253 0.94590825 1.0141784 9.141312 3.409091
 102.9834 108.918755 99.88242 0.9170361 1.0576341 4.507491 0.0
 32.4292 32.077538 30.448477 0.94921494 0.989156 9.53004 6.818182
 101.8015 103.77109 99.10802 0.9550638 1.0193474 9.262529 7.9545455
 92.43288 92.0861 87.43018 0.9494395 0.9962483 9.259151 3.409091
 15.044509 10.512196 9.484571 0.90224457 0.6987397 8.340172 11.842105
 11.159978 9.666701 4.273445 0.44207895 0.8661936 4.961716 13.636364
 114.18054 119.58901 107.44105 0.898419 1.0473677 5.3099546 1.7857143
 11.263193 2.6535234 0.5990233 0.22574636 0.23559245 2.4934628 13.75
 113.631035 117.308 107.59008 0.91715896 1.0323588 6.1819015 9.375
 89.48295 89.6532 80.708084 0.90022534 1.0019026 5.866108 1.6666666
 15.948782 12.17688 10.932356 0.89779615 0.763499 7.446389 7.352941
 90.294914 84.6671 76.53832 0.9039914 0.93767285 5.3018847 8.928572
 107.88865 103.2709 96.17887 0.93132603 0.95719886 6.6631393 2.9411764
 14.391752 11.158749 7.505351 0.67259794 0.7753572 3.686516 13.235294
 118.699036 116.13925 107.983665 0.9297775 0.9784346 6.578974 7.352941
 2.0277364 1.4303021 1.2983236 0.9077269 0.7053689 6.373885 25.0
 29.80487 28.37629 25.29723 0.89149183 0.95206887 5.593596 7.8125
 109.78163 105.12378 93.762665 0.8919263 0.9575716 5.8587027 12.5
 87.8184 87.3591 78.93157 0.90353006 0.99476993 5.993812 1.5625
 16.656494 15.075612 12.648191 0.8389836 0.9050892 5.8733683 1.6666666
 100.27456 95.645836 85.622025 0.89519864 0.95383954 5.380281 8.333333
 9.668199 6.1848288 5.6680255 0.9164402 0.63970846 4.571264 17.857143
 106.60055 100.49584 88.23913 0.87803763 0.94273293 4.8203015 5.357143
 109.15103 100.82104 88.52348 0.8780259 0.9236838 4.7248545 3.5714285
 110.670616 110.49053 98.86747 0.8948049 0.9983728 4.735108 1.7857143
 105.719536 102.91798 91.32228 0.8873307 0.9735001 4.633584 7.142857
 105.83107 100.42752 89.93061 0.8954777 0.9489418 4.1165333 5.769231
 99.32045 88.86018 79.563644 0.89538014 0.8946817 3.901731 8.333333
 102.880066 91.69838 82.21471 0.89657754 0.8913134 3.809948 4.1666665
 1.0 65.44462 63.94127 59.259377 0.92677826 0.97702867 508.0588 8.379016 130.0
