 13.471522 10.73654 9.823894 0.91499627 0.79698044 9.793065 13.636364
 14.729544 11.262444 9.036425 0.8023503 0.7646159 9.472682 12.5
 13.610317 9.19749 7.8424735 0.8526754 0.6757734 5.673076 10.0
 18.074162 16.228848 15.434466 0.95105124 0.8979032 9.369637 10.227273
 28.977797 29.490332 28.008936 0.94976676 1.0176871 9.407619 11.363636
 12.991031 12.56393 11.830507 0.9416247 0.9671234 10.371714 12.5
 28.810038 28.257717 26.366844 0.9330847 0.9808289 9.672427 5.681818
 13.629629 11.128676 10.342632 0.9293677 0.81650615 9.171602 10.227273
 15.678666 15.074628 14.124469 0.93696964 0.9614739 9.118009 7.9545455
 16.518503 14.406832 13.393207 0.9296428 0.87216324 10.050675 15.909091
 16.512938 14.438214 12.724666 0.8813185 0.8743577 9.184186 10.227273
 8.95856 6.8853197 6.3813844 0.9268102 0.76857436 9.387986 10.227273
 10.6476345 9.648065 8.04188 0.83352256 0.9061228 9.421472 3.409091
 17.24572 11.341993 7.6475396 0.67426765 0.6576701 8.501392 12.5
 14.895495 14.648191 13.652605 0.9320335 0.9833974 9.097805 3.409091
 22.462902 16.011797 14.690858 0.91750216 0.7128107 3.621326 12.5
 19.031591 17.110533 15.3621235 0.8978168 0.8990595 3.8997822 14.583333
 17.098568 15.919288 14.536396 0.91313106 0.93103045 9.224224 12.5
 30.17255 25.958824 24.230536 0.9334219 0.8603457 7.415314 12.5
 12.832338 9.5259495 8.56853 0.8994936 0.7423394 10.3118305 14.772727
 14.571378 10.374744 8.173546 0.78783107 0.71199477 7.786887 12.5
 11.939932 7.7806473 6.4524307 0.8292923 0.65164924 10.018854 10.227273
 58.335175 55.7699 52.643867 0.9439476 0.95602524 9.929997 1.1363636
 24.670198 19.612663 18.537048 0.9451571 0.7949941 9.49905 4.5454545
 28.04503 26.69661 25.199095 0.9439061 0.95191944 9.55369 11.363636
 10.613394 8.326546 7.4187 0.8909697 0.78453195 8.67753 12.5
 29.31217 26.77805 24.518402 0.9156156 0.91354716 7.8457017 13.75
 30.466295 31.521124 30.018438 0.95232767 1.0346228 9.884262 2.2727273
 18.755217 15.927501 14.4051695 0.90442115 0.8492304 9.332695 13.636364
 36.11855 36.026123 33.367805 0.9262114 0.99744093 10.631805 12.5
 15.799737 11.980859 10.4449 0.8717989 0.7582948 9.992817 13.636364
 17.938074 11.2140255 10.176863 0.90751207 0.6251521 5.073124 15.625
 21.238169 19.888714 18.32058 0.9211546 0.9364608 9.242553 5.681818
 17.329218 11.734301 7.97661 0.6797687 0.6771397 3.9899037 12.5
 4.7449136 1.6978261 0.7949824 0.46823546 0.35782024 6.8811846 18.181818
 34.362328 33.992847 30.802515 0.90614694 0.98924756 3.9382708 6.25
 27.964558 30.100288 28.785257 0.95631164 1.0763729 8.710675 3.409091
 17.650291 13.400424 12.115148 0.9040869 0.7592183 11.464756 6.818182
 15.858686 13.521559 12.47575 0.92265624 0.85262793 9.483369 11.363636
 33.068474 34.04694 32.135338 0.9438539 1.0295892 9.359128 2.2727273
 95.57639 101.246254 93.44383 0.92293614 1.0593228 6.513294 1.4705882
 9.634542 5.8333755 4.041271 0.69278437 0.6054647 7.086044 13.636364
 13.105429 5.170259 3.800418 0.7350537 0.39451277 7.2267666 15.909091
 112.260635 110.602 104.084435 0.94107187 0.98522514 9.523136 1.1363636
 11.21788 10.218477 9.694369 0.94870985 0.9109098 7.3691015 9.210526
 32.398167 28.596989 26.30337 0.9197951 0.882673 9.279138 7.9545455
 12.797401 12.32801 11.703591 0.94934964 0.9633213 9.422253 14.772727
 30.892746 28.451279 26.778725 0.9412134 0.9209696 9.853061 11.363636
 49.812325 49.139393 45.76053 0.9312392 0.9864906 7.6366735 1.3157895
 10.170075 9.48425 8.700925 0.9174079 0.9325643 10.166418 7.9545455
 13.836005 8.193974 5.891924 0.7190558 0.592221 8.316584 18.181818
 31.562946 25.851524 23.724974 0.9177398 0.8190466 9.62774 6.818182
 21.770359 17.100237 15.828677 0.9256408 0.7854825 9.61684 13.636364
 20.447903 17.776821 16.556759 0.9313678 0.86937135 9.226428 6.818182
 14.623347 12.853899 11.996041 0.9332609 0.87899846 9.513286 12.5
 112.150986 110.24507 99.35523 0.9012215 0.9830058 4.5106673 5.769231
 21.50995 17.147781 15.595886 0.90949875 0.7972023 9.649402 13.636364
 48.126545 30.169401 28.057938 0.93001306 0.62687653 9.036957 17.045454
 59.338932 58.7936 54.447395 0.92607695 0.9908098 10.43892 1.1363636
 28.95294 27.946049 25.916315 0.92736953 0.9652232 9.891859 4.5454545
 54.174664 53.421543 50.33489 0.9422208 0.9860983 9.448266 1.1363636
 20.56915 17.36451 16.561308 0.95374465 0.84420156 9.990895 10.227273
 39.252075 35.425533 33.44979 0.94422835 0.9025136 9.142919 12.5
 22.251759 22.53006 21.012043 0.9326226 1.012507 9.3934355 4.5454545
 34.163506 32.74146 31.005444 0.94697803 0.95837533 9.608349 5.681818
 10.608594 6.9872055 6.2442102 0.89366347 0.65863633 6.9344616 11.764706
 38.904865 35.11748 33.089245 0.9422442 0.9026502 9.157432 9.090909
 15.906184 11.471984 9.478262 0.8262094 0.72122794 10.984766 12.5
 24.022211 22.46742 21.136456 0.9407602 0.935277 9.6744585 7.9545455
 7.796288 3.8632011 2.2349222 0.5785156 0.495518 2.720754 11.363636
 12.083239 6.557392 5.2660832 0.80307585 0.542685 8.39196 15.909091
 3.4222758 0.999263 0.41021207 0.4105146 0.29198787 3.648608 20.0
 31.10344 28.23424 26.487448 0.9381321 0.907753 9.511386 11.363636
 39.396286 38.199368 35.139507 0.9198976 0.96961856 6.488189 4.4117646
 18.33655 14.254139 13.26404 0.93053955 0.7773621 9.666333 12.5
 24.745863 24.411623 22.956562 0.9403948 0.9864931 9.616984 6.818182
 13.544801 10.643576 6.590799 0.6192279 0.7858052 6.412721 10.227273
 34.10623 32.393585 30.790327 0.95050687 0.94978493 9.453283 7.9545455
 11.881833 11.360304 10.574479 0.93082714 0.95610696 9.648373 12.5
 11.170359 6.79173 1.9056325 0.28058133 0.60801363 3.2981472 18.181818
 23.772821 23.540804 22.28234 0.94654113 0.99024016 9.666512 13.636364
 17.180826 16.785997 15.886903 0.9464378 0.97701925 9.46174 3.409091
 23.707035 21.361917 19.474062 0.9116252 0.90107924 8.838639 3.409091
 8.444275 6.870239 6.6007104 0.9607687 0.81359726 10.422583 14.772727
 42.93435 39.898872 37.39546 0.93725604 0.92929953 9.740275 4.5454545
 91.039795 76.317116 71.21341 0.9331251 0.838283 9.452247 12.5
 24.25378 22.450785 19.967031 0.88936895 0.92566127 9.243575 9.090909
 15.686481 14.08045 12.760861 0.90628225 0.8976168 9.680109 13.636364
 58.29672 59.96636 56.962082 0.94990057 1.0286404 9.254432 2.2727273
 3.765778 1.535641 0.80832005 0.5263731 0.4077885 4.568142 18.181818
 12.572732 8.442753 7.6891384 0.91073835 0.67151296 9.8645 15.909091
 35.09606 32.006462 29.343668 0.9168045 0.91196734 8.533527 5.681818
 21.136406 19.42575 18.262934 0.9401405 0.9190659 9.444645 14.772727
 15.078695 13.0307455 11.76805 0.9030988 0.8641826 8.500423 11.363636
 20.15428 17.104273 16.186768 0.9463581 0.848667 9.098171 7.9545455
 37.538166 33.906452 31.244125 0.92148024 0.9032527 9.6790695 5.681818
 42.560917 40.76385 38.75175 0.95064 0.9577766 9.738592 5.681818
 12.8268385 11.616557 10.780921 0.928065 0.90564466 9.322395 10.227273
 18.044626 15.378679 13.91375 0.90474284 0.85225815 9.932565 11.363636
 11.976926 7.906348 7.1205425 0.9006108 0.6601317 9.21974 13.636364
 15.049741 8.115325 6.6788044 0.82298666 0.5392335 7.5945354 17.045454
 19.557016 17.55991 16.500084 0.9396452 0.89788276 9.628902 14.772727
 77.931915 52.601376 47.488247 0.9027948 0.6749658 9.210149 13.636364
 15.610302 13.370092 12.24254 0.9156661 0.8564916 9.986208 13.636364
 30.083403 29.808022 28.417465 0.9533496 0.99084616 8.689006 5.681818
 17.282398 15.058275 13.557524 0.9003371 0.8713071 9.656748 12.5
 0.6197658 0.29169425 0.11696702 0.40099186 0.47065237 2.0695322 32.142857
 26.228611 26.342113 25.005121 0.9492451 1.0043274 10.183494 4.5454545
 22.903528 21.561712 20.09348 0.9319055 0.9414145 8.993785 10.227273
 13.685793 11.071354 10.38248 0.9377787 0.80896693 8.363747 17.045454
 36.379646 34.42618 32.366764 0.9401788 0.9463033 9.238985 12.5
 17.945671 16.747833 15.702291 0.93757147 0.9332519 9.4289465 3.409091
 13.009608 9.356941 8.351686 0.8925658 0.7192331 9.658424 10.227273
 12.879564 11.0621395 10.050494 0.90854883 0.85889083 9.541264 5.681818
 9.557185 8.588387 8.139302 0.9477103 0.89863145 9.794628 10.227273
 59.477272 55.70925 51.773693 0.9293554 0.9366478 9.499695 5.681818
 26.305899 25.921038 24.69886 0.9528499 0.9853698 9.845377 13.636364
 20.96799 19.47036 18.277718 0.9387458 0.9285754 9.611779 12.5
 12.765112 8.896219 8.217855 0.92374694 0.6969167 9.462365 13.636364
 16.32632 14.70619 13.868299 0.9430246 0.9007657 9.952021 7.9545455
 41.44551 42.26293 39.566082 0.93618876 1.0197228 10.246848 10.227273
 13.451203 12.708868 11.870058 0.93399805 0.94481266 9.760709 7.9545455
 7.376923 3.4639034 2.1923485 0.6329127 0.4695594 8.115459 14.772727
 11.443009 11.081402 10.388099 0.93743545 0.96839935 10.89511 10.227273
 11.719878 10.904034 10.168716 0.9325647 0.9303879 9.127994 9.090909
 8.391613 6.7633495 2.5985582 0.38421172 0.80596536 4.299768 13.095238
 44.853455 45.920055 43.604412 0.94957227 1.0237797 9.919889 13.636364
 42.895947 42.790627 40.362404 0.94325346 0.99754477 9.407709 1.1363636
 35.33492 34.91238 32.86058 0.94123 0.98804194 9.5887575 1.1363636
 14.655886 11.107016 9.587235 0.8631693 0.7578536 8.883089 14.772727
 32.556454 30.20529 28.058458 0.9289253 0.92778194 9.449386 5.681818
 21.187634 11.5271635 9.5862665 0.8316241 0.54405147 10.175853 17.045454
 11.753495 9.352432 8.184338 0.8751025 0.79571503 7.9541187 12.5
 31.968155 30.352564 28.641813 0.9436374 0.94946253 9.799361 10.227273
 21.555931 19.915768 18.33307 0.9205305 0.9239113 9.378493 9.090909
 38.72688 36.02499 33.592995 0.9324914 0.9302323 9.675699 11.363636
 1.479834 0.37264955 0.061637636 0.16540375 0.2518185 1.6005043 22.222221
 21.657894 17.252394 16.146442 0.9358958 0.7965868 8.509883 12.5
 4.713387 1.5999571 0.33375978 0.20860547 0.33944955 1.8319572 13.888889
 17.226105 13.34517 10.3451605 0.7751988 0.7747062 5.0183153 14.285714
 7.9494133 1.9460052 0.66722846 0.34287083 0.24479859 3.0358968 15.909091
 10.532738 4.2459493 3.2497754 0.7653825 0.40311924 2.9712973 14.285714
 42.92097 42.6867 40.274105 0.9434814 0.99454176 9.14271 11.363636
 2.711834 0.65275455 0.17706235 0.2712541 0.24070594 2.6492257 17.045454
 17.442247 11.365317 10.4500065 0.9194646 0.65159714 9.576496 18.181818
 10.550364 4.0585675 2.8368518 0.69897854 0.3846851 7.4471 15.909091
 65.61551 59.643078 55.842846 0.93628377 0.90897834 9.396416 10.227273
 25.51342 25.307575 24.138344 0.9537992 0.99193186 8.876247 3.409091
 2.2630532 0.66693777 0.117336795 0.17593364 0.29470706 1.4131606 17.045454
 13.44424 11.500745 10.588807 0.9207062 0.8554403 8.94391 13.636364
 52.433243 50.51435 47.58936 0.9420958 0.96340317 9.40734 4.5454545
 1.9753593 0.7729122 0.12678713 0.1640382 0.39127675 1.4698778 20.833334
 13.140757 8.896863 8.427694 0.94726586 0.67704344 9.688532 17.045454
 23.230993 19.86175 18.441639 0.9285002 0.8549678 9.012412 12.5
 28.382334 24.012938 22.406652 0.9331075 0.8460523 8.709282 13.636364
 32.586914 31.015276 28.697414 0.9252671 0.95177096 9.248601 9.090909
 57.038597 45.635124 38.13499 0.83564997 0.80007446 4.069624 2.0833333
 38.020985 40.26278 38.567627 0.9578977 1.058962 9.491819 2.2727273
 2.4742963 0.48923764 0.1164778 0.23808022 0.197728 2.618203 16.17647
 25.654848 23.789305 22.015089 0.9254196 0.927283 9.850013 12.5
 13.833497 13.311397 12.282192 0.92268246 0.9622582 9.392383 10.227273
 15.4703455 11.987435 10.193575 0.85035497 0.7748654 9.093147 15.909091
 14.833841 10.637388 9.63424 0.90569603 0.7171027 9.290274 14.772727
 18.849308 18.328573 16.608704 0.9061646 0.9723738 9.389334 9.090909
 13.672079 12.34098 11.518629 0.9333642 0.90264106 8.630744 12.5
 15.593349 12.545825 11.6731205 0.93043864 0.80456257 9.756043 17.045454
 79.63633 76.290565 71.9724 0.9433984 0.9579869 9.740162 11.363636
 20.517946 22.311747 21.02766 0.9424479 1.087426 9.972391 12.5
 13.847565 12.507054 11.691182 0.93476707 0.9031952 9.090712 9.090909
 30.472065 28.181932 25.143595 0.8921885 0.9248448 4.706001 5.769231
 22.074368 21.585663 20.333946 0.94201165 0.977861 9.879963 6.818182
 9.204831 8.459289 7.8528194 0.9283073 0.9190053 9.695129 14.772727
 12.686038 9.900745 9.048748 0.9139461 0.78044426 9.858358 14.772727
 15.222798 9.744565 8.62235 0.8848368 0.6401297 10.107756 15.909091
 24.543055 21.299011 20.957493 0.9839655 0.8678224 9.532421 13.636364
 12.248025 6.5199847 3.0962722 0.47488946 0.5323295 4.9583497 13.636364
 16.177946 16.066723 15.0658245 0.93770367 0.9931249 6.626764 11.764706
 13.193518 11.551286 11.122698 0.96289694 0.8755273 9.163474 12.5
 42.521523 41.07745 38.599983 0.9396879 0.966039 9.300873 10.227273
 7.460145 4.5922585 3.921018 0.8538321 0.6155723 8.833051 14.285714
 10.70625 6.3014007 5.920285 0.9395189 0.58857214 9.496907 13.636364
 13.339348 8.241591 6.702027 0.81319577 0.61784065 2.5563698 14.583333
 85.7122 84.34143 77.71289 0.92140824 0.98400736 5.406497 0.0
 33.762405 30.548183 28.588888 0.9358621 0.90479875 9.690936 5.681818
 8.558313 6.6033177 6.022572 0.9120525 0.77156764 8.499097 13.636364
 2.1509845 0.734959 0.43076816 0.58611184 0.34168494 6.2742486 11.363636
 16.656301 16.131592 15.124961 0.9375988 0.9684978 9.110248 9.090909
 7.7349653 1.8568265 0.40508115 0.21815778 0.24005623 1.7433107 19.318182
 90.670204 90.23482 85.00081 0.9419957 0.9951982 9.320842 1.1363636
 44.455215 43.31294 41.077236 0.94838256 0.97430503 9.394471 6.818182
 10.843646 10.126304 9.543444 0.94244105 0.9338468 9.110529 9.090909
 24.08323 21.771196 20.214846 0.9285133 0.90399826 9.23385 10.227273
 10.990953 7.1814303 5.3009114 0.7381414 0.6533947 8.322375 14.772727
 21.949322 15.645929 14.229277 0.9094555 0.71282065 10.0590925 15.909091
 17.498001 10.86307 10.136698 0.9331338 0.6208177 7.0283494 17.045454
 10.185189 3.656828 1.4748938 0.403326 0.35903385 5.360276 18.181818
 23.39189 23.18502 21.930828 0.945905 0.99115634 9.428356 5.681818
 4.0329432 2.4031534 1.7113738 0.71213675 0.5958808 8.714624 17.105263
 54.486904 53.621204 50.969574 0.9505488 0.9841118 9.659484 1.1363636
 14.926205 12.659171 12.076029 0.9539352 0.84811723 9.494125 12.5
 24.659836 15.41358 13.893646 0.90138996 0.625048 8.431567 13.636364
 38.752815 40.481968 38.771896 0.95775723 1.04462 9.323833 3.409091
 23.406326 21.78129 20.75653 0.9529523 0.93057275 9.250347 2.2727273
 7.144435 4.7004404 2.9588444 0.6294824 0.6579163 6.1521206 15.909091
 23.49261 22.775696 21.146753 0.9284789 0.96948344 9.937277 5.681818
 11.654634 7.205322 4.945785 0.68640727 0.6182366 9.006847 15.909091
 26.220072 27.235733 25.705572 0.94381785 1.038736 9.16012 3.409091
 14.373864 9.378985 8.012776 0.8543329 0.6525027 9.271927 17.045454
 18.38992 15.496062 14.616073 0.9432121 0.8426389 9.033202 14.772727
 3.8771672 2.2182674 1.6474578 0.74267775 0.57213616 9.623194 15.909091
 11.114909 7.2174773 6.513384 0.90244603 0.649351 9.392737 10.227273
 24.849867 19.929762 18.353975 0.92093295 0.8020068 8.172686 10.227273
 17.621038 14.289227 12.634682 0.88421035 0.8109185 9.608059 11.363636
 47.21422 48.011913 45.109596 0.9395501 1.0168952 9.365328 1.1363636
 8.332199 4.8962593 3.9214668 0.8009108 0.58763105 9.150833 17.045454
 12.415434 3.2426612 0.84048 0.25919452 0.26117986 1.9848992 12.5
 32.59757 27.384953 24.255642 0.88572884 0.8400919 5.110338 0.0
 17.42391 11.697989 10.319811 0.8821867 0.6713757 8.968147 15.909091
 43.733078 41.799953 39.29952 0.9401809 0.9557972 9.1986685 3.409091
 10.349448 6.5685678 5.471416 0.8329694 0.634678 7.6246967 15.909091
 36.014935 33.96913 32.18928 0.9476038 0.9431957 9.330759 11.363636
 25.931074 21.604298 19.768639 0.9150327 0.83314323 9.428904 6.818182
 35.485893 33.223663 31.296432 0.94199216 0.9362499 8.844448 7.9545455
 14.641664 13.862694 12.866044 0.9281056 0.9467978 8.864348 12.5
 28.739388 26.785612 24.368698 0.9097682 0.9320175 4.7680807 8.333333
 14.586524 10.541513 9.826391 0.9321613 0.72268856 9.733022 15.909091
 12.564955 4.2304626 3.0022247 0.7096682 0.33668745 6.604765 17.045454
 32.915806 31.16762 29.277052 0.9393419 0.94688916 9.426146 7.9545455
 11.87675 10.727479 9.784917 0.9121357 0.9032335 9.546008 11.363636
 12.916939 8.031535 7.05598 0.87853444 0.62178314 9.2783 12.5
 11.711581 9.378931 8.13486 0.8673547 0.80082536 9.695126 10.227273
 14.08638 13.688547 12.031062 0.87891454 0.9717576 9.118418 11.363636
 13.21782 12.459844 11.19102 0.898167 0.94265497 9.385649 9.090909
 17.259014 14.541377 13.023178 0.89559454 0.84253806 9.616145 13.636364
 28.962683 26.507334 24.4141 0.92103195 0.91522366 9.734935 9.090909
 4.499352 2.6385992 1.0471405 0.3968547 0.58643985 3.5616972 16.666666
 37.360825 38.07388 35.987305 0.94519675 1.0190856 9.858299 3.409091
 2.3157232 0.48854908 0.08111648 0.16603547 0.21097042 1.5760739 19.736841
 93.85385 80.77642 75.50593 0.9347521 0.86066175 5.5041404 15.0
 53.104015 48.984707 45.77341 0.9344428 0.9224295 7.929951 3.75
 16.618835 6.2460494 2.2684093 0.36317506 0.3758416 3.3247542 17.045454
 15.588767 10.849995 10.198667 0.9399698 0.6960136 9.110967 11.363636
 22.60087 22.32164 20.996754 0.94064564 0.9876452 9.242444 5.681818
 12.030381 8.486617 7.448689 0.87769824 0.7054321 11.263766 14.772727
 13.184072 8.658519 6.5839944 0.76040655 0.65674084 9.05617 11.363636
 20.393362 16.671656 15.555457 0.9330481 0.81750405 9.53132 11.363636
 7.6275544 3.2163398 2.3622086 0.73444 0.4216738 8.097151 19.318182
 16.445673 13.803225 11.832209 0.8572061 0.83932257 8.881293 15.909091
 25.364407 25.282015 23.902624 0.9454399 0.99675167 8.847909 11.363636
 11.783742 10.968251 9.972053 0.9091744 0.9307952 8.320963 12.5
 53.71714 50.927505 47.766956 0.9379402 0.9480681 9.783489 13.636364
 23.730127 22.802673 21.868334 0.959025 0.9609166 9.911506 13.636364
 10.488133 9.902967 8.987059 0.9075118 0.94420683 9.477221 14.473684
 14.992841 13.646569 13.04273 0.9557516 0.9102057 9.785526 10.227273
 50.755558 49.442802 46.167664 0.933759 0.97413576 9.394291 11.363636
 37.193565 36.574314 34.05098 0.93100804 0.9833506 9.834311 11.363636
 16.200476 10.978363 9.79833 0.89251286 0.6776568 9.115079 18.181818
 12.890686 10.818699 10.141663 0.9374198 0.8392648 9.597689 11.363636
 13.586667 9.645028 8.661586 0.89803636 0.7098892 9.428265 14.772727
 21.916782 19.310688 18.36222 0.95088387 0.88109136 9.79687 10.227273
 10.989167 6.978127 4.3448596 0.6226398 0.6350006 7.998321 12.5
 38.328762 38.54245 36.33388 0.9426978 1.0055752 10.006836 9.090909
 10.697963 6.0361643 4.02246 0.6663934 0.5642349 8.977176 15.909091
 10.713346 8.028381 7.185312 0.89498883 0.74938136 9.030206 10.227273
 38.329655 34.984386 31.773197 0.9082108 0.9127238 6.504951 5.882353
 19.526989 16.441689 15.313152 0.93136126 0.84199816 9.085282 13.636364
 43.265842 41.893314 39.527206 0.9435206 0.96827686 9.502457 4.5454545
 17.023233 16.25965 15.120266 0.9299257 0.9551446 10.118849 9.090909
 115.91718 111.54605 104.38987 0.9358455 0.96229094 8.493636 1.25
 95.6567 91.74971 83.31601 0.90807927 0.95915616 5.7212095 3.125
 126.534164 123.369934 114.97494 0.9319526 0.97499305 8.6068125 1.25
 25.257318 16.693123 14.883395 0.8915885 0.66092217 8.282049 17.5
 47.693336 46.403255 42.678646 0.9197339 0.9729505 9.051978 12.5
 13.347038 10.0513525 9.2256565 0.9178522 0.7530774 8.139996 10.526316
 69.43288 70.83994 64.65245 0.9126553 1.0202651 4.9584928 1.7857143
 18.82106 16.22504 14.20499 0.875498 0.8620684 8.276456 11.842105
 15.088118 13.761084 12.798667 0.9300624 0.9120478 8.188814 17.105263
 32.636913 30.590227 27.996695 0.9152169 0.9372892 8.021457 3.9473684
 21.649443 19.435253 18.23848 0.9384226 0.8977253 8.141206 7.894737
 25.887445 22.359598 21.089361 0.9431906 0.86372364 7.669323 13.157895
 49.162884 44.55241 41.45504 0.93047804 0.9062204 7.744235 6.5789475
 15.4961195 13.750992 12.673683 0.92165595 0.8873829 8.210785 11.842105
 12.01066 3.7074974 1.0392613 0.2803134 0.3086839 2.3686342 18.055555
 19.683008 13.945351 12.543709 0.89949036 0.7084969 6.51466 13.888889
 108.077 87.83452 79.93937 0.91011333 0.81270313 7.4510093 6.9444447
 13.167717 13.1086 11.767455 0.89768976 0.99551046 7.31571 8.333333
 17.571045 17.243322 15.508769 0.89940727 0.98134875 7.329569 11.764706
 18.981697 11.93555 9.159325 0.76739866 0.6287925 4.2677174 11.538462
 36.04809 31.159765 27.367226 0.8782873 0.8643943 7.0381765 13.235294
 27.410551 21.535295 18.243141 0.84712744 0.78565717 6.211738 12.5
 10.844407 6.3773394 5.248717 0.8230261 0.58807635 5.743394 17.1875
 34.424805 33.02645 29.890337 0.9050423 0.95937955 6.6404524 6.25
 46.841194 49.094692 43.24597 0.8808686 1.0481093 4.7729573 1.9230769
 59.291313 14.322896 9.942081 0.694139 0.24156821 4.3050985 13.333333
 16.154093 10.661977 8.796162 0.8250029 0.660017 5.3317485 13.333333
 12.488567 8.781927 6.6703672 0.75955623 0.7031973 5.269934 15.0
 7.445212 5.149843 3.955186 0.76802063 0.6916987 5.620906 11.666667
 19.976646 16.797752 13.748886 0.8184956 0.8408695 4.700484 9.615385
 54.575478 52.887962 45.92676 0.86837834 0.96907926 5.054217 0.0
 9.971786 6.5518875 5.4494443 0.8317365 0.65704256 3.0820024 13.461538
 13.521036 10.305256 8.056202 0.78175664 0.7621646 4.963188 11.538462
 71.81516 60.675537 51.070087 0.84169155 0.8448847 3.8151522 6.25
 8.115712 7.3705573 6.354607 0.86216104 0.9081837 4.7155814 12.5
 9.975661 2.6811168 2.102573 0.78421533 0.2687658 3.954425 12.5
 8.668923 7.785952 6.810167 0.8746736 0.89814526 4.4241414 6.25
 24.623951 22.027666 19.846676 0.90098864 0.8945626 4.513297 8.333333
 23.042545 19.42815 16.851635 0.8673824 0.84314257 4.4613695 8.333333
 1.0 25.220913 22.190113 20.268888 0.91341984 0.8798299 187.07733 10.823997 307.0
