 22.844969 21.57295 20.043207 0.9290898 0.94431955 9.541017 5.681818
 25.150846 23.780022 20.699104 0.87044096 0.94549584 5.8961635 10.0
 98.03022 93.16077 85.938126 0.9224712 0.950327 9.575631 3.409091
 102.39587 98.94279 91.958565 0.9294115 0.9662772 9.533826 12.5
 110.317116 113.712425 99.58074 0.8757243 1.0307777 4.750542 1.9230769
 100.927185 96.74857 89.80569 0.92823786 0.9585978 9.517559 6.818182
 97.948845 83.38392 76.2441 0.9143741 0.85130066 9.39549 15.909091
 108.33501 87.02307 79.85756 0.9176596 0.8032775 9.377884 18.181818
 15.83059 13.854144 12.46979 0.90007657 0.8751502 8.245206 14.772727
 95.71535 91.93545 84.649574 0.9207501 0.960509 9.606336 1.1363636
 93.14608 91.067696 82.684135 0.90794146 0.9776869 9.27995 7.9545455
 99.989456 63.559723 57.280815 0.9012125 0.6356642 9.5411415 14.772727
 3.6206117 0.8765555 0.32650495 0.37248632 0.2421015 3.7174094 15.909091
 95.85913 68.02227 61.336773 0.90171605 0.7096066 9.173226 13.636364
 99.15367 96.31689 88.7148 0.9210721 0.97138995 9.067347 5.952381
 14.970157 4.6428638 3.2425282 0.6983897 0.3101413 2.3585923 12.5
 91.73129 89.66596 83.291176 0.9289052 0.97748494 9.361928 4.5454545
 98.67044 98.222664 87.65995 0.89246154 0.99546194 6.3365993 9.375
 95.4001 89.999214 82.787415 0.91986823 0.943387 9.447882 3.409091
 24.381586 22.93813 21.133537 0.9213278 0.94079727 9.352831 3.409091
 15.541412 13.049793 11.458822 0.8780846 0.8396787 10.093779 11.363636
 79.27864 75.952866 69.41391 0.91390765 0.95804954 8.273239 10.0
 93.5602 77.477806 71.165726 0.91853046 0.82810646 9.2876835 11.363636
 102.51491 100.783646 87.10631 0.86429006 0.9831121 4.2186217 6.25
 106.27748 103.006676 93.33361 0.9060929 0.96922386 9.314192 1.1363636
 96.405846 90.748695 83.60377 0.92126685 0.9413194 9.344203 5.681818
 1.8057226 0.4173663 0.10234012 0.24520455 0.23113532 1.6679809 18.181818
 103.885765 99.40687 92.05516 0.9260443 0.9568863 9.577909 0.0
 102.4515 98.65653 91.59006 0.928373 0.9629584 9.390292 5.681818
 1.7086303 0.47698915 0.09612309 0.2015205 0.2791646 2.1387749 22.368422
 14.765333 3.8375545 1.1042526 0.28774902 0.259903 3.3936362 17.045454
 88.30801 80.164116 74.15777 0.92507434 0.9077786 9.327797 12.5
 19.535366 16.122713 14.8133 0.9187846 0.825309 9.443531 15.909091
 104.258766 104.39901 95.4673 0.9144464 1.0013452 6.843678 1.4705882
 103.891 101.899994 92.12572 0.90407974 0.9808356 7.3935513 2.7777777
 94.182434 91.24851 84.58743 0.92700064 0.9688485 9.507043 1.1363636
 92.272575 89.66855 82.18929 0.91659 0.9717789 9.322391 2.2727273
 76.54765 75.40099 70.24677 0.9316426 0.98502034 7.591965 2.631579
 36.542927 34.525627 32.025692 0.9275919 0.94479644 9.191297 3.409091
 83.69841 80.43682 74.82446 0.9302265 0.9610317 9.180029 5.681818
 102.6741 93.54676 84.80957 0.90660083 0.9111037 9.233044 11.904762
 4.538929 1.6374043 0.5759317 0.35173458 0.36074686 4.432452 19.318182
 95.40143 71.67385 65.136475 0.9087899 0.751287 9.110734 15.909091
 109.078705 109.279724 102.81734 0.9408638 1.0018429 9.727759 5.681818
 15.719051 14.975749 14.265254 0.95255697 0.9527133 9.30354 9.090909
 14.974108 14.159052 12.798526 0.9039112 0.94556904 8.510825 12.5
 91.173386 65.685265 59.577774 0.9070189 0.7204434 9.192746 14.772727
 94.699524 89.81613 81.89978 0.91186047 0.94843274 9.386722 2.2727273
 104.088356 97.05037 89.53807 0.92259383 0.9323845 9.293705 5.681818
 1.4940509 0.4719439 0.32168812 0.68162364 0.3158821 5.902575 25.0
 7.936973 3.1615107 1.4011024 0.443175 0.398327 4.684229 18.181818
 99.38199 99.53572 89.602264 0.90020216 1.0015469 6.3771358 4.6875
 95.24499 90.72665 83.53974 0.920785 0.9525609 9.439537 3.409091
 99.804115 95.58511 87.500175 0.91541636 0.9577272 9.476323 1.1363636
 81.10996 53.28473 45.715885 0.85795474 0.65694433 8.462776 13.636364
 111.85966 88.20886 80.75027 0.9154439 0.78856725 9.273966 13.636364
 3.8392012 1.7399569 1.3403827 0.770354 0.45320806 7.7188516 19.318182
 96.78249 92.04622 85.02997 0.9237747 0.9510627 9.619948 3.409091
 95.39204 90.73146 84.309944 0.929225 0.9511429 9.409323 1.1363636
 15.334179 12.034329 11.10404 0.922697 0.7848043 7.3042717 13.636364
 97.95491 96.54366 87.94921 0.9109786 0.9855929 7.8660536 1.3157895
 72.40876 41.556564 35.91806 0.86431736 0.5739163 8.914462 10.227273
 89.951256 58.482674 53.161682 0.90901595 0.65015966 8.781071 14.772727
 116.024155 90.30089 82.80988 0.9170439 0.77829385 9.275523 14.772727
 106.59878 100.369095 90.280716 0.89948726 0.9415595 9.48625 11.363636
 81.27022 57.71519 53.242924 0.92251146 0.7101641 9.1796255 19.318182
 88.760506 74.53077 68.535446 0.91955906 0.83968395 8.721567 3.409091
 106.2793 87.75525 80.65559 0.919097 0.8257041 9.575418 17.045454
 95.46144 82.59555 79.14029 0.95816654 0.86522424 8.57945 1.1363636
 91.125694 90.13607 81.3957 0.90303135 0.98914003 7.42255 6.9444447
 3.3270957 1.0923411 0.68576837 0.6277969 0.3283167 5.1688185 18.181818
 110.73866 107.26495 100.09142 0.9331233 0.9686315 9.45703 1.1363636
 103.36799 101.4282 89.87274 0.8860726 0.9812341 5.1870384 10.714286
 81.62624 69.60494 63.75561 0.9159639 0.8527275 8.922195 10.227273
 102.99033 99.25867 91.47322 0.92156404 0.9637669 9.633784 12.5
 87.4872 85.024124 78.6853 0.9254468 0.97184646 9.543354 2.2727273
 112.969406 114.35215 102.92181 0.90004265 1.0122399 5.74442 1.6666666
 101.684906 98.93952 90.92901 0.91903627 0.97300106 9.354913 5.681818
 16.001743 14.153332 13.326501 0.9415805 0.88448685 7.580141 11.363636
 16.527637 14.319584 13.2345705 0.9242287 0.8664024 9.827631 12.5
 103.78492 97.45549 90.22411 0.92579824 0.9390139 9.074091 13.636364
 97.880486 95.35292 88.31884 0.92623115 0.974177 9.331445 7.9545455
 112.78357 111.60429 104.112335 0.9328704 0.9895438 9.487879 9.090909
 90.75073 87.205376 80.263435 0.92039543 0.9609331 9.445582 1.1363636
 106.92688 104.00623 96.54135 0.9282266 0.9726856 9.443745 3.409091
 34.632633 33.0821 30.635061 0.92603135 0.95522916 9.333615 2.2727273
 38.347363 37.701405 33.042362 0.87642264 0.9831551 5.872702 3.3333333
 26.191097 19.523933 12.36325 0.6332356 0.7454416 7.524988 7.9545455
 43.826805 42.371113 36.972336 0.87258357 0.9667853 8.983969 10.227273
 104.47426 100.43531 90.56804 0.9017549 0.96134025 9.114486 4.5454545
 1.7257164 0.4197776 0.09751284 0.23229644 0.24324831 2.3880131 22.222221
 90.19993 103.221054 92.39029 0.8950721 1.1443585 5.4787354 1.7857143
 116.56204 114.77428 106.85395 0.9309921 0.9846625 9.458026 0.0
 95.33451 86.37695 79.04746 0.91514534 0.9060407 9.3324 14.772727
 111.39892 87.13428 79.01112 0.9067743 0.7821824 9.060308 15.909091
 20.382927 18.990246 17.544641 0.9238765 0.9316741 9.477394 6.818182
 6.7807384 1.6448001 0.77086544 0.46866816 0.24256946 3.1937323 16.666666
 27.743395 26.623667 24.315052 0.91328716 0.9596398 9.188554 3.409091
 114.12059 92.13086 79.82883 0.8664722 0.8073115 4.2125106 12.5
 13.69181 11.4183445 10.593982 0.92780364 0.8339544 9.189423 10.227273
 109.30228 105.367096 98.22357 0.9322035 0.96399724 9.435192 10.227273
 90.47777 85.96065 80.125946 0.9321236 0.9500748 9.378347 6.818182
 98.193825 60.862785 54.133 0.8894269 0.6198229 9.132031 19.318182
 98.606384 66.87651 61.317062 0.91687 0.6782168 9.329057 12.5
 105.770355 102.60199 95.52814 0.9310554 0.97004485 9.348944 0.0
 99.353966 66.467766 59.749218 0.8989202 0.6689996 9.504329 14.772727
 99.49204 95.91007 87.56194 0.91295874 0.9639974 9.307939 1.1363636
 97.60753 93.819016 85.70041 0.9134652 0.9611863 9.430472 11.363636
 82.192024 78.660255 73.17132 0.9302196 0.95703036 9.490339 3.409091
 20.673365 19.759476 18.28519 0.9253885 0.95579386 7.097201 6.9444447
 100.56345 87.55014 80.80807 0.9229918 0.870596 9.054373 17.045454
 12.202009 10.518062 9.742481 0.926262 0.86199427 10.447024 13.636364
 78.04607 75.911354 70.65152 0.93071085 0.972648 9.707381 5.681818
 96.18879 88.50072 82.087296 0.92753255 0.92007315 9.052544 14.772727
 89.90117 83.57546 76.610275 0.9166599 0.9296371 7.898953 6.25
 98.850296 90.056625 81.8134 0.9084662 0.91104054 7.9369874 6.25
 122.13759 88.58681 75.6165 0.8535865 0.7253034 3.8571248 8.333333
 79.77387 49.45272 41.80291 0.8453106 0.61991125 6.6297793 9.210526
 110.733 96.354996 90.27901 0.9369417 0.87015605 6.590572 2.9411764
 84.3394 74.29131 69.82194 0.93983984 0.8808613 6.548373 1.4705882
 17.50973 12.51301 10.398585 0.8310219 0.71463186 5.8892136 13.235294
 15.391225 12.6960945 10.852726 0.85480815 0.82489175 6.216221 10.294118
 104.72017 85.88583 79.61933 0.9270368 0.8201461 6.6165347 8.823529
 2.3400817 0.70342284 0.21316674 0.3030421 0.30059755 1.8533365 22.727272
 87.79778 75.93741 70.44479 0.92766917 0.8649126 6.6941137 7.352941
 18.89993 18.989717 18.024132 0.9491522 1.0047508 6.6405087 11.764706
 15.619735 11.827154 10.775115 0.91104877 0.757193 5.7676067 15.625
 87.94444 82.58789 77.39861 0.9371666 0.9390916 6.2161827 1.5625
 106.5345 103.88124 95.53871 0.9196917 0.97509485 5.313623 12.5
 112.46641 106.99048 100.46688 0.93902636 0.9513105 6.2049327 1.5625
 93.43906 88.30376 81.73584 0.9256213 0.9450412 5.7980123 1.6666666
 100.12666 90.91968 84.26818 0.92684203 0.90804666 6.11193 10.9375
 105.70354 97.35413 90.62905 0.93092144 0.92101115 6.3206873 1.5625
 98.4752 93.21753 87.171425 0.9351398 0.94660926 6.0953298 6.25
 107.739426 101.15218 94.31863 0.93244284 0.9388595 6.1492457 3.125
 111.00393 104.42233 97.37572 0.9325181 0.94070846 6.2191706 3.125
 104.770874 98.17723 90.878746 0.92566013 0.9370661 6.261432 3.125
 90.67023 82.939964 77.44762 0.93377924 0.9147431 6.2602997 4.6875
 102.767006 98.705765 91.14041 0.9233545 0.96048105 6.3171644 4.6875
 113.56832 106.69825 99.15562 0.9293087 0.9395072 6.2136354 7.8125
 108.11249 85.805916 78.59267 0.91593534 0.7936725 6.213329 12.5
 99.697624 91.81997 85.69851 0.93333197 0.92098457 6.2149086 1.5625
 103.716995 98.66907 88.538445 0.89732724 0.95132977 4.220882 2.0833333
 105.114586 99.14981 92.402985 0.9319532 0.9432546 6.3673573 1.5625
 21.760954 21.163338 18.891796 0.89266616 0.9725373 4.781883 5.357143
 95.41257 80.26609 69.27985 0.8631272 0.8412528 4.365128 11.538462
 82.82499 79.54579 70.39448 0.88495535 0.96040815 4.7464075 8.928572
 94.498825 93.68831 82.735085 0.8830887 0.991423 4.915111 1.7857143
 15.412231 14.985182 13.533848 0.9031488 0.9722915 3.9307168 7.6923075
 86.01158 78.74264 67.659966 0.85925454 0.9154888 3.8217924 6.25
 92.33097 85.30342 74.49054 0.8732422 0.9238874 3.7972114 6.25
 22.316513 21.175077 18.782518 0.8870105 0.9488524 3.755231 12.5
 1.0 76.260376 68.91221 62.938484 0.913314 0.90364367 547.8703 8.617887 152.0
