 110.34481 105.79228 98.47997 0.9308805 0.9587427 9.357712 2.2727273
 16.136942 16.418169 15.253109 0.92903835 1.0174276 9.580116 4.5454545
 34.901363 31.614061 26.449368 0.836633 0.90581167 6.45628 7.9545455
 48.064697 36.369457 31.938936 0.87818015 0.75667715 6.2362084 14.0625
 67.93467 61.176987 54.44617 0.88997793 0.90052676 9.125387 11.363636
 27.537348 18.757202 16.707653 0.89073265 0.681155 9.150078 13.636364
 78.59619 54.896046 50.78934 0.9251913 0.69845676 9.604632 13.636364
 24.383055 25.661406 23.37173 0.9107736 1.0524279 6.932181 1.4705882
 48.71752 49.022697 44.61508 0.9100904 1.0062641 6.1622577 15.625
 60.72542 35.273937 29.001194 0.8221706 0.58087593 10.440183 17.045454
 85.21381 87.405785 80.6655 0.9228851 1.0257231 9.436442 7.9545455
 62.468395 64.578735 57.18949 0.8855778 1.0337825 6.0689106 1.6666666
 3.213645 0.921588 0.2970331 0.3223057 0.28677344 2.4595463 17.5
 89.48147 91.0583 84.09849 0.92356753 1.0176219 8.8913 9.523809
 22.442549 23.137184 21.892487 0.9462036 1.0309517 9.209487 9.090909
 18.264917 16.523338 14.433858 0.87354374 0.90464896 10.464626 14.772727
 65.1629 64.64406 60.488888 0.9357223 0.9920378 9.719853 10.227273
 77.53639 75.47903 72.37091 0.9588214 0.9734658 9.326491 10.227273
 68.66602 66.08275 61.32838 0.92805433 0.96237916 9.622109 11.363636
 63.18759 53.212364 49.47424 0.9297508 0.8421331 9.330077 15.909091
 74.617615 73.98311 69.03382 0.9331025 0.9914966 9.620424 4.5454545
 54.957214 34.395496 30.987623 0.9009209 0.6258595 9.195446 15.909091
 67.07936 53.737415 49.28691 0.91718054 0.80110204 9.331469 13.636364
 85.38409 84.82665 79.26835 0.9344745 0.99347144 9.497855 11.363636
 73.06951 55.912502 52.165676 0.9329877 0.765196 9.883898 11.363636
 22.913996 22.65641 20.650118 0.91144705 0.98875856 6.161839 6.25
 58.02354 37.977463 34.71587 0.91411763 0.6545182 9.425486 13.636364
 104.71274 106.245255 97.67008 0.9192889 1.0146354 9.588822 3.409091
 39.252895 35.419197 32.95398 0.9303988 0.9023333 9.62108 12.5
 78.575455 79.90724 74.45204 0.9317309 1.0169492 9.884911 0.0
 45.560246 44.182827 41.43147 0.9377279 0.96976715 9.545045 4.5454545
 45.313316 22.581148 17.32869 0.76739633 0.49833363 7.575591 17.045454
 12.067454 11.131275 10.167161 0.91338694 0.92242116 8.945157 12.5
 22.195276 18.924568 16.885984 0.8922785 0.8526394 6.7032976 10.294118
 24.097012 23.596478 21.859879 0.92640436 0.9792284 9.5980625 9.090909
 76.756165 74.9205 69.48489 0.92744833 0.9760845 9.607479 10.227273
 85.664276 87.55668 80.5255 0.9196956 1.0220909 9.449119 0.0
 35.3027 26.446047 24.064054 0.9099301 0.7491225 9.423655 13.636364
 41.88814 41.168606 36.23322 0.8801178 0.9828224 11.621495 5.681818
 13.136903 13.009149 12.05318 0.92651564 0.99027514 9.413679 10.227273
 51.59669 52.187973 48.666412 0.93252164 1.0114597 9.817943 12.5
 69.557335 65.51181 60.491283 0.9233646 0.941839 9.435091 12.5
 25.969568 25.649172 23.536493 0.91763175 0.98766255 9.673528 5.681818
 54.707783 37.97548 34.55127 0.90983105 0.6941513 9.203611 10.227273
 21.58436 21.481049 19.970995 0.92970294 0.99521357 9.815498 7.9545455
 115.63816 116.07333 108.418945 0.93405557 1.0037633 9.599979 4.5454545
 3.0001898 1.5853586 1.2573214 0.79308325 0.52841944 8.005662 13.636364
 92.20751 89.05834 81.67742 0.9171226 0.96584696 9.570584 13.636364
 94.69516 65.71532 60.74503 0.9243664 0.693967 9.528836 10.227273
 75.59439 78.17503 72.72317 0.9302608 1.0341381 9.709636 5.681818
 84.125725 85.972626 80.286804 0.9338648 1.021954 9.631969 4.5454545
 20.59884 20.800331 19.513004 0.9381102 1.0097817 9.446834 5.681818
 16.478846 17.129375 16.148046 0.9427107 1.0394766 9.387393 4.5454545
 12.3156595 8.642704 7.760044 0.8978722 0.7017654 9.598069 9.090909
 87.70789 90.24107 83.60055 0.92641354 1.028882 9.588442 0.0
 32.16218 32.64235 30.337221 0.92938226 1.0149297 9.727649 3.409091
 20.349756 18.296555 15.6395 0.8547784 0.89910436 5.513292 16.666666
 62.106728 48.574833 41.029724 0.8446705 0.7821187 8.83745 7.9545455
 111.238304 89.05476 82.23624 0.92343444 0.80057645 9.516954 13.636364
 86.736145 54.400787 49.75447 0.914591 0.6271986 9.217499 15.909091
 19.878788 18.463295 17.078363 0.92499006 0.9287938 8.900444 13.636364
 94.89425 90.95076 83.10421 0.91372746 0.95844334 9.620655 11.363636
 93.85376 79.74735 72.651855 0.9110253 0.849698 9.61974 14.772727
 19.498817 9.749098 7.0207543 0.720144 0.4999841 7.767459 14.772727
 46.092037 48.76671 45.66923 0.93648374 1.0580288 9.966018 7.9545455
 47.770226 39.847675 33.389713 0.8379338 0.83415294 8.538737 12.5
 46.248737 24.348532 20.947664 0.8603256 0.5264691 8.519266 17.045454
 56.263298 39.507008 34.308624 0.86841875 0.7021808 9.044066 13.636364
 88.69841 94.02435 85.05759 0.90463364 1.0600455 5.8990374 6.6666665
 50.01177 40.113102 35.439983 0.8835014 0.8020733 8.935762 10.227273
 17.143362 15.94227 14.607195 0.91625565 0.9299383 9.640486 12.5
 19.873749 20.956873 19.147306 0.91365284 1.0545003 6.657702 7.352941
 97.68324 98.711205 90.885895 0.9207252 1.0105234 9.588021 3.409091
 87.01033 81.014084 74.83199 0.92369115 0.9310859 9.762239 10.227273
 68.69736 58.34502 53.527794 0.9174355 0.8493052 9.537576 13.636364
 95.39168 93.34536 86.16667 0.92309535 0.9785483 9.609356 15.909091
 84.02779 80.62927 73.35874 0.9098277 0.95955485 9.452119 6.818182
 95.71813 95.94202 88.705536 0.92457443 1.002339 9.527841 7.9545455
 18.803574 18.090584 16.326618 0.9024926 0.96208215 9.533743 7.9545455
 10.950728 6.8657646 6.3210635 0.9206642 0.62696874 9.962987 13.636364
 1.8515073 0.5030791 0.13294335 0.2642593 0.2717133 2.6073992 20.833334
 81.60436 72.59294 67.191216 0.9255888 0.88957185 9.581778 12.5
 4.7418 1.1441857 0.3420514 0.29894742 0.24129775 2.0943015 19.318182
 105.50773 95.565346 88.53776 0.926463 0.9057663 9.572862 14.772727
 1.4834106 0.6103097 0.19147187 0.31372902 0.4114233 1.7837154 23.333334
 54.0475 47.571617 41.120457 0.86439055 0.88018167 8.959724 14.772727
 22.651726 21.275894 20.083826 0.9439709 0.93926156 9.370837 9.090909
 87.832436 84.94712 78.30836 0.9218483 0.9671498 9.492688 7.9545455
 23.5441 22.48869 20.945034 0.9313586 0.955173 9.364611 13.636364
 72.37569 62.68147 57.92247 0.9240765 0.866057 9.58114 10.227273
 87.63045 74.04506 68.691536 0.92769915 0.8449696 9.518116 17.045454
 113.19141 114.82154 102.43265 0.892103 1.0144016 5.314941 5.357143
 79.97173 75.8649 71.15891 0.93796885 0.9486464 9.59437 3.409091
 44.64901 37.941563 34.875607 0.9191927 0.8497739 9.314848 10.227273
 71.61345 65.65658 60.884727 0.9273211 0.9168191 9.34417 11.363636
 92.12676 90.61287 84.51443 0.93269783 0.9835673 9.582741 6.818182
 1.7040757 0.45741826 0.13412836 0.29322913 0.26842603 3.5650005 20.0
 84.073456 71.502495 65.45107 0.91536766 0.85047644 9.316567 11.363636
 68.705215 66.70045 60.71064 0.9101984 0.9708208 10.050661 5.681818
 89.14325 58.52441 52.20872 0.8920845 0.6565209 8.985183 18.181818
 0.89352113 0.34362358 0.12801984 0.3725584 0.38457242 4.132183 27.083334
 94.770325 87.60333 79.955635 0.9127009 0.9243751 9.524698 9.090909
 58.3371 46.51145 42.928486 0.92296594 0.79728764 9.353086 18.181818
 44.059685 35.136936 32.77026 0.9326442 0.797485 10.011918 10.227273
 61.79419 47.016502 42.273785 0.8991265 0.76085633 9.239378 12.5
 100.11974 99.96289 92.60126 0.9263563 0.99843335 9.522293 9.090909
 15.856804 4.618973 1.8046342 0.3907003 0.29129282 3.5036728 15.909091
 73.55402 70.42947 64.809616 0.92020595 0.9575203 9.634567 6.818182
 13.772372 11.686446 10.533691 0.9013597 0.84854275 8.073023 9.090909
 3.930195 1.2807199 0.43180448 0.3371576 0.32586676 3.8050647 14.772727
 6.57749 2.0997615 0.7360554 0.35054237 0.3192345 3.7904043 15.909091
 59.28919 48.141075 44.135708 0.91679937 0.81197053 9.442917 11.363636
 60.7474 50.31602 46.59308 0.9260088 0.8282827 9.355715 10.227273
 45.748375 43.90895 37.48853 0.8537787 0.9597926 8.889209 9.090909
 84.72105 81.523445 75.6907 0.92845315 0.96225727 9.499821 3.409091
 12.337462 9.877816 9.087029 0.91994315 0.800636 9.467471 13.636364
 12.802297 11.703855 10.631315 0.9083601 0.9141996 8.852575 6.818182
 76.791916 78.462776 73.212105 0.93308073 1.0217583 9.615475 7.9545455
 20.002403 15.553905 13.807237 0.8877023 0.7776018 7.708447 14.473684
 6.1074944 1.8545216 1.0382959 0.5598726 0.30364686 6.340833 20.238094
 99.67849 97.59688 90.78765 0.9302311 0.9791168 8.973083 3.5714285
 78.233955 74.02396 68.91718 0.9310118 0.94618714 8.771824 8.333333
 74.296005 56.162567 50.96721 0.90749425 0.7559299 8.116209 12.5
 68.464714 68.72491 63.524864 0.9243354 1.0038004 8.467204 12.5
 49.15369 48.743217 45.51651 0.9338019 0.9916492 7.267024 6.5789475
 11.495062 8.092293 6.9296145 0.85632277 0.7039799 7.330649 14.473684
 98.44275 90.89778 82.77524 0.9106409 0.9233568 7.676838 13.157895
 90.25272 60.18948 53.614815 0.8907672 0.6668993 6.92176 11.111111
 105.32609 96.32907 83.33645 0.8651225 0.9145794 4.2415757 7.6923075
 67.91704 41.800716 36.18772 0.86572015 0.6154673 6.422755 13.888889
 39.33131 37.39972 34.10197 0.91182435 0.9508892 6.9215913 13.888889
 82.543274 74.66239 67.61565 0.90561855 0.90452427 5.9728622 14.0625
 75.09978 65.540665 60.075302 0.91661114 0.87271446 5.10108 12.5
 79.03839 70.70786 64.66842 0.914586 0.8946015 5.1112776 0.0
 62.73045 54.484478 49.355415 0.905862 0.8685491 5.079267 5.357143
 41.79617 34.25041 31.202017 0.910997 0.81946284 5.181395 7.142857
 57.093243 29.222929 25.379335 0.8684734 0.51184565 3.8986394 12.5
 56.14444 42.34568 36.802597 0.86909926 0.7542275 3.9498582 16.666666
 13.424044 13.568138 11.409506 0.84090436 1.0107341 3.9606702 10.416667
 1.0 55.55074 49.4922 45.187508 0.9130229 0.89093685 433.84128 10.746986 139.0
