 42.428326 45.59814 43.549664 0.9550754 1.07471 9.899692 4.5454545
 12.941715 12.749401 12.069913 0.9467043 0.98514 9.789704 12.5
 84.92737 90.375854 85.49355 0.9459778 1.0641547 9.560898 3.409091
 25.235182 26.161417 24.964079 0.9542327 1.0367042 9.158015 9.090909
 30.953321 32.2045 30.53514 0.94816375 1.0404214 9.568133 6.818182
 107.41913 118.3279 107.062065 0.90479136 1.1015533 4.5463986 1.9230769
 54.01421 58.149475 55.1113 0.94775236 1.076559 9.797721 1.1363636
 15.866671 16.211637 15.180871 0.9364181 1.0217416 9.683954 15.909091
 126.54821 141.44872 127.554405 0.9017714 1.1177456 4.570971 3.8461537
 1.4309094 0.408967 0.052274656 0.12782122 0.28580913 1.1388825 23.61111
 16.41972 17.481607 16.5117 0.94451845 1.0646714 9.442064 12.5
 15.368425 15.068698 12.339115 0.81885743 0.9804972 10.139362 11.363636
 14.546802 13.873642 13.001894 0.9371652 0.95372456 9.120064 11.363636
 14.600839 10.675358 9.7075 0.9093373 0.7311469 9.832283 13.636364
 63.594494 66.88312 63.12125 0.94375455 1.0517125 9.76686 5.681818
 62.584743 66.74495 63.08668 0.9451903 1.0664732 9.759733 0.0
 87.470726 71.49285 64.13578 0.8970936 0.81733465 10.088424 17.045454
 63.764576 66.32185 62.91718 0.9486643 1.040105 9.458577 14.772727
 49.826622 53.39827 51.04889 0.9560027 1.0716815 9.528268 1.1363636
 3.9138656 1.5280378 0.7963171 0.52113706 0.39041653 4.9155436 16.25
 44.173134 46.468258 43.871647 0.9441207 1.0519575 9.592168 6.818182
 6.269464 1.9732771 0.4276967 0.21674436 0.31474414 2.0485294 14.772727
 148.04337 165.62595 150.75105 0.91018987 1.1187664 4.57509 0.0
 4.5175223 2.7742846 1.811634 0.6530094 0.61411643 7.888864 13.636364
 18.856747 18.950056 18.0757 0.95386 1.0049484 9.855097 4.5454545
 122.96322 123.185074 113.407166 0.9206242 1.0018042 4.6382694 5.769231
 115.42275 130.73674 119.48144 0.9139086 1.1326774 4.5744705 1.9230769
 111.527916 125.46192 114.77826 0.9148454 1.1249374 4.5543795 0.0
 14.076519 12.586593 11.679621 0.92794144 0.8941552 10.403066 7.9545455
 12.743378 11.311266 10.454893 0.92429036 0.88761914 9.234842 17.045454
 129.77386 144.73933 131.90643 0.9113379 1.1153195 4.5488358 3.8461537
 149.97682 169.26033 154.42413 0.91234684 1.1285766 4.5226 1.9230769
 147.61136 165.98982 151.58606 0.913225 1.1245059 4.5790496 0.0
 48.60329 48.10771 45.09469 0.9373693 0.98980355 9.770528 5.681818
 100.22176 105.26556 99.62694 0.9464343 1.0503263 9.58347 0.0
 98.537 104.42415 99.621284 0.9540062 1.0597456 9.539886 3.409091
 122.02069 138.1981 126.208244 0.91324145 1.1325793 4.5484414 1.9230769
 112.57167 124.47934 112.58327 0.90443337 1.1057786 4.697637 0.0
 109.51996 118.710266 108.54517 0.9143706 1.0839144 4.5924845 1.9230769
 36.91859 39.3536 37.452946 0.9517032 1.0659561 9.681363 7.9545455
 11.527294 11.960538 11.360851 0.94986117 1.0375842 9.813362 12.5
 32.080772 33.84164 31.982136 0.9450528 1.0548885 9.6405325 4.5454545
 27.846922 28.85966 27.570524 0.9553309 1.036368 9.685955 5.681818
 15.091507 15.477065 14.309432 0.9245572 1.0255481 9.555852 9.090909
 107.66124 122.30637 111.945786 0.9152899 1.1360297 4.5761805 1.9230769
 21.752274 22.737213 21.473341 0.944414 1.0452799 9.260074 12.5
 15.581988 11.413647 10.354407 0.9071954 0.7324897 8.850654 17.045454
 98.82779 93.11711 84.284805 0.90514845 0.94221586 4.0433702 10.416667
 84.09481 95.293144 86.414734 0.90683055 1.1331632 4.073619 2.0833333
 12.602615 12.222022 11.1564455 0.91281503 0.9698005 9.76893 10.227273
 15.777144 16.707228 15.901914 0.95179844 1.0589514 9.408467 5.681818
 64.950806 58.22969 55.287273 0.9494688 0.8965199 9.656372 7.9545455
 135.27165 152.84036 140.12143 0.91678286 1.1298772 4.5704794 1.9230769
 33.522156 33.41892 30.704378 0.91877234 0.99692035 6.8404098 1.4705882
 4.3936453 1.1083688 0.5976677 0.53923184 0.25226632 3.146849 15.384615
 1.0 58.7125 62.404346 57.518055 0.9216995 1.06288 401.56406 7.3471627 55.0
