 13.776242 13.366599 12.565849 0.9400932 0.97026455 8.840898 7.9545455
 16.079948 15.558985 14.5543785 0.93543243 0.96760166 9.808043 10.227273
 76.2146 76.14329 69.60466 0.9141274 0.99906427 5.4579067 7.8125
 23.798199 20.539408 19.270569 0.9382242 0.8630656 9.7956915 10.227273
 39.717567 37.88131 35.66581 0.94151473 0.9537671 9.651771 7.9545455
 48.1843 40.663746 35.42785 0.87123924 0.84392107 3.8648908 6.25
 17.85337 16.408606 14.997496 0.9140019 0.919076 9.865996 7.9545455
 106.46363 75.69714 70.27532 0.92837477 0.71101415 9.444161 13.636364
 32.939205 29.80947 27.422268 0.919918 0.9049844 9.436307 3.409091
 2.4710553 0.5947523 0.10975612 0.18454088 0.2406876 1.8751775 19.047619
 34.50612 32.712925 29.172447 0.8917713 0.9480325 4.346863 7.6923075
 16.426815 16.81848 15.416422 0.9166358 1.023843 5.810858 4.6875
 26.884306 23.442793 21.455267 0.91521806 0.871988 9.5197935 12.5
 10.068398 9.85085 9.274314 0.9414735 0.978393 9.710585 17.045454
 2.2588944 0.7097746 0.2604926 0.3670075 0.31421328 4.0544925 19.117647
 21.6012 23.026325 21.40849 0.9297397 1.0659745 9.402044 5.681818
 31.03634 31.514624 29.009787 0.9205182 1.0154104 5.6541843 7.8125
 30.53825 28.186079 26.284178 0.93252337 0.9229762 9.066293 14.772727
 33.82065 32.676346 29.43127 0.9006904 0.9661656 4.4538035 5.769231
 97.13013 93.995476 87.8367 0.934478 0.9677273 9.375214 13.636364
 81.83277 45.164543 40.15474 0.88907665 0.55191267 9.197909 13.636364
 69.29883 68.547005 64.20138 0.93660367 0.989151 9.567019 3.409091
 55.7849 57.720432 52.846996 0.91556823 1.0346963 5.91222 1.5625
 19.728514 16.15095 14.674464 0.9085821 0.81866026 9.265449 15.909091
 16.816385 15.498484 14.516306 0.93662745 0.92162997 9.076309 12.5
 15.717421 14.847293 13.725679 0.92445666 0.9446393 9.92934 10.227273
 18.089573 15.223043 14.298393 0.93925977 0.841537 9.482465 10.227273
 1.3927956 0.5020497 0.20463715 0.40760338 0.3604619 4.709411 25.0
 0.9863078 0.24271396 0.052137684 0.21481122 0.2460834 2.1840732 25.0
 17.283506 17.608637 16.357586 0.9289524 1.0188116 6.260444 8.823529
 53.915688 47.83987 44.151276 0.92289704 0.88730896 9.902504 5.681818
 16.460278 14.994156 13.822023 0.9218274 0.91092974 9.613196 13.636364
 1.339526 0.24507959 0.06518465 0.26597342 0.18295993 2.8782527 27.272728
 78.87996 56.748695 50.25193 0.88551694 0.7194311 9.116703 11.363636
 57.47334 53.452568 49.60979 0.92810863 0.9300412 9.431778 9.090909
 58.549114 48.866703 45.34128 0.9278563 0.8346275 9.468808 10.227273
 5.4744062 3.8244648 3.0009892 0.78468215 0.69860816 10.61117 13.636364
 1.4990226 0.3804411 0.07803918 0.20512813 0.2537928 2.1317139 20.833334
 10.444505 8.082032 6.7679954 0.83741254 0.77380717 7.1145077 14.772727
 18.770523 18.289604 17.007103 0.92987806 0.97437906 9.767997 7.9545455
 49.795135 48.192238 45.33663 0.94074553 0.96781015 9.624565 1.1363636
 74.98658 67.94609 63.4153 0.93331784 0.90611 9.601273 11.363636
 17.975378 17.195848 16.067013 0.9343542 0.9566335 9.48433 13.636364
 2.6510684 1.2351146 0.8411185 0.68100446 0.46589312 7.5423365 18.75
 20.227436 19.670607 18.707851 0.9510561 0.97247154 9.489471 9.090909
 16.708515 15.360079 14.293729 0.9305765 0.9192964 9.30312 10.227273
 4.1504965 2.7585948 2.5037732 0.9076264 0.6646421 9.071914 15.476191
 4.4031606 2.2025514 1.0303888 0.46781603 0.50022054 6.9843016 14.772727
 34.58371 36.015118 33.871105 0.94046915 1.0413897 9.518897 3.409091
 131.82968 122.94895 110.07332 0.89527655 0.93263483 4.433369 11.538462
 17.704462 17.077364 15.992986 0.93650204 0.96457964 9.471581 9.090909
 15.0348835 14.773869 13.724985 0.92900413 0.9826394 9.368314 10.227273
 82.396614 67.58526 62.411938 0.9234549 0.8202432 9.547973 13.636364
 18.820303 17.606127 16.461016 0.9349596 0.93548584 9.616541 13.636364
 114.81731 91.25572 84.8134 0.9294036 0.7947907 9.444377 13.636364
 19.033226 18.263878 16.886478 0.9245833 0.95957875 9.740791 11.363636
 50.941715 40.72734 37.604565 0.9233249 0.79948896 9.613541 15.909091
 16.513588 15.954401 14.942372 0.9365674 0.96613777 9.561273 13.636364
 12.64908 12.2727995 11.518483 0.93853754 0.97025234 9.729416 3.409091
 41.825897 40.063435 37.11247 0.92634267 0.95786196 9.990682 9.090909
 12.353775 9.373901 6.8114877 0.7266438 0.75878847 3.7732592 4.1666665
 60.608818 56.356037 52.71037 0.93531007 0.92983234 9.265893 4.5454545
 70.574265 54.966606 50.95912 0.9270924 0.7788477 9.383785 13.636364
 11.03116 11.400708 10.8729 0.95370394 1.0335003 9.612533 7.9545455
 75.49254 54.314472 45.52757 0.83822167 0.7194681 8.536705 12.5
 42.908546 41.988358 39.42626 0.93898076 0.9785547 9.488743 3.409091
 73.78973 55.98983 52.11579 0.9308082 0.7587755 9.227834 11.363636
 69.96034 64.598015 60.051807 0.92962307 0.9233519 9.680496 3.409091
 54.740868 34.466125 30.58704 0.88745224 0.6296233 9.168466 17.045454
 74.98974 74.49484 69.88751 0.9381524 0.9934005 9.679847 5.681818
 82.67602 78.202675 67.63735 0.86489815 0.94589317 3.8605523 2.0833333
 70.04577 64.572624 57.94669 0.8973879 0.92186326 4.462073 3.8461537
 33.992172 27.514914 25.37398 0.92219007 0.80944854 9.793209 12.5
 37.539215 35.88959 33.55388 0.9349196 0.95605594 9.514223 5.681818
 35.466084 34.95438 32.39294 0.9267205 0.98557204 9.825633 4.5454545
 57.49776 52.159046 48.72174 0.9340995 0.9071492 9.690012 12.5
 75.39884 74.91625 70.05432 0.93510175 0.99359953 9.540664 6.818182
 25.678183 4.538676 2.6702015 0.5883217 0.17675222 6.336736 17.045454
 1.8786665 0.3867874 0.1636919 0.42320895 0.20588401 4.3372116 20.0
 57.37069 51.938183 48.639404 0.9364865 0.90530866 9.131518 8.333333
 105.7094 82.97442 77.52351 0.9343062 0.78492945 9.060563 14.285714
 84.61605 84.022446 75.32551 0.8964927 0.9929848 3.9528117 0.0
 75.257034 75.371254 70.1432 0.93063605 1.0015178 7.7286158 1.3888888
 11.386131 10.625305 9.789143 0.9213046 0.93317956 7.5232005 12.5
 78.14177 75.19503 67.797714 0.901625 0.96228987 4.5372415 7.6923075
 4.89586 0.9383483 0.3062281 0.32634804 0.19166158 1.8075117 15.277778
 2.1629806 0.6342855 0.085111484 0.13418481 0.29324606 0.7677839 20.0
 10.238891 9.813965 8.930269 0.90995526 0.95849884 6.764652 13.235294
 66.75791 49.48835 44.200733 0.89315426 0.7413106 5.9265966 15.0
 29.43548 29.05369 25.890903 0.89114 0.98702955 6.10018 6.6666665
 89.598755 84.15458 74.762665 0.88839686 0.93923825 5.381161 1.7857143
 20.930841 19.593994 17.478704 0.8920439 0.9361302 5.011183 7.6923075
 12.576627 10.785157 9.034676 0.83769536 0.8575556 4.7448545 9.615385
 32.462887 30.529043 27.702677 0.9074204 0.9404291 4.734312 9.615385
 3.9203434 0.84696233 0.14870556 0.17557517 0.21604289 0.8127859 12.5
 65.0239 59.418064 49.38124 0.8310812 0.9137881 4.122855 2.0833333
 18.38339 8.527731 5.2950864 0.6209256 0.4638824 3.5809345 16.666666
 1.0 38.8046 34.10233 31.11423 0.9123785 0.8788218 270.1439 10.6192045 97.0
