 86.66872 87.41897 81.71282 0.9347264 1.0086565 8.925388 6.818182
 78.86032 79.030914 67.51973 0.85434586 1.0021632 4.770245 9.615385
 12.979916 12.690763 11.918351 0.9391359 0.9777231 9.225557 9.090909
 23.899773 23.387884 21.702261 0.9279275 0.97858185 8.884573 7.9545455
 97.798386 94.15273 83.537796 0.88725835 0.9627228 5.9757886 1.5625
 105.86855 76.08315 68.009125 0.893879 0.7186567 8.806838 13.636364
 80.37476 57.708294 52.307854 0.9064183 0.7179902 8.994681 15.909091
 83.92624 84.0172 78.50132 0.9343483 1.0010837 8.907826 2.2727273
 13.630735 13.860987 12.963817 0.93527377 1.0168921 8.791424 9.090909
 112.56318 111.41122 102.97664 0.9242933 0.98976606 9.001814 6.818182
 54.318123 52.478737 49.06607 0.93497044 0.96613675 9.08277 1.1363636
 39.558372 36.66956 34.063557 0.9289327 0.9269734 8.93306 12.5
 117.553406 88.53129 80.40091 0.9081638 0.7531155 8.6104965 17.045454
 2.5987785 0.9846124 0.45469087 0.4617968 0.37887508 1.6366967 8.333333
 94.69948 73.62042 66.67985 0.90572494 0.77741104 7.272139 13.157895
 67.121216 64.771454 60.16827 0.92893183 0.9649923 8.979953 11.363636
 3.378203 1.1826836 0.4297322 0.3633535 0.35009253 4.3424263 17.857143
 100.04184 77.26068 72.01336 0.9320829 0.7722837 9.035427 9.090909
 3.7117658 1.764456 1.2790594 0.724903 0.47536835 5.3517127 19.736841
 76.78658 74.38794 64.84499 0.87171376 0.9687622 4.935669 5.357143
 96.7693 95.32095 85.04792 0.8922269 0.985033 5.8886185 0.0
 11.5990095 8.700213 7.7978373 0.8962812 0.75008243 8.429684 13.636364
 4.63982 3.8288958 3.2309906 0.84384394 0.8252251 7.990067 11.842105
 95.78291 94.84013 88.28439 0.93087584 0.9901571 8.861264 1.1363636
 110.44904 108.007324 99.71673 0.9232404 0.9778928 7.8163075 1.25
 18.832378 18.003807 16.117683 0.89523757 0.95600283 9.569281 9.090909
 86.326035 85.07366 79.01222 0.9287507 0.9854925 9.115314 10.227273
 2.918505 0.7350305 0.10140688 0.13796283 0.2518517 1.2536268 18.181818
 70.241035 68.955185 63.73764 0.9243342 0.98169374 9.244613 3.409091
 119.37818 112.04312 103.51236 0.9238618 0.93855613 9.014017 4.5454545
 59.937428 57.171803 53.17085 0.93001884 0.95385814 8.962602 12.5
 4.1965623 1.6290109 0.58662957 0.36011395 0.38817748 3.9280066 11.363636
 1.2777246 0.36945015 0.10120467 0.27393323 0.28914693 3.572367 23.214285
 118.81614 98.24003 90.79224 0.92418784 0.82682395 8.78015 12.5
 75.01011 74.82423 69.597244 0.9301431 0.99752194 8.815806 3.409091
 104.01198 103.17436 92.98313 0.90122324 0.99194694 5.4349093 1.6666666
 21.84393 19.112715 16.691917 0.873341 0.8749669 9.163572 10.227273
 2.8266766 0.8304091 0.25104547 0.3023154 0.29377577 2.948248 17.045454
 83.75424 85.885544 74.35955 0.8657982 1.0254471 4.178456 0.0
 12.75814 12.813643 12.120637 0.9459165 1.0043505 8.831617 6.818182
 114.07597 100.58806 93.750725 0.9320264 0.88176376 8.700669 4.5454545
 87.53329 90.93336 85.478035 0.9400075 1.0388432 8.7944975 1.1363636
 5.3071055 1.4117509 0.25544068 0.18093891 0.26601145 1.7081423 17.045454
 97.15705 59.418236 55.26732 0.9301407 0.6115689 9.084553 20.454546
 35.27998 38.246532 32.826477 0.8582864 1.0840861 4.236869 2.0833333
 118.47149 98.96794 92.101555 0.93062013 0.8353735 8.919291 13.636364
 13.44986 12.456316 11.679101 0.9376047 0.92612976 8.954805 9.090909
 6.5372167 2.997211 1.0229108 0.34128758 0.45848426 3.70407 15.909091
 4.7456975 0.96058506 0.18787034 0.19557908 0.20241177 2.6005502 20.454546
 110.54729 71.23722 62.951206 0.8836842 0.644405 8.596524 17.045454
 12.497628 5.3923416 2.9876447 0.5540533 0.4314692 6.4630404 10.227273
 94.13448 97.115135 87.53861 0.90139 1.0316637 7.401472 1.3157895
 3.989652 0.76182634 0.1767725 0.2320378 0.19095059 2.3747296 19.047619
 8.4134865 3.2272472 1.620401 0.50210005 0.38358024 4.613522 17.857143
 118.55038 96.14735 88.87684 0.9243816 0.81102526 8.945625 15.909091
 55.51221 52.300915 48.751015 0.9321255 0.9421515 8.985025 6.818182
 103.98328 103.95117 96.90307 0.932198 0.99969125 8.961479 0.0
 17.365263 16.038437 14.713936 0.9174171 0.9235931 8.634363 6.818182
 117.058815 93.10637 86.07581 0.92448896 0.7953811 8.932481 15.909091
 40.882973 41.071026 38.333 0.93333435 1.0045998 9.010235 1.1363636
 124.3244 93.126686 85.17908 0.9146581 0.749062 8.868484 14.772727
 4.7362695 1.7705896 0.33326346 0.18822174 0.37383634 1.74458 12.5
 34.565643 29.236485 25.815172 0.882978 0.845825 8.780642 1.1363636
 60.305218 57.372402 53.384842 0.9304969 0.95136714 9.574752 6.818182
 11.212306 9.503654 8.63006 0.90807813 0.84760916 9.570589 12.5
 97.41413 84.07627 77.609726 0.9230871 0.86308086 8.927772 5.681818
 27.736275 27.327469 25.293108 0.9255562 0.98526096 9.274218 1.1363636
 86.63945 88.84216 82.42057 0.92771906 1.0254239 8.90629 3.409091
 95.80101 85.93884 79.302986 0.922784 0.89705575 9.034711 14.772727
 121.72934 82.15816 74.33386 0.9047654 0.67492485 8.717025 18.181818
 14.197641 13.524354 12.715354 0.940182 0.95257753 7.443468 13.636364
 3.3831632 0.8062059 0.15899773 0.19721726 0.23829944 1.7080019 17.045454
 86.648026 80.47221 74.79937 0.9295055 0.92872524 8.962242 5.681818
 12.588697 12.638995 11.745728 0.9293245 1.0039954 8.714056 7.9545455
 106.289795 105.46154 96.977745 0.91955554 0.9922076 8.943553 3.409091
 4.0823684 0.8087994 0.2044128 0.2527361 0.19812015 2.0916648 15.909091
 78.249756 76.68066 70.91802 0.92484885 0.9799475 8.971645 9.090909
 45.389004 47.082092 43.33557 0.9204258 1.0373017 6.042103 8.823529
 119.71682 116.20985 108.39004 0.9327096 0.9707061 8.972486 13.636364
 13.727655 12.5531225 11.600104 0.9240812 0.9144404 9.19431 2.2727273
 15.976899 14.809817 13.542943 0.9144571 0.92695194 8.465912 7.9545455
 10.543904 10.400989 9.59812 0.92280847 0.98644567 8.884677 9.090909
 45.685696 43.87121 40.795547 0.9298934 0.9602832 9.015289 1.1363636
 115.77161 97.23263 90.09477 0.9265899 0.8398659 8.9345455 14.772727
 79.252464 79.17556 73.888954 0.9332294 0.9990296 9.000078 3.409091
 82.93979 69.55255 64.03979 0.92073953 0.8385909 8.953776 11.363636
 103.27232 103.10234 96.13476 0.93242073 0.998354 8.965069 1.1363636
 75.76415 77.79988 72.675476 0.9341335 1.0268693 7.91777 1.25
 118.796684 86.21219 77.95867 0.9042651 0.72571206 8.581196 17.045454
 84.998764 67.78471 62.172123 0.91719973 0.79747885 8.869119 15.909091
 62.67145 63.518112 58.87545 0.92690814 1.0135095 8.780397 1.1363636
 105.13164 91.53846 84.64902 0.9247372 0.8707032 8.943273 12.5
 3.703421 0.8649513 0.2356168 0.2724047 0.23355468 3.1561832 15.909091
 27.479565 26.555992 25.025818 0.9423793 0.96639055 9.93296 5.681818
 8.384136 4.2922196 3.6224973 0.84396833 0.5119453 8.327336 17.045454
 82.15232 77.53889 70.57443 0.9101811 0.9438429 8.147426 1.25
 73.40509 48.436203 43.515606 0.8984107 0.659848 9.161348 15.909091
 21.886383 21.375032 19.801954 0.9264058 0.9766362 8.979003 12.5
 3.665968 0.69146734 0.145513 0.21044089 0.18861793 1.8231828 19.736841
 107.86263 72.39158 66.265076 0.9153699 0.67114604 8.845969 15.909091
 1.2769842 0.37005284 0.054467604 0.14718871 0.28978655 1.4492899 26.666666
 5.9223504 3.8944554 3.3305535 0.8552039 0.65758616 4.8540335 12.5
 12.2112465 11.68951 10.643881 0.9105497 0.95727414 6.390037 11.764706
 105.678955 103.88402 95.93641 0.9234954 0.98301524 5.6839323 1.6666666
 73.68803 76.64085 70.4113 0.9187177 1.040072 5.7475786 0.0
 15.881874 14.574348 11.645594 0.7990473 0.91767186 5.6748486 13.333333
 87.242 86.044205 78.17186 0.9085081 0.98627055 5.1470003 1.7857143
 1.0 57.973682 51.655468 47.254353 0.9147986 0.8910159 424.31738 9.7531185 107.0
