 10.599618 7.150905 5.5191145 0.7718065 0.674638 5.5010066 7.6923075
 51.01663 24.234478 21.147041 0.8726015 0.47503093 9.431935 18.181818
 55.3891 33.389256 29.118446 0.8720904 0.6028127 11.187287 13.636364
 37.74651 35.285164 33.11947 0.93862313 0.93479276 10.049414 5.681818
 7.4196496 4.17517 3.4757986 0.8324927 0.5627179 8.870395 15.909091
 8.885831 8.377559 8.016319 0.95688003 0.9427997 10.584663 10.227273
 3.3380342 1.1757457 0.47193152 0.4013891 0.352227 3.0905433 16.25
 5.226805 4.190258 3.815864 0.9106513 0.80168635 9.070371 17.5
 8.18261 7.780499 7.216398 0.9274981 0.9508579 9.817157 9.523809
 2.3328283 0.47606012 0.14204396 0.29837403 0.20406993 3.2120605 18.421053
 4.4228706 2.9837377 2.5194156 0.8443824 0.6746156 10.10989 14.772727
 2.046122 0.63636637 0.24344872 0.38256064 0.31101093 1.9283059 12.5
 8.719735 6.826529 6.290421 0.92146695 0.7828827 9.292259 13.636364
 2.1344256 0.69052523 0.16185494 0.23439395 0.32351804 2.0838795 17.045454
 9.145855 8.120994 7.5237126 0.9264523 0.88794243 9.018845 12.5
 7.007038 6.54139 6.1809554 0.94489944 0.93354565 9.807792 13.636364
 12.975773 12.567964 11.66875 0.92845196 0.9685715 10.191442 10.227273
 58.02338 47.463253 42.94451 0.90479493 0.81800216 10.149901 4.5454545
 7.318617 5.8029876 5.3770733 0.9266043 0.7929077 9.858961 18.181818
 5.856929 4.98178 4.587063 0.9207678 0.8505789 10.208633 12.5
 1.9678433 0.59047353 0.14004791 0.23717898 0.30006126 1.1897364 14.285714
 3.5075765 0.9799056 0.20734487 0.21159677 0.27936828 1.621047 20.0
 13.279199 3.173028 0.55202174 0.17397317 0.23894726 1.7323476 14.772727
 6.5332108 5.692901 5.313763 0.9334016 0.8713787 9.605316 14.772727
 30.742983 3.1923954 1.5183184 0.47560474 0.10384144 4.8826613 20.238094
 4.8606634 3.371149 2.9901772 0.8869905 0.6935573 9.501547 13.636364
 5.6166296 3.4368887 2.8082943 0.8171036 0.611913 8.899459 14.285714
 10.342534 8.218959 7.4874063 0.91099197 0.7946756 9.957987 17.045454
 4.1053762 1.1694329 0.88409096 0.75599974 0.284854 7.0005555 17.045454
 3.0341437 1.1699294 0.50206655 0.4291426 0.385588 5.6514654 18.181818
 9.948553 8.703975 8.146563 0.93595886 0.8748986 9.642264 9.090909
 8.085212 5.0010786 4.1373105 0.8272836 0.61854637 9.11149 13.636364
 86.781 34.967716 29.456936 0.8424038 0.40294206 9.172266 17.045454
 11.050593 10.317723 9.500622 0.9208061 0.9336804 9.605454 3.409091
 4.9791203 3.966554 3.1870022 0.80346876 0.79663754 8.054114 11.904762
 4.7742076 0.99070936 0.22963756 0.23179105 0.20751283 2.394435 19.318182
 5.287209 4.0523224 3.5908563 0.88612306 0.7664388 9.390751 16.666666
 13.37511 12.031179 11.15007 0.9267645 0.89952004 10.385679 9.090909
 2.9493098 0.93513477 0.1818398 0.19445303 0.317069 2.2740638 16.666666
 11.381383 9.295143 8.395602 0.90322465 0.8166972 10.101719 14.772727
 4.2565055 1.6434443 1.1668056 0.7099757 0.38610178 8.451141 17.857143
 1.5765097 0.38882074 0.068715274 0.17672738 0.24663389 1.8900265 19.642857
 10.549033 6.511161 5.565094 0.85470074 0.6172282 11.091081 18.181818
 15.212537 13.32249 12.654173 0.9498354 0.8757572 9.172841 9.090909
 4.661849 2.930678 2.1724043 0.7412634 0.62865144 3.81899 15.476191
 6.7297144 4.7412596 4.2400312 0.8942837 0.7045261 9.016397 15.909091
 8.979925 2.4574804 0.4158867 0.16923298 0.2736638 1.5909363 15.909091
 5.7794127 3.7001078 2.917818 0.78857654 0.6402221 9.863441 14.772727
 81.343864 80.13436 70.75609 0.8829682 0.98513097 4.5380077 1.9230769
 100.70156 99.64154 88.08534 0.8840223 0.9894736 4.5163617 5.769231
 104.540504 104.48619 91.927536 0.8798056 0.9994804 4.448465 3.8461537
 95.49847 93.161354 82.456795 0.8850966 0.9755272 4.522093 1.9230769
 104.29536 87.55842 76.34852 0.8719724 0.8395236 4.4248238 9.615385
 101.47415 102.259605 90.56507 0.8856387 1.0077405 4.5370593 1.9230769
 95.26334 96.50776 85.03113 0.88108075 1.0130628 4.5219126 1.9230769
 102.35137 104.37974 92.604324 0.8871868 1.0198177 4.5522094 0.0
 102.68617 107.3085 94.16787 0.8775434 1.0450141 4.035872 2.0833333
 107.43858 90.665764 79.62521 0.87822807 0.8438845 4.4615436 15.384615
 100.019066 110.14625 96.86827 0.8794514 1.1012524 4.041046 6.25
 89.1138 80.55341 70.72823 0.878029 0.9039387 4.4871817 9.615385
 1.0 29.881033 25.610092 22.471415 0.87744373 0.85706854 144.71869 12.425517 60.0
