 9.714151 8.042686 6.6613517 0.8282496 0.82793504 8.473631 9.523809
 126.18567 123.91935 117.045555 0.94453007 0.9820398 9.232954 2.2727273
 123.298775 123.05002 115.12284 0.9355776 0.9979825 9.032323 3.409091
 121.6617 96.772644 90.43936 0.93455505 0.7954241 9.062381 15.909091
 130.02448 127.26373 117.20027 0.92092437 0.9787675 8.018406 3.75
 109.406715 109.03712 103.15012 0.9460092 0.99662185 9.250643 1.1363636
 82.68061 83.585106 79.55267 0.9517566 1.0109397 9.171125 3.409091
 115.96384 114.59324 108.12596 0.94356316 0.9881808 9.167644 11.363636
 11.007195 10.522151 9.985228 0.9489721 0.95593387 9.577468 11.363636
 110.751656 106.81694 99.562325 0.93208367 0.9644726 9.181867 11.363636
 12.919176 11.528714 10.600785 0.91951156 0.8923722 9.934045 5.681818
 6.968108 4.19242 3.1285577 0.74624145 0.6016583 8.732119 17.045454
 122.58237 119.45489 112.0215 0.93777245 0.97448665 9.022142 0.0
 12.507237 12.263148 10.088978 0.822707 0.9804842 7.4537334 12.5
 111.69274 107.671814 101.223854 0.9401147 0.9640001 9.410986 3.409091
 12.235519 9.955563 9.172905 0.9213848 0.81366086 9.744178 13.636364
 8.358761 6.5285006 5.817086 0.8910294 0.78103685 10.807591 13.636364
 117.39393 114.931816 108.31568 0.94243425 0.9790269 8.076516 10.0
 8.724616 7.0911794 6.690463 0.9434909 0.8127784 8.6624565 13.636364
 60.927235 58.074333 51.652954 0.88942826 0.9531753 3.9432616 14.583333
 118.670395 118.60648 112.37605 0.9474697 0.9994615 9.170106 2.2727273
 130.66823 92.44807 82.49377 0.8923255 0.7075022 5.193742 15.0
 12.329342 10.552099 9.642233 0.9137739 0.85585254 9.476661 11.363636
 114.471954 113.25105 105.447174 0.9310922 0.9893345 8.824854 1.1363636
 11.5708 9.5392 8.947838 0.93800724 0.8244201 9.1929 17.045454
 56.17296 56.580673 53.63077 0.9478638 1.0072582 9.224897 4.5454545
 10.057452 8.925747 8.293651 0.9291829 0.8874759 8.830032 9.090909
 118.71467 118.944084 112.697815 0.9474857 1.0019325 9.208268 3.409091
 109.31915 109.809395 104.0692 0.9477258 1.0044845 9.15579 2.2727273
 57.626804 57.928246 54.617313 0.9428443 1.0052309 9.151373 11.363636
 7.6618757 8.906891 8.522454 0.95683837 1.1624948 5.399252 18.75
 6.801193 5.453261 4.3732243 0.8019467 0.80180943 6.6686096 10.227273
 1.2823104 0.4923886 0.26940614 0.5471413 0.38398555 3.8096254 15.909091
 13.533628 10.532831 3.3818529 0.3210773 0.7782711 2.8133206 8.333333
 3.369971 1.7629386 1.0291741 0.58378327 0.52313167 7.124463 17.857143
 119.26349 115.307755 106.96171 0.92761946 0.966832 9.056221 7.9545455
 66.66634 68.28353 65.06834 0.95291406 1.024258 9.302861 3.409091
 11.874477 10.753436 8.662871 0.8055909 0.9055924 8.055787 10.227273
 11.920791 8.1734495 5.9902687 0.7328936 0.6856466 6.631928 14.285714
 72.20965 77.838 68.87308 0.8848259 1.0779446 3.9094477 6.25
 71.45611 73.627266 68.15865 0.92572564 1.0303844 7.22479 2.7777777
 65.25438 60.970825 52.166656 0.8556003 0.9343561 3.9866865 12.5
 1.0 62.04525 59.380547 55.02933 0.92672324 0.9570523 496.73648 9.133598 42.0
