 13.967174 12.202836 11.466915 0.9396926 0.8736797 8.708028 6.818182
 67.28562 60.3176 55.37735 0.918096 0.89644116 7.724659 4.1666665
 84.01429 55.911743 51.752213 0.9256055 0.6655027 8.520153 11.363636
 35.598164 28.21631 25.35695 0.89866287 0.79263383 6.5186267 13.75
 5.3332415 3.5972364 3.3604748 0.9341824 0.67449343 9.157343 11.363636
 118.954605 93.7046 88.51048 0.9445693 0.7877341 9.096542 13.636364
 11.9287405 9.12387 8.554672 0.9376145 0.76486444 9.454015 15.909091
 9.447899 8.128321 7.596027 0.93451375 0.86033106 9.538152 15.476191
 9.928485 7.204239 6.091464 0.84553885 0.7256131 4.5240345 11.538462
 112.897255 104.14089 98.42317 0.94509625 0.9224396 8.88496 3.409091
 19.30233 16.429358 15.552148 0.9466071 0.85115933 9.091794 14.772727
 107.144455 98.96596 93.95767 0.9493938 0.92366856 9.050977 1.1363636
 14.243864 12.944007 12.273661 0.94821185 0.90874267 8.975269 12.5
 111.256424 102.635475 95.237816 0.927923 0.92251277 6.142477 1.5625
 15.131107 13.89212 13.042681 0.9388546 0.9181166 9.240918 9.090909
 113.35202 108.23864 98.68401 0.9117263 0.95488936 4.5227857 0.0
 106.5393 97.71561 93.1664 0.95344436 0.91717905 9.126773 1.1363636
 101.75552 93.55682 88.968834 0.9509604 0.9194275 9.110168 4.5454545
 11.2690115 11.162164 10.268254 0.9199161 0.99051845 4.7776947 16.666666
 2.2192066 1.3447725 0.7196986 0.5351824 0.6059699 5.5915556 15.476191
 12.192167 12.982484 12.653032 0.9746234 1.0648217 8.81054 6.818182
 12.9258 9.064296 7.9124627 0.87292635 0.70125604 7.111779 7.9545455
 1.8125378 0.49507725 0.2042324 0.4125263 0.27314037 4.107758 18.055555
 13.449984 11.892603 11.135653 0.9363512 0.8842095 8.06007 5.681818
 121.0965 86.456436 81.13086 0.9384016 0.71394664 9.540748 19.318182
 13.659961 13.281915 13.06458 0.98363674 0.9723245 9.969783 10.227273
 14.101887 13.632262 12.837837 0.94172466 0.96669775 8.208457 5.681818
 10.313623 4.763988 1.5808581 0.33183503 0.46191213 3.1234217 14.772727
 112.5255 104.496826 99.36553 0.9508952 0.92865026 9.163047 1.1363636
 9.701858 1.9318382 0.62959856 0.32590646 0.19912043 2.3309014 18.333334
 110.23706 83.29111 77.08248 0.9254587 0.75556356 8.417416 10.227273
 16.338203 13.167587 11.883958 0.902516 0.8059385 9.41383 5.681818
 3.4791985 0.92766315 0.30334112 0.32699493 0.26663128 2.2734482 22.222221
 2.2506616 0.60987157 0.22458416 0.3682483 0.27097434 3.3860984 17.857143
 4.834744 1.1444472 0.18012339 0.15738899 0.2367131 1.7359294 20.0
 16.187603 14.167955 13.615977 0.9610404 0.8752349 9.355604 7.9545455
 14.34034 12.329793 11.652508 0.94506925 0.85979784 9.010169 11.363636
 12.483282 11.829856 11.319169 0.95683074 0.9476559 8.991449 2.2727273
 9.601538 8.664328 8.182047 0.94433725 0.9023896 10.442324 11.363636
 23.18015 18.244003 15.756694 0.8636643 0.78705287 10.072378 9.090909
 9.432289 4.8737555 4.203159 0.8624066 0.51670974 7.3646026 15.909091
 11.601234 9.928179 9.3652525 0.9433002 0.8557864 8.962361 7.9545455
 100.57371 70.83505 65.16445 0.9199464 0.7043099 7.7485156 16.25
 64.59931 31.791672 29.382511 0.92422044 0.49213636 8.863653 20.454546
 26.453585 24.36439 22.669975 0.9304552 0.92102414 10.021849 12.5
 19.521112 9.328307 7.9040084 0.8473143 0.47785735 6.702599 15.909091
 3.3233461 1.132301 0.44587398 0.3937769 0.34071115 3.3897126 15.909091
 129.78975 123.33401 112.69104 0.9137062 0.95026 4.4636054 0.0
 92.40204 88.401886 83.13345 0.94040364 0.9567092 8.152022 10.0
 8.282676 6.0754304 5.25055 0.8642268 0.7335106 9.111833 12.5
 5.5007877 1.2358165 0.3387635 0.2741212 0.22466172 1.9899645 12.5
 15.571322 13.275175 12.631157 0.95148706 0.85253996 8.8538475 14.772727
 119.60339 108.11293 101.26427 0.93665266 0.90392864 9.215908 5.681818
 6.968446 2.1802158 1.0235713 0.46948162 0.31286973 7.168506 17.857143
 5.023326 1.3177079 0.26992542 0.20484464 0.26231784 1.3546237 14.772727
 12.246446 11.727535 10.989126 0.9370363 0.95762765 7.650947 6.5789475
 115.100815 109.35877 99.765724 0.9122791 0.9501129 6.5410466 1.4705882
 5.353107 0.89236957 0.15376385 0.1723096 0.16670124 1.5710173 14.705882
 68.18173 28.447313 23.009605 0.8088499 0.4172278 5.0837674 18.75
 105.48727 95.37179 87.48634 0.9173189 0.9041071 4.868147 1.7857143
 109.51138 99.75965 91.18897 0.9140867 0.9109523 4.851546 1.7857143
 102.390366 92.253204 84.16391 0.91231424 0.90099496 4.916322 5.357143
 118.37322 105.929726 95.80422 0.904413 0.8948791 4.4417067 1.9230769
 13.100556 5.506089 2.6715288 0.48519534 0.42029428 2.486637 12.5
 1.0 44.91676 37.628754 34.688244 0.92185473 0.8377442 278.06015 10.440001 64.0
