 19.318443 19.607246 18.30559 0.9336134 1.0149497 9.578179 11.363636
 3.2868788 0.7544619 0.16151431 0.21407881 0.22953747 2.8203852 20.454546
 67.85324 53.81078 47.7513 0.8873929 0.79304653 5.6217494 13.333333
 15.409785 13.097993 11.976629 0.9143866 0.8499789 9.590737 9.090909
 9.750441 9.483529 8.806038 0.9285613 0.9726257 9.923178 14.772727
 12.045291 11.340352 10.143462 0.8944574 0.94147605 8.240061 13.636364
 77.34914 67.90529 62.864223 0.92576325 0.87790626 9.19355 12.5
 57.7856 36.936047 33.05898 0.895033 0.63919115 8.830627 14.772727
 15.890849 14.091229 13.103145 0.9298794 0.88675123 9.1517105 12.5
 16.839817 12.786743 11.650818 0.91116387 0.759316 9.798635 17.045454
 13.217878 12.7247305 11.864804 0.9324209 0.96269083 9.0866 14.772727
 10.157036 7.211259 6.6484623 0.9219558 0.70997673 8.5695505 13.636364
 14.78936 3.5600772 0.34836075 0.09785202 0.24071881 0.97670954 18.181818
 74.05435 58.98737 54.734097 0.9278952 0.7965416 8.934527 17.045454
 2.1303327 0.7621989 0.18136838 0.23795411 0.357784 2.8845382 18.055555
 84.15918 70.8202 64.96252 0.917288 0.841503 6.691089 10.294118
 9.998053 9.303831 8.248774 0.8865997 0.9305643 8.931095 9.090909
 82.23371 82.33967 77.1018 0.93638706 1.0012884 9.26983 10.227273
 32.649605 32.91043 30.781239 0.93530345 1.0079887 9.074281 4.5454545
 83.830795 72.60772 67.870255 0.93475264 0.86612225 9.345646 19.318182
 86.82821 78.02852 73.00053 0.9355622 0.898654 9.300355 10.227273
 83.957695 72.43438 66.85683 0.9229986 0.8627485 9.245238 10.227273
 71.74118 48.583424 43.774612 0.9010195 0.67720413 8.908464 13.636364
 82.01616 56.679543 39.854195 0.70314956 0.69107777 6.7851405 18.181818
 12.049717 12.235983 11.370759 0.92928857 1.0154581 8.9233055 9.090909
 17.546398 14.434744 13.396233 0.92805475 0.8226614 8.419103 13.095238
 67.874146 47.765 43.484497 0.91038406 0.703729 9.08067 19.318182
 81.89999 66.427704 60.81473 0.9155025 0.81108326 9.157721 14.772727
 3.88793 0.66967225 0.21031219 0.3140524 0.17224391 1.6141462 15.0
 5.0454288 1.919417 0.70550203 0.36756057 0.38042694 4.836982 15.909091
 2.020613 0.69134 0.22386397 0.32381168 0.3421437 2.7451112 16.25
 8.9630575 8.282405 7.9669905 0.96191746 0.9240603 10.102025 6.818182
 14.276908 10.875218 9.995884 0.9191433 0.76173484 9.586701 14.772727
 73.90656 75.99296 70.19563 0.92371243 1.0282302 9.211015 7.9545455
 67.89879 43.469822 38.521416 0.8861646 0.640215 8.845545 15.909091
 10.449596 9.707583 9.101557 0.9375718 0.92899126 9.425325 13.636364
 6.7577133 4.553737 4.0805054 0.8960784 0.6738576 8.882535 11.363636
 2.7103503 0.7318628 0.2846272 0.38890788 0.27002516 2.707942 17.857143
 2.4533162 0.6440655 0.5421382 0.84174395 0.2625285 7.7655973 17.857143
 13.216277 9.867052 9.074045 0.9196308 0.7465833 8.672417 15.909091
 3.2128081 1.143212 0.7317916 0.6401189 0.35582954 5.339792 14.285714
 2.601782 0.9795914 0.802547 0.81926703 0.37650788 5.9959855 18.181818
 87.16095 68.86875 62.51042 0.9076747 0.7901331 7.5688396 13.157895
 8.188837 3.5792184 2.998543 0.83776474 0.43708506 8.178744 15.909091
 17.806524 16.86683 15.911164 0.9433405 0.9472276 9.085089 10.227273
 78.24713 62.92324 55.720207 0.88552666 0.80416036 4.5479546 17.307692
 75.31314 75.38127 70.62831 0.93694776 1.0009047 9.293992 5.681818
 77.0918 75.93644 70.78818 0.93220294 0.9850133 9.267054 5.681818
 9.744466 7.3092017 6.275208 0.85853535 0.7500875 7.559013 15.909091
 84.822945 66.46801 60.984783 0.9175058 0.78360885 9.082214 12.5
 80.11295 81.25037 73.12427 0.8999869 1.0141976 6.570641 8.823529
 8.353029 5.5406137 4.4383326 0.8010543 0.66330594 7.9438877 9.090909
 16.388197 12.575436 11.100964 0.88274986 0.7673471 8.554919 12.5
 79.55356 85.45785 76.86976 0.8995049 1.0742178 5.1681004 1.7857143
 5.118187 2.8659542 2.0794072 0.7255549 0.559955 3.54169 10.714286
 13.362259 13.292476 12.414814 0.9339731 0.99477756 9.258466 5.681818
 67.546844 47.36423 40.44176 0.853846 0.7012057 4.357526 13.461538
 77.86592 53.73169 48.048923 0.8942381 0.69005394 8.871684 18.181818
 9.123388 3.7610483 3.3373165 0.8873368 0.4122425 8.700694 19.318182
 45.77623 47.850475 45.297085 0.9466381 1.0453128 9.434777 3.409091
 11.553356 7.7436256 7.065751 0.9124603 0.67024904 9.107237 15.909091
 81.238495 71.74797 66.58681 0.92806536 0.8831769 9.208074 6.818182
 67.866875 64.522934 60.38085 0.93580455 0.9507279 9.4177685 7.9545455
 85.15375 86.951065 80.31618 0.92369395 1.0211067 7.7439566 9.210526
 87.648094 82.893555 75.59438 0.9119453 0.9457542 6.664623 5.882353
 77.009346 69.956245 64.69244 0.92475575 0.9084124 9.27038 10.227273
 17.644472 15.381134 14.25952 0.9270786 0.8717253 9.229124 14.772727
 13.34502 9.022237 7.7926035 0.8637108 0.67607516 8.407677 16.25
 2.2243102 0.7952385 0.11120524 0.13983886 0.35752138 1.1378584 17.647058
 86.23476 73.32395 67.23269 0.9169267 0.850283 6.478978 11.764706
 1.8449732 0.4820754 0.083718374 0.17366241 0.26129127 1.2707897 16.071428
 11.763549 4.487996 2.737085 0.609868 0.3815172 3.7253418 15.0
 86.077324 61.36523 49.53815 0.8072674 0.7129082 5.5054927 8.928572
 13.826865 7.417706 5.715676 0.7705449 0.53647053 3.7981539 11.538462
 3.9249182 1.9762037 0.84592164 0.42805386 0.5035019 3.1406767 17.5
 1.0 38.83996 32.61665 29.486334 0.90402704 0.83977044 264.0244 12.929445 75.0
