 7.9105096 3.1929007 1.7704214 0.5544868 0.4036277 4.708152 15.909091
 103.48072 96.50698 89.13917 0.9236551 0.9326083 9.087374 1.1363636
 121.721016 115.630974 109.13476 0.94381946 0.94996715 9.373794 0.0
 110.85045 105.70137 100.064445 0.94667125 0.9535493 9.158583 12.5
 117.15623 113.063705 106.1962 0.9392599 0.9650678 8.954267 11.363636
 107.44745 95.53466 89.12659 0.93292403 0.8891292 9.251547 14.772727
 112.1113 106.13095 93.28729 0.8789829 0.94665706 4.2913504 6.25
 3.4478707 1.4492732 0.5970955 0.41199648 0.4203386 3.3238182 17.857143
 102.47631 93.508644 85.243256 0.9116083 0.91249037 5.2193336 8.928572
 99.40295 94.92533 89.66438 0.94457805 0.95495486 9.300756 0.0
 4.5572953 2.0280864 1.3861324 0.6834681 0.44501975 7.5425124 16.666666
 25.577875 16.818026 11.872163 0.70591897 0.6575224 7.914907 12.5
 97.64818 88.94473 82.422676 0.926673 0.91086936 9.26001 6.818182
 4.0956254 2.1432164 1.5632687 0.72940314 0.52329403 7.4998846 14.285714
 92.653725 89.3914 83.84022 0.9379001 0.9647902 8.70277 2.3809524
 93.248116 101.754974 95.61011 0.93961114 1.0912281 9.0013 3.409091
 105.76385 100.40822 94.08111 0.93698615 0.9493624 9.211518 1.1363636
 87.93459 82.18209 77.2298 0.93974 0.934582 9.161216 3.409091
 100.96889 95.517494 90.58727 0.9483841 0.94600916 8.9850645 0.0
 108.19464 101.14905 95.33629 0.94253266 0.9348804 9.241783 13.636364
 111.87322 102.20682 96.66259 0.9457548 0.913595 8.746261 3.409091
 104.66811 99.28097 93.93336 0.94613665 0.94853115 9.126188 9.090909
 102.66087 94.7998 89.41881 0.9432384 0.92342675 9.12125 1.1363636
 124.503944 117.829994 111.02319 0.9422321 0.94639564 9.276226 1.1363636
 117.89317 111.25386 104.980385 0.94361115 0.9436837 9.231552 0.0
 115.013535 107.335785 101.29714 0.94374067 0.9332448 9.062328 0.0
 74.11245 66.073524 61.57118 0.9318586 0.8915307 9.288963 13.636364
 13.386665 12.549666 11.455468 0.91281056 0.93747514 10.078098 11.363636
 5.090108 2.4114983 1.9323674 0.80131406 0.4737617 8.81062 14.772727
 108.58911 102.34965 96.91107 0.9468628 0.9425406 9.337287 1.1363636
 106.0204 98.57719 92.61988 0.9395671 0.9297945 8.763349 1.1363636
 17.169966 6.070168 3.7720778 0.62141246 0.35353407 1.8747045 19.047619
 91.69202 84.25243 79.970695 0.94917965 0.91886336 8.737452 2.2727273
 119.17962 112.770805 103.99028 0.92213833 0.9462256 8.97354 3.409091
 124.703476 116.86471 110.40253 0.94470376 0.9371407 9.095026 1.1363636
 8.049347 5.921942 5.3510404 0.9035955 0.7357047 8.2182255 13.75
 2.790759 0.5958535 0.15147634 0.2542174 0.21350949 2.7472165 18.75
 91.645226 71.48014 66.54947 0.93102044 0.77996576 9.055453 12.5
 96.229614 89.30172 84.26867 0.94363993 0.92800665 9.054975 7.9545455
 95.77919 89.95175 84.75955 0.94227797 0.93915755 9.234807 1.1363636
 81.17675 63.627678 53.778606 0.8452078 0.7838165 8.408682 7.9545455
 5.127366 3.0572624 2.8258696 0.9243138 0.5962637 8.105263 15.909091
 88.589874 82.744446 77.42646 0.93573004 0.9340169 9.364636 2.2727273
 90.29284 85.906586 81.2597 0.9459077 0.95142186 9.143865 0.0
 109.96604 104.72208 98.972984 0.94510144 0.9523128 9.241577 1.1363636
 95.98697 91.29956 83.50692 0.9146475 0.9511662 5.76795 0.0
 30.528551 28.670404 26.349367 0.91904414 0.9391341 9.168892 13.636364
 92.80721 77.39829 72.48113 0.9364693 0.8339685 8.995038 13.636364
 110.85075 104.38224 95.65716 0.9164122 0.94164664 8.8621435 3.409091
 114.324585 105.6611 99.65811 0.9431864 0.92422026 9.08499 1.1363636
 16.623201 16.35779 15.300681 0.9353758 0.9840337 9.418068 11.363636
 127.84064 123.56218 117.337036 0.94961935 0.9665329 9.294422 1.1363636
 103.843796 98.33819 92.80807 0.9437643 0.9469818 9.135373 1.1363636
 10.717035 5.7012844 3.2446315 0.5691053 0.5319833 5.773008 14.285714
 12.2755995 11.255744 10.718312 0.9522526 0.9169202 9.0763235 8.333333
 120.23685 112.68056 106.22429 0.9427029 0.93715495 9.251299 0.0
 97.74158 90.775696 82.717384 0.91122836 0.92873156 5.768074 3.3333333
 98.35299 90.480194 82.89631 0.91618186 0.9199537 9.102187 1.1363636
 57.543476 54.879135 50.962574 0.928633 0.95369864 7.314962 0.0
 6.5361924 2.406027 1.4947755 0.621263 0.36810836 6.77357 14.772727
 6.968792 6.4795446 6.039645 0.93210953 0.9297945 5.591121 7.352941
 103.25927 97.12073 89.73998 0.9240044 0.9405522 6.52183 1.4705882
 69.869576 65.83093 61.363525 0.93213814 0.9421974 9.15595 1.1363636
 107.37627 103.52491 95.720665 0.92461485 0.96413213 7.2220345 4.1666665
 75.79432 63.78405 58.134266 0.91142327 0.84154135 5.8884697 10.0
 95.00743 89.221886 80.54555 0.90275544 0.93910426 8.970757 3.409091
 96.96775 97.52159 87.7892 0.9002027 1.0057117 4.8817353 0.0
 66.83976 53.395836 49.157036 0.9206155 0.7988634 8.774033 11.363636
 71.01036 51.520824 48.42663 0.93994284 0.7255395 8.62175 15.909091
 14.906063 10.956568 9.913694 0.90481746 0.735041 9.161726 12.5
 99.54987 90.96097 83.986336 0.9233228 0.9137225 9.139451 5.681818
 106.83716 99.27012 93.751686 0.94440997 0.92917216 9.103774 3.409091
 97.291374 92.29552 87.06819 0.9433632 0.94865054 9.29692 1.1363636
 102.24861 96.80298 91.12625 0.941358 0.9467412 9.165064 0.0
 79.38946 66.57596 61.93106 0.9302316 0.8385995 9.585661 6.818182
 2.7908812 1.231736 0.7046319 0.5720641 0.44134307 7.726425 20.0
 121.586464 114.219406 107.20068 0.93855053 0.93940884 9.299056 6.818182
 6.099988 1.7162589 0.69556606 0.4052804 0.28135446 2.6439545 16.17647
 10.815775 7.588509 6.962531 0.91750973 0.7016149 7.777083 11.363636
 10.545441 10.53567 9.966111 0.9459399 0.9990735 9.302137 5.681818
 109.13386 107.591805 100.9398 0.93817365 0.98587006 8.688011 1.1904762
 106.9505 100.10143 94.48559 0.94389844 0.9359604 9.146148 1.1363636
 107.541885 105.30185 94.73777 0.8996781 0.97917056 4.886259 11.538462
 127.02578 121.898796 114.715805 0.9410742 0.9596382 8.6544285 1.1904762
 6.076303 4.084835 3.4383154 0.84172684 0.67225665 7.670989 8.333333
 121.44359 115.95152 109.81138 0.9470456 0.9547768 9.107312 1.1363636
 96.43218 91.26631 86.107056 0.94347036 0.94642997 9.124685 12.5
 54.82046 34.012398 29.783121 0.8756549 0.62043256 9.04968 17.045454
 106.82009 101.83361 96.40394 0.946681 0.95331883 9.131336 3.409091
 113.28984 107.62787 101.89704 0.9467533 0.9500223 9.1002245 3.409091
 9.702374 7.413342 6.473097 0.8731685 0.76407504 4.81264 11.538462
 106.75182 105.08631 97.485634 0.9276721 0.98439825 6.645508 1.4705882
 106.34021 98.87803 93.18295 0.94240296 0.9298273 9.160838 1.1363636
 2.9451122 1.038281 0.44358727 0.42723238 0.3525438 2.9255378 17.045454
 10.253797 8.226373 4.644326 0.5645655 0.80227584 6.3136263 7.9545455
 17.747349 10.708975 7.824468 0.73064584 0.6034126 9.064329 12.5
 79.87206 77.74884 72.004234 0.92611337 0.97341716 9.320283 1.1363636
 69.384094 45.003326 40.754547 0.9055897 0.64861155 8.898369 17.045454
 100.02357 93.75969 87.1979 0.9300148 0.93737596 8.749484 1.1904762
 25.053135 13.694325 10.946569 0.79935074 0.54661125 6.6690288 16.666666
 81.21226 75.605705 70.270836 0.9294382 0.9309643 8.759091 5.952381
 121.97092 119.41849 104.54458 0.8754472 0.97907346 4.22275 2.0833333
 108.88109 97.507 84.921646 0.8709287 0.89553666 4.2232685 0.0
 124.45699 116.253044 108.54096 0.9336613 0.9340821 8.597441 1.1904762
 100.611 92.95745 85.31373 0.9177718 0.9239293 7.907628 1.25
 112.90113 106.113335 98.54613 0.9286875 0.9398784 7.764624 1.25
 26.395939 21.553034 18.704947 0.8678568 0.81652844 7.357714 11.25
 82.21999 76.39024 70.205505 0.9190375 0.9290957 7.812041 1.25
 93.65622 84.65494 78.31473 0.9251053 0.9038902 7.409952 10.526316
 120.268524 114.714134 106.92991 0.93214244 0.9538168 7.511491 1.3157895
 112.33657 101.18425 93.72584 0.9262887 0.9007241 7.5337067 0.0
 113.81265 103.97622 95.89021 0.9222322 0.91357344 6.6986084 15.277778
 102.55512 88.88132 81.34449 0.91520345 0.86666876 6.347557 5.882353
 85.035576 78.380035 68.862114 0.87856704 0.92173225 3.8340583 0.0
 118.41427 109.94052 101.15289 0.9200692 0.92843986 6.385221 0.0
 118.78715 106.956825 98.61451 0.9220029 0.9004074 6.228123 1.4705882
 104.472755 91.89202 83.837975 0.91235316 0.8795788 6.2969184 1.4705882
 9.849389 8.733936 8.113731 0.92898905 0.8867491 4.507221 12.5
 19.62062 13.413135 10.915109 0.8137627 0.6836244 6.1478577 6.25
 102.39751 94.45402 86.6193 0.9170525 0.922425 5.774526 0.0
 21.434216 23.649147 22.19311 0.93843174 1.1033362 5.112067 12.5
 87.88987 86.94458 79.63607 0.91594064 0.98924464 4.612208 1.9230769
 108.68382 108.01655 94.81695 0.8778002 0.99386036 3.8574858 2.0833333
 1.0 78.12753 71.9117 66.58788 0.9259674 0.92043984 582.1438 6.5261545 123.0
