 144.67203 157.37578 144.66478 0.9192316 1.0878106 4.369034 1.9230769
 157.78807 150.79851 135.74954 0.9002049 0.95570284 6.1163864 3.9473684
 149.77434 157.8113 149.27219 0.9458905 1.0536604 7.2392654 0.0
 14.553975 13.540849 10.898824 0.8048848 0.93038833 7.03586 12.5
 32.703884 16.376799 13.279476 0.8108713 0.5007601 8.263764 7.9545455
 16.191025 14.81583 8.807957 0.5944963 0.91506433 8.02656 5.681818
 131.44032 136.4828 123.72603 0.906532 1.0383632 3.8394923 0.0
 142.05899 139.16748 70.569725 0.5070849 0.97964567 5.596932 3.9473684
 12.208308 12.791346 11.418162 0.8926475 1.0477574 8.318443 3.409091
 1.4062098 0.30837402 0.103368185 0.33520392 0.21929447 4.0173755 25.0
 17.321318 18.958885 17.04064 0.89882076 1.0945407 7.723447 4.4117646
 9.324627 9.141621 8.611586 0.9420196 0.98037386 8.055957 8.333333
 158.3854 166.13713 158.24228 0.95247996 1.0489421 7.2371564 1.3157895
 12.397353 10.325732 9.1027565 0.8815604 0.8328981 10.111693 7.9545455
 61.20199 62.205315 56.875626 0.914321 1.0163937 3.6827614 8.333333
 122.99061 126.99165 120.18974 0.94643813 1.0325313 7.227382 1.3157895
 153.31584 160.92448 152.35387 0.94674146 1.0496273 6.746596 1.3888888
 149.37044 158.3166 149.80772 0.9462541 1.0598924 7.4257593 1.3157895
 161.91922 171.14146 162.06168 0.9469457 1.0569558 6.664376 0.0
 6.2042203 3.222843 2.5510883 0.7915646 0.5194598 3.9036698 8.928572
 6.010526 5.589539 5.3186493 0.9515363 0.92995834 7.9188 15.789474
 49.82314 50.010258 47.201305 0.94383246 1.0037556 8.739193 3.409091
 127.1512 131.79689 124.8378 0.94719833 1.0365367 7.1312366 0.0
 151.24225 160.05948 151.05272 0.9437286 1.0582988 6.850278 0.0
 15.343322 16.072365 10.042443 0.6248267 1.0475153 5.4757743 5.681818
 154.7052 161.95743 152.76346 0.9432321 1.0468777 6.7575483 1.3888888
 17.13757 12.605887 11.238388 0.89151895 0.7355703 6.355604 10.227273
 62.858772 60.61038 55.667065 0.9184412 0.964231 4.359884 5.769231
 167.0969 174.46036 164.91922 0.9453106 1.044067 7.220765 1.3157895
 163.37123 151.91986 81.3777 0.535662 0.9299058 4.6638784 4.1666665
 16.321903 14.333213 11.723232 0.8179068 0.87815815 8.604591 9.090909
 148.54698 155.65663 148.1781 0.951955 1.0478612 7.3139286 1.3157895
 144.45654 149.2192 141.5617 0.948683 1.0329694 7.440058 13.157895
 3.9376643 2.7847064 2.47711 0.88954085 0.7071975 8.004239 20.238094
 138.42706 146.08397 132.97354 0.91025424 1.0553136 4.77665 0.0
 1.5405103 0.85080117 0.23724116 0.27884442 0.5522853 3.5981712 16.071428
 20.312918 19.532696 15.765896 0.8071541 0.9615899 8.069693 10.227273
 2.7918665 1.5284085 0.9295319 0.60816973 0.5474504 2.7488132 18.421053
 151.14618 144.68726 135.27106 0.9349203 0.957267 7.19881 11.842105
 136.25063 141.07738 134.49646 0.95335245 1.0354255 7.2961545 1.3157895
 10.06427 8.858758 8.029073 0.9063429 0.8802186 10.875669 14.772727
 159.57466 165.21725 153.43913 0.92871135 1.0353601 7.2823157 1.3157895
 13.489177 13.117852 12.334109 0.94025373 0.9724724 9.806772 12.5
 144.07956 151.39066 139.94969 0.92442757 1.0507435 4.797493 1.7857143
 157.43271 164.76894 155.86806 0.9459796 1.0465993 6.8157883 1.3888888
 15.994687 14.596406 12.867005 0.8815187 0.9125784 7.47603 13.636364
 12.985421 9.962587 2.4640453 0.24732985 0.7672133 3.1512697 10.227273
 74.3796 72.99463 69.574684 0.953148 0.9813797 8.465296 4.5454545
 126.906204 133.3638 123.15834 0.9234765 1.0508848 4.889764 7.142857
 164.69936 175.90643 167.27623 0.95093864 1.0680456 6.799057 0.0
 144.45427 153.1603 137.99925 0.90101194 1.0602684 3.9073377 8.333333
 150.24915 157.72713 150.09766 0.9516286 1.0497706 7.131365 2.631579
 23.088755 19.158113 11.638845 0.6075153 0.8297594 4.934439 7.8125
 36.737022 21.491167 13.642654 0.6348029 0.5850003 2.6008909 8.333333
 144.63376 153.19623 145.22075 0.94793946 1.059201 6.7797527 0.0
 154.41347 161.20853 152.69653 0.94719887 1.0440056 7.299166 2.631579
 153.34607 163.52779 154.78152 0.94651514 1.066397 6.7837124 4.1666665
 160.51309 167.98509 159.35753 0.94864094 1.0465508 7.314988 1.3157895
 21.593203 23.34781 20.681496 0.88580024 1.0812573 9.468989 3.409091
 147.908 155.7016 141.54333 0.9090679 1.0526922 4.8503723 1.7857143
 126.45868 133.79045 123.88264 0.9259453 1.0579776 5.3687916 1.6666666
 154.29375 161.10446 152.72133 0.94796467 1.0441412 6.6954703 1.3888888
 152.48361 157.18744 149.10442 0.9485772 1.030848 7.2531266 1.3157895
 112.89294 121.01616 116.22102 0.9603761 1.0719551 8.595936 3.409091
 150.81505 157.40608 148.47252 0.9432452 1.0437027 7.4032803 3.9473684
 133.42508 140.97586 134.60555 0.9548127 1.0565919 7.559201 0.0
 152.92357 160.05157 150.99794 0.943433 1.0466115 7.356296 1.3157895
 166.2405 174.315 165.43811 0.9490756 1.0485712 7.2400546 1.3157895
 154.68484 163.1196 153.45654 0.94076097 1.0545286 6.3723555 1.4705882
 154.3277 163.8264 154.62303 0.94382244 1.061549 6.6619177 1.3888888
 14.281116 13.939796 11.239298 0.8062742 0.97609997 9.999208 13.636364
 13.717092 5.195889 4.1309767 0.7950471 0.37878942 4.463218 15.0
 150.59782 159.87617 150.45973 0.9411017 1.0616101 6.7774086 1.3888888
 67.9376 55.39344 49.867218 0.9002369 0.8153577 4.39026 9.615385
 11.136285 9.5488615 6.1789465 0.6470873 0.8574549 6.8453155 9.090909
 142.05026 147.81679 139.7837 0.9456551 1.040595 7.2926474 10.526316
 160.87209 166.7831 158.33775 0.94936323 1.0367436 7.2330174 9.210526
 151.86102 159.5669 151.66954 0.9505075 1.050743 7.346265 1.3157895
 147.72574 151.57841 135.05432 0.89098656 1.0260799 7.0343065 1.3157895
 8.775384 6.750223 5.830433 0.8637393 0.7692225 4.784449 10.0
 114.99382 117.37149 111.23265 0.94769734 1.0206765 6.829204 8.333333
 161.02718 170.74821 161.87032 0.9480059 1.060369 6.9248166 1.3888888
 13.282764 13.52977 11.864979 0.8769535 1.0185959 10.613506 11.363636
 141.74893 152.5911 142.05196 0.9309322 1.0764885 4.907952 3.5714285
 130.89258 141.96452 136.75081 0.9632745 1.0845882 8.633906 1.1363636
 15.426713 13.534643 10.384992 0.7672897 0.87735105 6.3310394 7.9545455
 142.62025 147.22388 139.95595 0.9506335 1.0322789 7.1863213 1.3157895
 11.551959 10.651497 9.536893 0.895357 0.92205113 9.967728 5.681818
 156.81413 165.65985 156.20618 0.9429332 1.056409 6.2803197 1.4705882
 144.22658 151.06345 138.99667 0.9201212 1.0474037 6.826211 1.3888888
 11.481614 9.770952 8.5215225 0.8721282 0.85100853 8.099375 12.5
 146.30232 154.90523 147.21036 0.9503253 1.0588024 7.3974924 0.0
 15.320173 11.683655 9.682312 0.8287058 0.762632 5.9066286 10.0
 133.5837 145.49619 133.24405 0.9157907 1.0891762 5.787829 3.125
 15.666869 10.938972 5.619031 0.5136708 0.6982233 5.780651 15.0
 152.03963 155.84729 145.07307 0.93086684 1.0250438 6.689118 1.4705882
 154.76701 156.50836 143.9092 0.9194984 1.0112514 5.9833193 3.125
 167.4115 181.54994 164.80064 0.90774274 1.0844532 5.0626907 1.7857143
 178.16003 192.33878 170.44604 0.88617617 1.0795842 4.9255395 3.5714285
 160.70789 174.93698 159.09726 0.9094547 1.0885402 5.002516 3.5714285
 181.02898 199.28293 183.2128 0.9193602 1.1008344 5.6276226 0.0
 177.37367 190.82152 167.36589 0.8770808 1.0758164 4.919476 1.7857143
 170.1723 157.01328 99.6982 0.6349667 0.92267233 4.774639 1.6666666
 191.61653 211.38014 191.80092 0.9073744 1.1031414 5.0377383 1.7857143
 171.73407 187.61879 172.39412 0.9188531 1.092496 4.972439 0.0
 180.83386 199.93266 183.20726 0.9163448 1.1056151 4.942263 0.0
 199.06267 216.43854 194.86725 0.90033525 1.0872885 5.0171123 0.0
 177.30804 179.56004 157.88159 0.87926906 1.0127012 5.709304 0.0
 170.17715 182.41182 166.42653 0.91236705 1.0718937 5.502458 1.6666666
 178.12996 194.45854 177.1361 0.9109196 1.0916667 4.9426622 0.0
 173.41684 189.05376 171.6791 0.9080967 1.0901695 5.0444055 1.7857143
 162.67218 141.98509 82.91963 0.5840024 0.87282956 2.2909598 3.5714285
 184.32333 200.43645 181.73488 0.9066958 1.0874176 4.4393287 1.9230769
 159.22876 169.5103 153.06087 0.9029591 1.0645709 5.0465765 7.142857
 180.20912 191.3983 161.41966 0.8433704 1.0620899 4.7674584 3.5714285
 177.08936 172.34392 112.496284 0.652743 0.9732032 3.0767865 5.357143
 175.58626 185.45027 169.8284 0.9157624 1.0561776 5.4763727 3.3333333
 19.840261 21.153158 18.937452 0.89525414 1.0661733 7.1764517 5.5555553
 173.51312 185.65585 170.41808 0.9179246 1.0699816 5.5315685 0.0
 182.6618 195.31494 176.2993 0.9026411 1.0692708 4.9908347 0.0
 180.85596 197.62791 179.7973 0.90977687 1.0927365 4.9404426 0.0
 167.42055 183.35117 165.39603 0.90207237 1.0951533 4.9890814 1.7857143
 157.82344 170.81615 151.92206 0.88938934 1.0823243 3.972982 2.0833333
 154.92609 162.21892 148.80435 0.9173058 1.047073 5.464138 1.6666666
 190.56317 210.40477 189.64688 0.90134305 1.1041209 4.5366364 1.9230769
 178.98578 195.0906 177.05374 0.90754616 1.0899782 4.953703 1.7857143
 165.68219 184.84775 164.86751 0.8919098 1.1156765 4.027799 2.0833333
 152.73813 163.67274 146.53365 0.89528435 1.0715907 4.9496694 3.5714285
 161.23903 169.50192 154.64232 0.9123337 1.0512462 5.4389386 1.6666666
 32.290043 32.089565 29.923874 0.932511 0.9937914 6.511167 5.882353
 186.93929 192.04184 169.20396 0.8810786 1.0272952 4.4270587 3.8461537
 117.251945 119.91091 108.09571 0.90146685 1.0226774 5.559444 6.25
 165.3309 163.86368 145.64578 0.8888229 0.9911255 3.9641564 2.0833333
 127.2238 130.02664 117.652794 0.90483606 1.0220308 4.8324327 1.7857143
 78.336205 70.94429 64.51637 0.90939486 0.9056386 4.249779 13.461538
 7.0740833 4.4456687 3.5871878 0.806895 0.6284445 3.823212 11.538462
 12.545341 10.196433 7.2049804 0.7066177 0.8127666 4.5866303 5.769231
 1.0 112.91221 117.47578 106.21743 0.90416455 1.040417 694.82556 4.87026 137.0
