 16.695543 12.420673 11.640305 0.9371718 0.74395144 8.094247 12.5
 3.8016274 1.0968152 0.21647657 0.19736832 0.28851202 2.4869332 16.666666
 38.809765 37.418453 34.808136 0.93023986 0.9641504 8.629321 10.227273
 13.3548 11.216403 10.427401 0.9296564 0.839878 8.158787 15.909091
 9.419428 9.048586 8.449106 0.9337488 0.96063006 8.681803 7.9545455
 55.906315 58.553055 55.77874 0.9526188 1.0473424 8.630258 6.818182
 18.089588 19.227219 18.018076 0.93711305 1.0628886 9.682094 9.090909
 56.051567 56.75213 53.65569 0.9454392 1.0124985 8.91435 4.5454545
 11.6404705 9.02697 8.409018 0.9315437 0.7754815 7.6719723 14.772727
 15.014107 13.851432 12.799013 0.92402095 0.9225611 8.567674 13.636364
 34.506065 30.148518 28.012156 0.9291388 0.8737165 8.635537 10.227273
 27.876196 27.446478 26.00388 0.9474396 0.9845848 8.654058 12.5
 19.2509 5.5402637 0.7650306 0.1380856 0.28779244 1.1409658 14.772727
 62.178974 63.699875 60.001408 0.9419392 1.0244601 8.253465 3.5714285
 3.6948435 0.81341654 0.31957942 0.39288533 0.22014913 2.745312 16.666666
 19.994343 20.81368 19.555279 0.9395397 1.0409786 8.823454 5.681818
 20.073532 10.089989 5.439494 0.5390981 0.5026514 8.498219 15.909091
 12.061595 11.981374 11.241835 0.93827593 0.993349 8.768363 3.409091
 39.103554 41.00817 38.948833 0.94978225 1.048707 8.674716 4.5454545
 10.531959 10.090272 9.471433 0.9386697 0.95806223 8.142987 13.636364
 24.573275 24.021671 22.558466 0.93908817 0.97755265 8.752768 6.818182
 83.15574 80.53602 73.108116 0.90776914 0.96849614 6.346975 10.294118
 14.273334 13.756728 12.139968 0.88247496 0.9638062 9.059028 11.363636
 8.977325 5.1189647 1.8208656 0.35570976 0.5702104 3.130295 17.045454
 10.142004 10.453941 9.790472 0.93653405 1.030757 8.7375555 12.5
 15.150428 13.787364 12.547091 0.9100428 0.91003126 8.42904 11.363636
 24.911823 26.580307 25.31668 0.9524601 1.0669756 8.970112 5.681818
 12.700451 12.833297 11.782842 0.91814613 1.0104599 8.308765 7.9545455
 22.283495 21.068668 19.984364 0.9485348 0.94548315 8.685452 14.772727
 16.458185 13.295376 12.16978 0.91533923 0.8078276 8.668796 10.227273
 13.116846 9.117497 8.5367365 0.93630266 0.6950983 9.004201 12.5
 69.91885 72.27233 67.363335 0.9320764 1.0336602 8.62874 3.409091
 56.010956 58.188797 54.824146 0.942177 1.0388824 8.9631605 3.409091
 19.817867 19.970707 18.525557 0.9276365 1.0077122 8.850475 10.227273
 88.08801 88.72775 82.40773 0.9287706 1.0072626 8.554088 4.5454545
 6.9029074 3.0624585 2.4410312 0.79708225 0.44364762 7.31092 15.909091
 10.255299 8.975689 8.010582 0.8924754 0.87522453 8.802177 12.5
 37.70829 27.734842 25.199987 0.90860397 0.7355105 8.425033 13.636364
 9.483657 3.0506976 2.0061328 0.6575981 0.32167944 5.8003454 17.045454
 7.525779 4.4472013 3.5296378 0.7936762 0.5909291 5.1264305 16.071428
 14.080066 11.372935 9.490414 0.83447355 0.8077331 5.2730064 10.714286
 14.67624 11.43085 6.7117095 0.58715755 0.7788678 7.1800313 11.363636
 33.596317 32.234756 28.639685 0.8884722 0.95947295 5.1726265 10.714286
 7.251242 5.8888073 5.523358 0.9379417 0.8121101 8.512807 14.772727
 15.72024 13.134926 12.180993 0.92737436 0.8355424 8.263807 12.5
 11.4405985 3.2994435 0.5810075 0.17609257 0.28839782 1.1973895 14.772727
 4.2432623 1.0080525 0.17312402 0.17174107 0.23756544 1.8472309 17.045454
 10.265039 9.102897 8.535487 0.93766713 0.8867863 8.672752 13.636364
 44.855682 18.855003 15.20773 0.80656207 0.42034817 7.9168744 13.636364
 14.225389 10.390623 9.831651 0.9462041 0.7304281 7.7060966 18.181818
 57.60726 60.29994 56.91631 0.94388664 1.046742 8.674243 2.2727273
 15.646661 10.481205 9.585121 0.9145056 0.6698685 8.248625 15.909091
 36.075447 37.525784 35.461647 0.9449942 1.0402029 8.721949 13.636364
 13.557939 11.308006 10.04041 0.88790274 0.83405054 4.602228 13.461538
 23.840103 22.499126 21.329235 0.94800276 0.9437512 8.657087 4.5454545
 72.106865 71.12471 66.88538 0.9403959 0.9863792 8.74008 13.636364
 11.447015 10.239721 8.551815 0.8351609 0.8945321 8.744135 12.5
 19.225126 18.759384 16.744162 0.8925752 0.97577435 4.977455 10.714286
 58.33695 39.394596 34.39895 0.8731895 0.6752941 4.516458 11.538462
 14.968718 11.849295 11.218435 0.9467597 0.79160386 8.803106 12.5
 40.189842 41.497177 39.036648 0.9407061 1.032529 8.676348 14.772727
 1.8610762 0.4012286 0.06434877 0.16037932 0.21558955 1.8008602 22.222221
 20.91626 18.043665 16.744766 0.9280135 0.8626621 8.657774 12.5
 1.7501978 0.42629287 0.09824317 0.23045935 0.24356839 1.3336655 23.529411
 11.293669 10.516883 9.257847 0.8802843 0.93121934 4.5520782 5.769231
 20.744982 20.918772 19.454784 0.9300156 1.0083774 9.334306 5.681818
 59.418724 52.874096 45.621223 0.8628275 0.88985586 4.450572 5.769231
 4.2520037 1.1886116 0.3063511 0.2577386 0.27954152 3.263215 20.833334
 25.541431 23.839542 22.344755 0.937298 0.9333675 7.647086 10.0
 18.086115 16.702675 15.561451 0.9316742 0.92350817 9.514229 7.9545455
 12.630405 12.251569 11.507768 0.9392893 0.970006 6.3360424 9.722222
 29.64805 30.299341 28.20518 0.93088424 1.0219674 8.580211 5.681818
 29.781246 30.012873 28.155802 0.9381242 1.0077776 8.320066 9.090909
 9.616638 9.602466 8.980204 0.93519765 0.9985262 8.333458 7.9545455
 14.642972 12.786527 12.105672 0.9467522 0.8732194 7.8271146 12.5
 6.64477 2.3345835 0.37673604 0.16137184 0.35134152 1.2712352 18.181818
 18.294445 17.947046 16.87407 0.9402143 0.9810107 8.528537 7.9545455
 26.499897 27.258234 25.849075 0.9483034 1.0286167 8.569209 10.227273
 16.764822 14.869926 14.019987 0.9428417 0.88697195 8.690026 11.363636
 24.023916 23.53565 22.240059 0.94495195 0.9796758 8.636558 10.227273
 4.4044647 2.0636444 1.609632 0.77999485 0.46853468 8.051481 10.227273
 15.518071 11.666339 10.592648 0.9079668 0.7517905 8.053162 14.772727
 11.2175255 10.270165 6.968968 0.67856437 0.9155464 7.829408 11.363636
 1.5144061 0.4204239 0.20589334 0.48972794 0.27761635 4.758369 23.4375
 62.431667 64.32448 60.310352 0.93759567 1.0303181 8.806247 5.681818
 41.381214 30.07017 27.055082 0.89973164 0.72666234 8.132295 14.285714
 36.440895 34.463593 32.388386 0.93978554 0.9457395 8.762441 9.090909
 18.873432 17.998037 16.756744 0.9310318 0.9536175 8.818769 3.409091
 65.52582 35.34077 31.240948 0.8839918 0.53934115 7.799826 18.181818
 13.355844 12.146835 11.0971155 0.91358083 0.9094772 7.886404 11.363636
 19.964697 19.170187 17.98557 0.9382053 0.96020424 8.695607 4.5454545
 30.122393 29.872276 27.86252 0.93272173 0.99169666 8.373171 10.227273
 30.046846 29.861513 27.685818 0.9271405 0.9938319 9.134698 5.681818
 25.118053 25.30117 23.887566 0.9441289 1.0072902 8.641708 5.681818
 6.8193254 4.500817 3.4155867 0.7588815 0.6600091 5.3935504 18.421053
 30.551344 26.370914 24.181387 0.91697186 0.8631671 8.791837 11.363636
 3.3088844 1.4337298 0.48109362 0.3355539 0.43329704 4.00124 17.045454
 18.92702 16.984266 15.788477 0.92959434 0.89735556 8.401186 12.5
 15.8155775 15.286553 14.433371 0.94418734 0.9665504 8.716481 6.818182
 10.737983 10.72126 10.059657 0.93829054 0.9984427 8.91328 7.9545455
 10.060812 6.8781157 4.525373 0.6579379 0.6836541 4.577997 17.857143
 32.812664 33.36155 31.408083 0.9414455 1.0167279 8.786182 12.5
 11.65354 11.21604 10.338598 0.921769 0.9624578 9.039197 11.363636
 14.039373 12.106173 11.290379 0.93261343 0.86230147 8.194757 14.772727
 13.44555 13.931127 12.953392 0.92981654 1.0361143 8.82316 3.409091
 1.542026 0.36151516 0.11388732 0.3150278 0.23444165 2.4443293 19.117647
 1.7528034 0.34317544 0.1252713 0.36503574 0.19578661 4.7332273 19.736841
 17.150068 16.072927 14.445518 0.8987484 0.9371931 8.556981 12.5
 22.356283 22.030968 20.809374 0.94455105 0.9854486 8.708928 1.1363636
 4.5553765 1.3593934 1.1637113 0.8560519 0.29841515 9.422058 17.045454
 6.833599 2.3234608 0.7247379 0.3119217 0.34000543 2.556455 18.75
 7.3593054 1.9281521 1.2108105 0.62796426 0.2620019 5.8125334 18.181818
 3.0855806 1.1590748 0.7189218 0.6202549 0.37564236 7.6854763 16.25
 12.466696 12.595184 12.068089 0.958151 1.0103066 8.531079 12.5
 14.492601 14.711532 13.911202 0.94559854 1.0151063 8.491817 14.772727
 8.278058 5.7199287 4.8734293 0.85200876 0.69097465 8.505733 13.636364
 81.483925 77.49738 71.823 0.9267797 0.95107573 8.609507 6.818182
 3.0069485 0.774094 0.41952989 0.54196244 0.25743508 4.2723036 19.047619
 3.987643 2.1553962 1.426534 0.66184306 0.5405188 5.8514442 18.181818
 15.154446 14.33809 13.065501 0.9112442 0.94613093 8.807134 11.363636
 7.473708 1.6342239 0.27801946 0.17012325 0.21866307 1.4484565 20.238094
 10.610264 9.452627 8.589437 0.9086825 0.8908946 9.302274 12.5
 19.53777 19.639523 16.85099 0.8580142 1.005208 6.341691 11.764706
 9.370017 8.620589 8.061224 0.9351129 0.92001855 8.851083 11.363636
 11.977174 12.670892 11.984055 0.9457941 1.05792 8.642107 7.9545455
 8.556942 2.3232915 0.23715173 0.102075756 0.27150956 0.91222376 18.181818
 11.810694 10.604601 9.6551075 0.9104641 0.8978812 7.5302234 9.090909
 12.381348 5.660779 4.6688805 0.82477707 0.45720214 8.787639 15.909091
 18.866343 16.320744 15.044915 0.9218278 0.865072 7.98152 12.5
 15.392767 13.693418 12.50966 0.9135528 0.8896008 8.0810995 7.9545455
 15.719824 12.9328165 12.177628 0.94160676 0.8227075 8.1092615 17.045454
 32.07144 32.288303 30.544453 0.9459913 1.0067619 8.639023 3.409091
 16.951492 16.078848 14.781885 0.91933733 0.9485211 8.3908615 10.227273
 9.3287945 9.388799 8.862444 0.94393796 1.0064322 8.96701 9.090909
 10.861164 10.718129 10.034982 0.9362625 0.9868306 9.281526 11.363636
 46.579533 47.77957 44.86501 0.9389998 1.0257632 8.777755 5.681818
 39.64987 30.819706 28.857594 0.9363358 0.7772965 8.548802 14.772727
 20.477476 20.325047 19.005106 0.9350585 0.99255615 8.843337 5.681818
 12.311684 11.497682 10.797152 0.9390721 0.9338838 8.531355 5.681818
 19.881872 19.08559 17.925268 0.9392043 0.9599493 8.748596 6.818182
 14.147562 12.281629 9.707524 0.7904102 0.86810917 6.523558 11.363636
 7.8256063 6.914763 6.4674788 0.93531466 0.88360727 8.888617 11.363636
 27.676802 28.14115 26.550566 0.94347835 1.0167775 8.677417 1.1363636
 24.617956 25.256132 23.72165 0.93924314 1.0259233 8.448024 9.090909
 15.789561 14.818395 13.808229 0.9318303 0.93849313 6.4331923 13.235294
 18.381868 17.571247 16.537594 0.94117355 0.9559011 8.680019 4.5454545
 14.350014 14.105435 13.2989235 0.94282264 0.9829562 7.8032 11.363636
 14.068733 12.511443 11.363011 0.9082095 0.8893084 6.118446 10.9375
 12.252753 11.881171 11.008681 0.92656535 0.9696736 8.347896 12.5
 1.9629819 0.52233154 0.074313805 0.14227325 0.26609087 1.5212874 17.5
 28.240507 28.936739 27.282711 0.9428399 1.0246537 8.797834 5.681818
 16.37722 15.434235 14.083504 0.91248477 0.9424209 8.2984085 9.090909
 3.3632708 1.0082941 0.13612108 0.13500136 0.29979572 1.2946212 17.857143
 3.9694571 1.3406559 0.6125366 0.45689324 0.3377429 3.1322982 18.181818
 1.9486272 0.56677896 0.1674924 0.29551625 0.29086065 1.5244932 18.421053
 54.83252 55.253357 51.375538 0.9298175 1.0076749 9.188886 7.9545455
 1.9187497 0.85262346 0.5944305 0.69717824 0.4443641 10.069486 16.666666
 2.0692298 0.61752206 0.17507116 0.28350592 0.29843083 2.3217015 20.238094
 57.102398 59.67465 56.874165 0.9530708 1.0450462 8.249845 10.227273
 31.586016 31.68642 30.096914 0.9498364 1.0031787 8.426869 3.409091
 20.645893 14.287874 11.597871 0.81172824 0.6920444 7.2022004 11.363636
 22.804747 20.603909 19.219667 0.93281657 0.9034921 9.195834 13.636364
 11.483704 11.636828 11.096258 0.95354664 1.013334 9.19698 3.409091
 20.057184 20.221392 18.89785 0.9345474 1.0081869 8.819833 2.2727273
 34.96438 38.601295 34.5722 0.8956229 1.1040177 5.5945973 1.7857143
 51.094368 52.92728 49.820484 0.9413007 1.035873 8.995023 2.2727273
 7.548567 2.30141 1.1839377 0.5144401 0.30488038 6.0964375 15.909091
 13.144226 12.300227 11.426967 0.92900455 0.93578935 8.8329935 10.227273
 35.015854 36.82233 34.692116 0.94214886 1.0515902 7.740083 5.0
 10.187185 9.870841 8.835255 0.89508635 0.96894675 5.13338 10.714286
 17.7185 17.147434 16.228945 0.9464358 0.9677701 8.695471 7.9545455
 78.63398 78.78885 74.35819 0.94376546 1.0019695 8.741964 6.818182
 25.753405 26.074577 24.568508 0.94224 1.0124711 8.748912 1.1363636
 10.705731 9.277067 8.569386 0.9237171 0.86655146 8.354682 13.636364
 11.23433 9.440845 7.8454156 0.8310078 0.8403567 4.3711157 9.615385
 75.26124 66.128235 58.22136 0.8804312 0.87864935 5.1356955 12.5
 88.728714 72.30992 67.2813 0.9304574 0.8149551 8.601703 12.5
 43.541687 46.425137 44.894737 0.9670351 1.0662228 9.588412 5.681818
 9.610138 8.02417 7.4581285 0.92945796 0.8349692 8.963707 15.909091
 12.1932955 11.391515 10.835739 0.95121145 0.93424416 8.133468 9.090909
 3.1110678 0.97390574 0.1769702 0.18171184 0.31304547 1.5483875 14.772727
 26.089838 25.383482 23.802128 0.93770146 0.97292596 8.286863 14.285714
 12.1814 6.8998356 6.3058844 0.913918 0.56642383 8.591195 18.181818
 47.123405 49.450066 46.39222 0.938163 1.0493737 9.109537 5.681818
 8.870746 2.8711562 0.7421583 0.2584876 0.3236657 2.274714 14.772727
 3.428597 1.2375219 0.89416164 0.7225421 0.3609412 9.026361 15.0
 7.867931 3.5819254 0.79833657 0.22287919 0.4552563 2.6502934 17.045454
 4.459031 0.9994107 0.22548746 0.22562042 0.22413181 2.1788023 19.047619
 26.106543 25.53121 24.039904 0.9415889 0.97796214 8.09148 9.523809
 82.75901 82.5496 77.693474 0.94117326 0.9974696 8.188863 5.952381
 10.62742 8.868718 8.257087 0.931035 0.83451277 6.667494 7.5
 24.46494 22.79018 21.239393 0.9319537 0.9315445 7.5854206 11.25
 12.839842 11.196163 10.507587 0.938499 0.8719861 7.7174163 15.0
 2.2387223 0.6452382 0.16421744 0.25450668 0.2882172 1.6737916 20.833334
 17.203382 15.428552 14.449673 0.9365541 0.8968324 7.4906883 12.5
 75.52628 66.634445 62.56109 0.93887013 0.88226825 6.6162815 12.5
 5.6561074 1.4371091 0.32872945 0.22874355 0.25408095 2.1702323 14.705882
 106.64335 79.48222 73.19852 0.920942 0.7453088 6.1203384 16.17647
 20.644396 20.303688 18.846615 0.92823607 0.9834963 5.5943437 6.6666665
 92.26281 96.15603 89.14993 0.92713827 1.042197 5.424697 5.0
 2.6711664 0.8661274 0.31048426 0.35847417 0.3242506 1.9858322 16.666666
 28.31218 30.469704 27.751541 0.91079134 1.0762048 5.185137 1.7857143
 26.424679 28.860035 26.760077 0.9272365 1.0921621 4.9069467 7.142857
 60.029068 60.482693 54.812317 0.906248 1.0075568 4.816369 8.928572
 5.8214946 3.733065 2.9559 0.7918159 0.64125544 3.3827503 10.714286
 72.45453 76.79746 70.81786 0.92213804 1.0599401 4.5379505 5.769231
 30.438822 30.269821 27.772367 0.9174936 0.9944479 4.6524024 13.461538
 12.689604 12.352656 11.313745 0.9158957 0.9734469 4.5058446 15.384615
 22.41867 25.485914 23.319143 0.9149816 1.1368164 4.6828165 5.769231
 72.1475 69.67977 63.573135 0.9123614 0.96579605 4.507022 11.538462
 8.874586 8.3829565 7.378044 0.8801244 0.9446025 4.467862 13.461538
 43.2072 27.77879 23.15924 0.8337023 0.6429204 3.848653 12.5
 19.83165 19.619165 17.763914 0.9054368 0.98928565 4.2479696 6.25
 1.0 23.33763 21.25151 19.450663 0.9152603 0.91061133 163.28682 11.345053 213.0
