 103.18867 99.22128 90.74926 0.91461486 0.96155214 4.218898 5.769231
 48.58033 30.149336 26.470743 0.87798756 0.6206079 8.127405 19.318182
 8.507078 7.026837 6.5078425 0.92614114 0.82599884 8.391477 13.636364
 101.02943 101.03236 96.514084 0.95527893 1.000029 8.977965 5.681818
 9.1304035 8.68738 8.264711 0.9513468 0.9514783 8.7399435 14.772727
 74.33808 55.844433 52.539055 0.940811 0.75122243 8.912377 15.909091
 100.2814 99.01201 93.81806 0.9475423 0.9873417 9.058334 5.681818
 105.2777 103.639084 98.31445 0.94862336 0.9844353 9.01984 7.9545455
 13.82122 13.082632 12.377597 0.9461091 0.9465613 8.894043 10.227273
 107.50265 106.94981 101.59235 0.94990677 0.9948574 8.994648 2.2727273
 111.845566 111.89196 106.20983 0.94921774 1.0004148 8.451394 13.095238
 14.542759 13.894033 13.199756 0.95003057 0.9553918 9.267746 9.090909
 7.191236 5.7355666 5.2840486 0.9212775 0.79757726 8.566514 13.636364
 10.384373 9.057126 7.9494057 0.8776963 0.8721881 5.322024 5.357143
 72.225395 72.56954 67.5686 0.9310877 1.0047649 4.8313584 8.928572
 124.375114 123.97363 118.35753 0.9546992 0.996772 8.959479 1.1363636
 84.67609 87.103096 83.74058 0.96139616 1.0286623 9.412672 10.227273
 92.16961 93.04126 88.65895 0.9528993 1.009457 8.996896 3.409091
 125.668465 126.15938 120.18471 0.95264184 1.0039065 8.938345 1.1363636
 7.4728622 7.223721 6.7715116 0.9373993 0.96666056 9.063028 4.5454545
 113.12699 113.42566 107.08358 0.944086 1.0026401 8.931863 4.5454545
 13.931734 11.538204 8.725182 0.7561993 0.82819587 7.2958007 12.5
 9.654879 9.415841 8.865165 0.941516 0.9752418 8.823209 13.095238
 109.44999 109.4022 104.391846 0.9542024 0.99956334 8.956406 3.409091
 3.5279403 1.1156847 0.4708153 0.4219967 0.31624252 3.4570425 19.318182
 13.169659 12.575662 11.9812355 0.95273197 0.9548966 9.016081 11.363636
 103.61006 104.70682 98.06259 0.9365444 1.0105854 8.059608 10.0
 12.844751 12.333422 11.170881 0.9057407 0.96019155 5.225021 14.285714
 81.318695 85.07189 78.18979 0.91910243 1.0461543 6.221602 1.5625
 114.10947 111.06386 97.52726 0.8781188 0.97330976 4.538207 0.0
 1.0 63.231754 61.531456 57.71805 0.93802506 0.9731101 493.8536 8.728879 30.0
