 2.8198228 0.9365753 0.49395704 0.5274077 0.33213976 5.953976 16.25
 3.606071 1.7685258 1.2117848 0.68519485 0.49043012 4.642095 19.047619
 44.458794 43.92462 40.49945 0.92202157 0.987985 8.772786 11.363636
 14.211038 13.203933 12.158774 0.9208449 0.92913216 9.433902 13.636364
 3.530266 1.1968045 0.28606597 0.23902479 0.33901256 2.222722 13.636364
 95.49074 91.1227 82.87504 0.9094883 0.954257 9.075333 0.0
 2.8550417 1.3465253 0.56908536 0.42263252 0.47163066 4.9376764 17.045454
 1.2650455 0.4124489 0.07584838 0.18389763 0.32603484 1.261266 16.071428
 29.506878 29.340153 27.109741 0.9239809 0.9943496 8.839526 2.2727273
 30.667152 16.804834 15.249458 0.9074447 0.54797506 7.3368144 11.363636
 115.64646 97.144005 90.09747 0.927463 0.84000844 9.322989 11.363636
 65.27616 48.020054 40.746098 0.8485225 0.7356446 4.4369893 13.461538
 15.996596 15.795467 14.624677 0.9258781 0.98742676 9.449035 7.9545455
 90.699104 81.26429 74.480095 0.91651696 0.8959767 9.142746 10.227273
 103.81155 99.776 92.63454 0.92842495 0.96112627 9.053861 0.0
 14.349387 13.808693 13.2462225 0.95926696 0.9623193 8.798757 10.227273
 16.029325 14.523056 13.57041 0.93440455 0.90603036 9.328736 6.818182
 2.5464327 0.8045731 0.3795303 0.47171637 0.31596088 3.39815 14.285714
 91.67412 86.58274 77.94819 0.900274 0.94446224 6.045828 0.0
 1.7112997 0.45376453 0.09225304 0.20330596 0.26515785 1.4473091 18.75
 12.602895 9.224736 6.2812333 0.68091196 0.73195374 8.527548 13.636364
 6.13389 4.2285395 3.667328 0.86728007 0.68937325 8.007222 9.090909
 13.969947 11.4279375 8.577846 0.75060314 0.8180373 3.440848 10.416667
 9.102928 6.6290135 4.53572 0.68422246 0.7282286 5.9365106 10.0
 90.635925 84.486145 77.79985 0.9208593 0.9321486 8.989699 6.818182
 20.00005 15.632798 13.894982 0.88883525 0.78163797 8.479359 6.818182
 12.285862 11.409124 10.300379 0.90281934 0.9286385 7.8797874 7.9545455
 80.22176 69.175446 64.8533 0.9375191 0.8623027 8.347661 1.25
 107.69743 102.05826 93.03134 0.91155136 0.9476387 7.226901 4.1666665
 114.352806 114.04946 103.487656 0.90739274 0.9973473 6.535356 4.4117646
 105.908775 105.94704 93.34056 0.8810115 1.0003612 4.391122 1.9230769
 101.82311 104.37253 94.64173 0.9067686 1.0250378 6.639185 8.823529
 101.99419 103.51651 93.17241 0.9000729 1.0149256 6.461015 0.0
 98.53919 97.19563 88.41981 0.90970975 0.9863652 6.5436964 1.4705882
 93.41341 91.482124 82.35454 0.90022546 0.9793254 6.536459 1.4705882
 92.45395 94.73025 86.12446 0.9091548 1.0246209 6.571322 0.0
 100.70897 97.46663 85.14357 0.8735663 0.96780485 4.370597 3.8461537
 104.13071 101.95269 91.730385 0.8997348 0.9790838 6.443585 2.9411764
 7.4545193 6.537655 5.2902656 0.8091993 0.8770055 4.1087556 14.705882
 95.49296 97.715675 88.842255 0.9091914 1.0232762 6.6088796 1.4705882
 101.59769 101.79887 92.62809 0.9099128 1.0019802 6.5023546 1.4705882
 89.21206 87.891884 79.715515 0.9069724 0.9852019 6.527448 13.235294
 93.21684 92.95567 84.64033 0.910545 0.99719834 6.462931 0.0
 106.953865 109.57678 98.227425 0.8964255 1.0245239 6.483003 11.764706
 106.931175 110.23256 98.25365 0.8913306 1.0308739 4.818876 1.7857143
 93.50485 96.02618 87.726585 0.9135695 1.0269647 6.4550343 1.4705882
 100.84927 101.64348 91.8904 0.90404624 1.0078752 6.4820385 7.352941
 112.481 114.03914 102.15875 0.89582187 1.0138525 6.4323297 1.4705882
 119.23707 122.56858 112.02058 0.91394204 1.0279403 6.4987583 1.4705882
 95.32917 94.20725 85.72562 0.9099683 0.9882311 6.517717 1.4705882
 100.31024 103.10034 93.822845 0.9100149 1.0278146 6.4689016 4.4117646
 100.41306 101.993706 88.695114 0.8696136 1.0157413 6.3214407 2.9411764
 119.88009 121.16532 110.54897 0.91238135 1.010721 6.4065723 4.4117646
 105.77995 108.95751 99.46624 0.91289014 1.0300393 6.391922 1.4705882
 96.10663 99.77855 90.973595 0.9117551 1.0382067 6.306248 1.4705882
 97.76016 97.58747 88.99473 0.91194826 0.9982335 6.5049987 8.823529
 104.46018 106.02881 95.82356 0.9037502 1.0150166 6.494537 7.352941
 98.04723 101.04726 91.91806 0.90965426 1.0305977 6.5451727 1.4705882
 95.824455 97.69541 88.98329 0.91082364 1.0195248 6.47176 1.4705882
 103.23075 104.75865 95.55769 0.91217 1.0148008 6.4478474 1.4705882
 119.49451 109.55308 97.96221 0.89419866 0.9168043 6.4610486 4.4117646
 109.749146 88.798195 80.658066 0.90833 0.80910146 6.5531187 14.705882
 113.62 115.7662 106.26145 0.91789705 1.0188893 6.454358 1.4705882
 102.21696 82.95823 75.074905 0.90497243 0.8115897 6.435291 13.235294
 109.144455 109.65086 99.71308 0.9093689 1.0046397 6.456994 1.4705882
 105.01779 107.05089 97.76444 0.91325206 1.0193596 6.5702143 1.4705882
 104.9452 105.90331 96.362274 0.909908 1.0091296 6.5947123 1.4705882
 94.25959 84.853455 76.70448 0.9039641 0.9002103 6.4961243 10.294118
 100.670296 69.329 33.64414 0.48528227 0.6886739 2.0981731 13.461538
 94.5958 94.783875 85.18998 0.8987813 1.0019882 6.426959 4.4117646
 111.906555 113.66466 102.26933 0.8997461 1.0157105 6.579943 1.4705882
 105.120834 105.977455 95.29289 0.89918077 1.0081489 6.44288 1.4705882
 86.2166 88.13046 80.209785 0.9101256 1.0221983 6.494368 8.823529
 118.10361 116.86623 101.63706 0.8696872 0.9895229 3.8726294 4.1666665
 104.652664 105.92695 96.47525 0.9107715 1.0121764 6.480089 14.705882
 105.34369 106.26239 95.28417 0.8966876 1.008721 6.53403 1.4705882
 118.80431 117.62814 102.33432 0.8699816 0.99009997 3.9380617 2.0833333
 104.51971 101.999825 91.72868 0.89930236 0.9758908 5.880821 6.25
 115.60173 119.049385 108.57863 0.91204697 1.0298235 5.9001102 0.0
 103.61707 100.555984 91.96019 0.9145174 0.9704576 5.467894 1.6666666
 19.198938 18.63055 16.337532 0.87692165 0.9703948 5.3600717 5.0
 19.266918 23.028452 21.422232 0.93025064 1.1952327 5.1768136 3.3333333
 117.57409 112.84124 102.705055 0.91017306 0.9597458 5.4408503 5.0
 73.00065 48.017727 41.8603 0.87176764 0.65777117 4.723524 14.285714
 106.35476 101.28175 91.55652 0.90397835 0.95230114 5.061384 0.0
 11.633758 6.774997 2.8858464 0.42595536 0.58235675 2.3142495 13.636364
 109.8625 105.549355 96.7137 0.91628885 0.96074045 5.034249 3.5714285
 104.06009 98.70006 89.843956 0.91027254 0.94849104 5.060046 5.357143
 104.324585 102.991035 93.82397 0.91099155 0.9872173 5.0180645 3.5714285
 104.638214 100.15236 90.3846 0.90247107 0.95712984 4.6486998 0.0
 97.81839 100.546036 90.19551 0.8970568 1.0278848 4.1732264 2.0833333
 89.276566 93.095665 83.52712 0.89721817 1.0427783 4.1858234 2.0833333
 7.3725376 5.965269 5.410222 0.9069536 0.8091202 3.8231218 14.583333
 91.77631 97.18699 86.61561 0.8912264 1.058955 4.1436973 2.0833333
 1.0 78.08467 75.74459 68.085075 0.898877 0.9700315 471.224 6.2220774 94.0
