 9.10836 7.2001524 5.9410315 0.8251258 0.7904993 7.3852844 14.772727
 5.068957 1.2131187 0.33405578 0.2753694 0.23932315 2.191434 14.285714
 14.402937 9.876813 8.836144 0.89463514 0.68574995 8.52946 15.909091
 18.999403 17.316898 15.886326 0.9173886 0.9114444 9.053429 13.636364
 10.632096 8.622897 7.939486 0.92074466 0.8110251 9.032927 9.090909
 5.4774537 2.6451893 2.1542935 0.8144194 0.48292315 6.659056 17.045454
 17.394728 16.234735 14.93325 0.91983336 0.93331355 9.153804 6.818182
 13.240649 5.7612615 4.2867846 0.7440705 0.43511924 7.8735576 15.909091
 29.039457 24.72889 22.166113 0.8963651 0.85156167 9.238726 9.090909
 70.1086 21.533064 17.297186 0.80328494 0.3071387 8.495658 12.5
 12.053023 6.623168 5.530329 0.8349976 0.5495026 7.36264 15.909091
 17.582994 15.577062 14.010889 0.8994565 0.8859163 9.041814 9.090909
 2.5794377 0.6361402 0.15747073 0.24754092 0.24661972 2.1342885 15.909091
 1.4150617 0.42472586 0.14790003 0.3482247 0.30014652 2.9747913 26.785715
 13.343835 9.011468 7.9114804 0.8779347 0.6753282 8.531681 15.909091
 120.203125 101.732285 92.83389 0.9125313 0.8463365 8.971145 12.5
 18.282364 13.769654 12.444 0.9037264 0.75316596 8.826991 14.772727
 45.036816 40.517456 37.280796 0.92011684 0.8996519 8.482593 9.090909
 24.373394 17.502972 14.976598 0.8556603 0.71811795 9.19641 15.909091
 25.797165 22.562181 20.535337 0.91016626 0.8745993 9.116825 3.409091
 2.0405858 0.4885007 0.16086203 0.32929742 0.2393924 3.6558568 19.047619
 23.47505 19.559587 17.77331 0.9086751 0.8332075 8.457985 15.909091
 17.570887 14.4895735 13.311338 0.91868395 0.8246353 8.881735 9.090909
 18.618225 15.894622 14.555107 0.9157253 0.8537131 9.010345 13.636364
 11.937787 9.055523 8.420384 0.9298618 0.7585596 9.060814 13.636364
 9.8352585 8.330703 7.5553503 0.9069283 0.84702426 9.08671 14.772727
 12.871988 11.879108 10.954833 0.9221932 0.92286503 8.631797 5.681818
 22.433859 20.597841 19.006088 0.9227224 0.91815865 8.940721 7.9545455
 18.243826 15.553975 14.317216 0.920486 0.85256106 9.121467 6.818182
 7.8997154 6.7761517 6.1945815 0.91417396 0.85777164 8.885093 15.476191
 40.108635 35.17577 32.344048 0.9194979 0.8770124 8.466752 12.5
 12.739963 6.0069036 5.0493736 0.84059507 0.47150087 8.045544 18.181818
 10.2899 6.0230017 5.446989 0.90436447 0.58533144 9.026054 14.772727
 25.55226 23.701721 21.763208 0.9182122 0.9275783 9.20314 12.5
 26.052423 22.740442 20.713842 0.9108812 0.8728725 8.903894 5.681818
 11.09723 5.5872364 4.5165253 0.8083648 0.50348026 8.11953 17.045454
 11.9872675 10.906401 9.927859 0.9102782 0.90983206 8.936216 11.363636
 14.274481 13.03272 12.002001 0.920913 0.9130083 8.973848 10.227273
 20.545746 18.647223 16.961655 0.9096076 0.9075952 8.832134 7.9545455
 2.4458504 1.0171764 0.55011976 0.5408302 0.41587844 5.877189 18.75
 13.969398 9.724664 8.985885 0.92403036 0.6961405 9.173185 15.909091
 17.917747 16.172295 14.607325 0.9032314 0.90258527 9.831188 12.5
 22.292307 20.234276 18.462025 0.9124134 0.90767974 9.054657 11.363636
 12.703971 11.549983 10.530259 0.9117121 0.9091632 9.173198 7.9545455
 17.135944 15.530662 14.159446 0.91170913 0.90632075 9.040017 11.363636
 9.350183 6.7457128 6.4311028 0.9533615 0.72145253 8.872367 15.909091
 13.327023 12.212113 11.210593 0.9179896 0.9163422 8.788568 14.772727
 27.24336 24.81007 22.773518 0.9179143 0.91068316 9.069367 7.9545455
 10.201308 6.591189 5.852788 0.88797146 0.64611214 8.523529 15.909091
 16.940487 15.388516 14.152149 0.9196565 0.9083869 8.921136 7.9545455
 26.709503 24.759647 22.757542 0.9191384 0.9269977 8.9925165 2.2727273
 29.814028 28.817453 26.208681 0.9094725 0.96657366 8.439579 7.9545455
 35.373566 32.664764 29.23811 0.89509624 0.92342305 8.459783 5.681818
 2.5577645 0.938253 0.3668789 0.39102346 0.3668254 4.733059 20.238094
 10.017181 6.91698 5.842257 0.8446255 0.6905116 5.4636226 15.0
 15.410448 14.311252 13.185618 0.92134625 0.92867196 8.997033 6.818182
 12.528682 6.639508 4.831598 0.7277042 0.52994466 2.9358673 10.416667
 2.7083602 1.152771 0.62055814 0.5383187 0.4256343 4.1833544 15.789474
 26.585651 24.326372 22.364925 0.9193695 0.91501886 8.797702 4.5454545
 3.3736675 0.87340707 0.09037636 0.103475645 0.2588895 0.954628 17.857143
 15.424464 13.323693 12.084278 0.9069765 0.86380273 8.396615 12.5
 15.380144 13.009934 11.7530985 0.9033941 0.8458916 8.581075 11.904762
 21.197025 17.091562 14.518468 0.8494523 0.80631894 6.592037 14.705882
 3.811348 1.378805 0.34828308 0.25259778 0.3617631 2.488774 17.857143
 6.3866696 4.084701 2.5768614 0.63085675 0.6395667 5.7881665 12.5
 13.033596 10.95313 10.030745 0.915788 0.8403766 8.865725 11.363636
 9.382372 9.209315 8.656243 0.93994427 0.9815551 8.860181 4.7619047
 10.839109 7.998113 7.3959665 0.9247139 0.73789394 8.107601 19.047619
 92.31904 77.88257 70.56904 0.90609545 0.8436241 8.959127 12.5
 10.723283 3.7513556 2.29215 0.61101913 0.34983277 5.0855265 13.636364
 11.655384 7.6512017 6.8199034 0.8913506 0.6564522 8.599828 14.772727
 19.350443 17.021492 15.412381 0.90546596 0.8796435 8.919588 6.818182
 16.70966 15.012607 13.78739 0.9183875 0.8984389 9.098689 12.5
 21.543913 18.461248 14.60618 0.79118055 0.85691243 4.0092497 10.416667
 18.365742 12.829552 11.596098 0.90385836 0.69855887 8.989646 9.090909
 49.95134 29.419466 24.74451 0.8410931 0.5889625 8.376287 14.772727
 22.160828 19.639894 18.155348 0.92441165 0.8862437 9.239378 11.363636
 13.024728 12.368503 11.344818 0.9172346 0.94961697 8.916396 6.818182
 10.254713 5.542797 5.110806 0.9220626 0.5405122 8.297046 15.909091
 23.626762 20.006872 18.280588 0.9137155 0.8467886 9.022297 15.909091
 4.2825904 1.3134582 0.8398991 0.6394563 0.30669713 6.9558134 21.052631
 68.00779 63.366558 58.281662 0.9197542 0.93175447 8.564302 12.5
 15.451404 13.616581 12.447745 0.9141608 0.8812521 8.929773 10.227273
 19.09825 16.624165 15.271453 0.9186298 0.87045485 8.905983 10.227273
 10.938631 8.015872 7.097283 0.8854037 0.73280394 8.737936 14.772727
 87.45029 69.6956 63.638474 0.91309166 0.79697394 8.94535 13.636364
 7.1178784 3.4355614 2.7830255 0.8100642 0.4826665 8.147494 15.909091
 12.629195 7.1103153 6.247784 0.878693 0.56300616 8.278214 15.909091
 7.7773466 6.8092384 6.1597223 0.90461254 0.875522 9.292421 15.909091
 15.79041 13.950661 12.8520355 0.9212492 0.88348943 9.017835 5.681818
 8.177598 5.6608396 3.682263 0.65048 0.69223744 7.475904 14.772727
 42.61331 23.130352 20.243328 0.8751846 0.54279643 8.29363 17.045454
 17.480906 14.009641 12.761378 0.91089976 0.8014254 9.091002 15.909091
 2.514349 0.9130972 0.16183214 0.17723429 0.36315453 2.109213 17.5
 14.073528 7.5511284 4.9361577 0.653698 0.5365484 6.603421 11.363636
 10.316527 4.4117775 3.2795475 0.74336195 0.42764172 7.8974347 12.5
 15.97559 13.95788 12.769232 0.9148404 0.8737004 9.003777 12.5
 61.050472 55.684395 51.10487 0.91775924 0.91210425 9.212824 14.772727
 49.033672 45.72074 42.917786 0.938694 0.93243563 8.836544 7.9545455
 17.311403 13.826218 12.487681 0.9031885 0.7986769 8.744087 11.363636
 1.4850168 0.5814092 0.15047438 0.25880978 0.39151692 2.6876328 17.5
 10.921082 9.911005 9.147939 0.9230082 0.90751123 8.9738655 13.636364
 9.723802 5.6684465 4.942357 0.87190676 0.58294547 8.645975 15.909091
 12.606162 11.96313 10.829249 0.9052187 0.94899064 9.133363 6.818182
 17.816936 6.651674 5.582825 0.83931136 0.3733343 8.1649885 19.318182
 8.981976 7.5347333 6.8754478 0.91250044 0.8388726 8.552439 14.772727
 8.554891 4.5581794 3.991036 0.87557673 0.53281564 8.414378 20.454546
 10.600639 9.432123 8.664184 0.9185825 0.88976926 8.996877 10.227273
 16.959316 14.571609 13.238283 0.9084984 0.8592097 8.628725 7.9545455
 14.048584 11.362376 10.196317 0.89737535 0.8087916 8.555062 14.772727
 11.115294 9.997958 9.185035 0.918691 0.89947766 8.93627 12.5
 11.908436 8.769079 7.9897714 0.9111301 0.7363754 9.001044 14.772727
 8.810996 2.9995706 1.5994003 0.53320974 0.3404349 4.7507014 17.045454
 21.671694 17.18528 15.608025 0.9082206 0.79298276 8.878117 12.5
 14.868159 13.958653 12.891072 0.9235183 0.93882865 8.867351 11.363636
 9.290719 3.0502498 1.2334564 0.4043788 0.3283115 3.7274873 17.045454
 8.4857235 6.5377045 5.8618145 0.89661664 0.77043563 8.991888 13.636364
 13.338208 12.080132 11.062001 0.9157186 0.90567875 9.014178 12.5
 21.983416 20.538813 19.0867 0.9292992 0.9342867 9.194775 11.363636
 8.160713 6.345028 5.794132 0.9131768 0.777509 8.894556 13.636364
 24.116684 22.234547 20.570648 0.92516613 0.921957 8.904099 6.818182
 16.163816 14.342696 12.948928 0.9028238 0.8873336 9.299872 12.5
 14.21779 10.265771 9.462856 0.9217872 0.722037 9.119269 11.363636
 10.438288 5.4449153 4.2528453 0.7810673 0.52162915 7.173292 11.363636
 21.44406 17.328094 15.820745 0.91301125 0.8080604 8.85389 17.045454
 14.30789 8.566182 7.5954795 0.886682 0.59870344 8.893012 12.5
 2.9040036 1.0954167 0.2312137 0.21107374 0.37720916 2.368414 17.857143
 17.101042 15.604934 13.96428 0.8948632 0.9125136 9.240988 11.363636
 8.004274 2.746196 0.56573653 0.20600733 0.3430912 1.8544205 17.045454
 1.8699343 0.47718045 0.13661796 0.2863025 0.25518566 2.0798717 22.368422
 18.189705 14.03054 12.652371 0.90177363 0.77134514 8.602873 17.045454
 56.207466 52.860245 49.243767 0.9315842 0.94044876 7.778947 8.75
 15.139852 11.827736 10.70087 0.90472686 0.78123194 7.4219217 11.842105
 12.440559 11.255307 10.377374 0.9219982 0.9047268 8.893728 10.714286
 12.912294 11.307251 10.1027355 0.89347404 0.8756965 7.6750154 14.473684
 18.994902 18.414894 16.322403 0.88636965 0.9694651 7.6359577 10.526316
 5.6970935 5.144561 4.757608 0.9247841 0.90301496 8.266655 15.0
 5.0102067 2.124875 1.1339221 0.53364176 0.42410928 5.2954273 17.857143
 7.6031938 2.3293912 0.58732027 0.25213465 0.3063701 3.5738027 15.909091
 2.1901937 0.48147023 0.078911446 0.16389684 0.21982996 1.4691973 21.25
 12.941517 4.8014584 2.5403936 0.5290879 0.37101203 5.0545926 15.909091
 25.958527 19.806995 17.668564 0.89203644 0.7630247 6.362889 13.235294
 46.61009 41.30934 38.301205 0.92718023 0.88627464 7.773729 15.0
 37.106377 36.362022 34.729233 0.9550963 0.9799399 7.6951947 9.210526
 37.478313 33.4802 31.082533 0.92838544 0.893322 7.3538575 9.210526
 26.618176 28.35302 25.622404 0.90369225 1.0651752 4.0706515 10.416667
 60.888435 52.528316 47.76853 0.90938634 0.8626977 5.0871477 14.285714
 1.0 18.95537 15.122284 13.557789 0.89654374 0.7977836 126.75109 13.039147 147.0
