 1.7540039 0.38644338 0.12629801 0.3268215 0.2203207 3.3148592 19.047619
 1.9058669 0.41514274 0.075607456 0.182124 0.21782358 1.8739445 21.052631
 3.6335285 1.4171568 1.0526038 0.7427575 0.3900222 5.9252605 18.181818
 108.34481 109.46835 103.69305 0.94724214 1.0103701 8.452528 2.3809524
 11.277086 11.212002 10.752666 0.9590319 0.9942286 9.318518 7.9545455
 6.916707 5.2970057 4.449453 0.83999395 0.76582766 9.795247 13.095238
 76.570915 69.14666 59.403614 0.8590959 0.90304077 6.8597956 7.894737
 104.42942 104.49903 98.11298 0.9388889 1.0006666 8.971692 7.9545455
 9.792493 7.732531 6.158221 0.79640424 0.78963864 9.1641 11.363636
 11.346234 10.154389 9.487136 0.93428916 0.89495677 8.637515 15.909091
 19.267141 14.522874 11.337236 0.7806469 0.7537638 8.397351 12.5
 8.904965 3.7628562 1.1035836 0.29328346 0.4225571 3.4962192 15.909091
 75.097015 76.44045 67.83615 0.8874379 1.0178894 3.8046386 6.25
 1.4812169 0.44411898 0.20000193 0.45033413 0.29983383 5.97042 16.666666
 3.2875686 2.1027443 1.8543445 0.8818687 0.63960475 7.945029 19.047619
 75.87988 53.652924 49.68601 0.92606336 0.707077 8.846212 18.181818
 51.573643 51.41586 48.959854 0.9522326 0.9969406 9.141331 3.409091
 5.4909782 4.359341 4.082898 0.9365861 0.79390967 7.8291802 12.5
 4.855652 3.613738 3.340127 0.9242859 0.7442333 9.366339 12.5
 6.2088895 4.130928 3.7475219 0.90718645 0.66532475 8.218359 6.818182
 4.2136464 3.5171099 3.1642072 0.8996612 0.83469504 9.299798 14.772727
 87.15065 85.0108 79.857086 0.9393758 0.9754465 8.946538 10.227273
 7.5671215 5.6330256 4.922905 0.8739361 0.744408 4.8353415 17.857143
 3.4993098 0.7585807 0.08638607 0.11387855 0.21678008 1.1599004 14.772727
 7.0899897 6.689176 6.204949 0.9276104 0.9434677 5.8976545 10.714286
 10.833542 10.60088 10.019642 0.94517076 0.97852397 8.658127 6.818182
 5.9166183 5.1596785 4.748763 0.92036027 0.8720655 8.429244 11.363636
 4.2812986 3.6403155 3.1457329 0.8641374 0.8502831 8.289044 18.055555
 8.19395 7.2984977 6.827877 0.93551815 0.8907179 8.373106 12.5
 99.108894 88.59472 83.0184 0.9370581 0.8939129 8.973863 11.363636
 9.040013 8.476492 8.021045 0.9462694 0.9376636 8.688517 11.363636
 7.4072547 6.646825 6.171674 0.9285146 0.8973398 9.4891205 10.227273
 75.59 73.94294 70.06467 0.94755036 0.9782107 8.878296 7.9545455
 98.05633 92.9966 87.514626 0.9410519 0.9483997 8.942382 10.227273
 72.71972 72.77413 69.02789 0.9485224 1.0007483 8.858869 3.409091
 1.5610218 0.3416265 0.11510476 0.3369316 0.218848 3.8789988 25.0
 69.589005 38.359165 36.086117 0.94074297 0.5512245 9.049447 13.636364
 6.4357114 4.778867 4.2970514 0.89917785 0.74255455 8.418167 12.5
 3.0585098 0.79559934 0.14993973 0.18846135 0.26012647 1.7332655 20.0
 4.043782 1.7691478 1.2544745 0.7090841 0.4374983 5.7092676 15.476191
 1.9347265 0.405343 0.1244275 0.3069684 0.2095092 2.0565867 18.055555
 8.002776 6.23773 5.834408 0.9353415 0.7794458 9.255284 15.476191
 88.779915 91.175674 86.270424 0.94619995 1.0269854 9.01018 1.1363636
 5.079589 4.1901746 3.8973963 0.93012744 0.8249043 8.714095 14.772727
 7.634486 7.0353546 6.8101125 0.9679842 0.921523 9.197339 7.9545455
 116.28621 117.43481 111.60881 0.9503895 1.0098774 9.008309 3.409091
 8.043732 6.765981 6.268217 0.92643136 0.84114957 9.346769 15.909091
 125.759026 94.148254 88.6117 0.9411932 0.7486401 8.966209 18.181818
 7.2110043 6.8353324 6.509534 0.95233613 0.947903 9.004238 10.227273
 98.79481 93.37204 87.91039 0.9415066 0.94511086 8.948194 13.636364
 4.1478386 3.215577 2.8485415 0.8858571 0.77524155 7.837727 13.636364
 29.784864 26.058962 24.606796 0.9442738 0.8749062 8.074683 15.909091
 3.0127869 0.76558346 0.089450456 0.11683959 0.2541114 1.443272 14.772727
 2.2471642 0.6218797 0.17875221 0.28743857 0.27673975 2.1486793 18.181818
 9.626965 8.311398 7.667805 0.92256504 0.86334556 8.680902 10.227273
 107.64035 116.2635 106.470566 0.9157695 1.0801107 4.4558554 3.8461537
 91.18235 87.508354 82.7274 0.9453658 0.9597072 9.021244 10.227273
 13.512668 14.662579 13.935641 0.9504222 1.0850987 8.506952 10.227273
 91.085495 91.34937 86.71797 0.94930017 1.002897 9.01187 3.409091
 2.909604 0.6571646 0.15636967 0.237946 0.22586048 3.1263719 15.909091
 50.1827 51.585396 48.47563 0.9397162 1.0279517 9.099208 3.409091
 94.432785 94.52627 88.714806 0.9385201 1.0009899 8.852654 10.227273
 5.825443 4.9900556 4.1885486 0.8393792 0.85659677 8.165636 10.714286
 88.204544 86.30227 81.87295 0.9486767 0.9784334 9.008458 18.181818
 11.676152 11.418413 10.98145 0.9617317 0.977926 9.0167885 10.227273
 69.49164 65.42578 60.99098 0.9322162 0.9414914 8.946671 7.9545455
 5.020154 2.9330401 2.1937673 0.74795 0.584253 6.262802 18.181818
 88.71139 90.00441 85.38649 0.9486923 1.0145755 9.030791 11.363636
 13.304488 13.242433 12.379189 0.93481225 0.9953357 9.416251 12.5
 4.289707 0.9458078 0.5016405 0.5303831 0.22048306 4.2518983 17.5
 92.85592 94.65009 88.16933 0.9315292 1.0193222 8.01263 7.5
 96.67977 99.31791 92.93978 0.9357807 1.0272874 8.341054 2.5
 104.81097 106.0853 94.723366 0.89289814 1.0121584 4.346317 7.6923075
 97.465645 99.30707 91.36853 0.9200607 1.018893 6.5725665 2.9411764
 108.954185 101.212234 92.20494 0.91100585 0.9289431 5.5400147 5.0
 1.0 39.039417 36.678936 34.05992 0.92859614 0.939536 295.35675 11.83807 75.0
