 12.408342 11.872845 10.952845 0.92251223 0.95684373 7.517186 10.227273
 94.554276 98.38548 92.039505 0.93549883 1.0405186 7.741226 2.631579
 103.41111 107.752426 98.39678 0.9131747 1.0419811 7.5237975 5.263158
 107.18429 107.611565 99.70589 0.92653507 1.0039864 8.903294 4.5454545
 17.71916 18.501194 16.58603 0.8964843 1.044135 4.864503 7.6923075
 109.52036 114.31291 104.331856 0.9126865 1.0437595 5.358495 0.0
 118.54271 121.603485 112.912224 0.92852783 1.02582 6.5700088 0.0
 103.15109 94.81715 89.30566 0.9418725 0.9192064 8.960791 12.5
 23.35262 23.50713 21.66444 0.9216114 1.0066165 7.589488 7.142857
 95.25013 96.813896 91.41517 0.94423604 1.0164175 8.762909 3.409091
 110.54717 116.44264 109.35788 0.9391566 1.05333 7.5859823 1.3157895
 113.99141 120.43908 112.99091 0.9381582 1.0565628 7.567874 1.3157895
 80.222374 81.15953 77.453354 0.9543347 1.011682 8.792287 13.636364
 93.530975 96.74571 89.71098 0.92728645 1.0343708 6.6584077 1.4705882
 99.91679 100.04204 92.089554 0.9205086 1.0012536 8.834717 2.2727273
 93.46556 96.24631 89.96357 0.9347223 1.0297515 7.555488 2.631579
 93.37453 92.47931 87.22507 0.9431846 0.99041265 8.303008 9.523809
 16.250046 14.872592 12.811752 0.86143374 0.91523385 5.6037736 19.444445
 101.85001 107.92725 101.24625 0.93809706 1.0596685 7.538011 1.3157895
 1.806087 0.44575018 0.12522183 0.28092378 0.24680437 3.7316005 14.285714
 104.85137 109.00139 101.74156 0.93339694 1.03958 7.7883005 1.3157895
 95.04746 94.766975 89.15645 0.94079655 0.99704903 8.76669 12.5
 96.547745 101.96744 95.85982 0.9401022 1.0561348 6.431699 1.4705882
 100.44072 100.12824 94.04379 0.93923336 0.996889 9.045036 2.2727273
 99.37694 101.93416 94.459984 0.92667645 1.0257325 6.7188983 1.4705882
 14.4113035 13.629631 12.733488 0.9342504 0.9457597 10.469664 10.227273
 17.529667 16.825277 15.966679 0.94896966 0.95981735 8.773116 13.636364
 101.042595 106.48961 99.79994 0.93718004 1.0539081 7.6058474 1.3157895
 103.35966 105.64132 96.39174 0.9124436 1.0220749 5.3217387 1.7857143
 16.508646 17.706104 16.870012 0.95277953 1.0725353 8.167394 6.818182
 11.448591 9.483155 7.9301057 0.8362307 0.8283251 5.9637 8.823529
 69.49763 70.528824 67.19898 0.95278746 1.0148379 8.380163 12.5
 107.36929 111.15625 103.633865 0.932326 1.0352703 7.47273 1.3157895
 74.69831 78.289986 69.98542 0.8939255 1.0480824 4.806426 5.769231
 16.184647 15.392825 14.30945 0.92961824 0.95107573 9.849246 14.772727
 93.37329 98.3555 91.1079 0.92631227 1.053358 6.9571567 4.1666665
 104.330315 105.75995 99.92625 0.9448402 1.013703 8.067136 2.5
 86.2465 88.65939 82.788216 0.93377835 1.0279766 8.9878435 5.681818
 85.40289 83.531 74.70279 0.89431214 0.9780816 5.244272 1.7857143
 65.35118 66.13764 62.62566 0.9468989 1.0120343 8.341919 17.045454
 73.16471 73.13944 69.38676 0.94869137 0.99965465 8.670216 3.409091
 92.11891 75.03737 70.539795 0.94006217 0.8145708 8.748897 14.772727
 1.2512494 0.4360405 0.13174166 0.3021317 0.3484841 2.2843113 18.75
 28.705406 27.202435 26.551346 0.97606504 0.9476415 4.390323 10.227273
 105.315674 109.08275 102.36188 0.9383874 1.0357693 7.465491 13.157895
 83.072174 63.111626 57.993504 0.91890365 0.75972044 8.564718 13.636364
 112.80479 121.025894 109.527534 0.9049926 1.0728791 5.2167706 1.7857143
 94.69193 99.075424 91.47814 0.9233182 1.0462921 7.537137 2.631579
 90.81126 96.36271 89.17589 0.9254191 1.0611317 7.5147977 1.3157895
 78.60137 79.707016 75.496346 0.9471732 1.0140665 8.951825 7.9545455
 15.04963 15.424233 14.577405 0.9450975 1.0248913 9.009965 9.090909
 101.50184 105.54824 99.308914 0.9408865 1.0398653 7.610327 9.210526
 115.62831 120.74295 113.6247 0.94104624 1.0442334 7.551395 1.3157895
 98.08556 105.22528 94.61238 0.89914113 1.0727907 4.791578 0.0
 106.337715 110.54704 101.368805 0.9169744 1.0395845 7.4807773 5.263158
 114.576546 119.09537 110.98392 0.93189114 1.0394393 7.630335 0.0
 98.97011 105.951256 94.77723 0.8945362 1.0705379 4.8145256 1.9230769
 104.77407 107.89104 97.75959 0.90609556 1.0297494 5.347507 0.0
 85.001144 86.03318 81.60894 0.9485752 1.0121415 9.006889 7.9545455
 54.516758 54.845078 52.007675 0.9482652 1.0060223 8.759988 11.363636
 96.28505 95.31034 87.8449 0.9216723 0.9898769 6.1430244 1.5625
 116.90977 122.63629 112.30314 0.9157415 1.0489824 5.2749443 7.142857
 76.32687 66.90761 62.41414 0.93284076 0.87659305 8.165091 15.0
 80.79233 65.0501 60.92891 0.9366458 0.805152 9.180632 14.772727
 91.160126 84.828316 80.04264 0.943584 0.9305419 8.540732 14.772727
 103.44775 109.42438 102.802155 0.93948126 1.0577744 7.493365 1.3157895
 97.43076 103.315 97.13758 0.9402079 1.060394 7.5987 1.3157895
 103.971375 107.971405 100.97845 0.9352333 1.0384724 7.58997 1.3157895
 108.1543 118.41117 108.98724 0.9204135 1.0948355 5.2817993 0.0
 100.71853 103.50922 96.829315 0.93546563 1.0277078 7.550614 0.0
 114.28045 110.61303 103.891884 0.9392373 0.96790856 8.910181 10.227273
 12.104914 11.451303 10.340685 0.9030139 0.94600457 6.8371596 8.333333
 104.398766 106.82398 100.250626 0.93846554 1.0232303 7.604867 6.5789475
 74.59662 62.980286 57.02729 0.9054785 0.844278 6.0304546 12.5
 108.365524 108.29196 102.51067 0.9466139 0.99932116 8.967832 3.409091
 96.35233 97.49357 90.05119 0.9236629 1.0118444 8.97505 4.5454545
 94.29922 93.8369 86.78402 0.9248389 0.99509734 8.809157 7.9545455
 96.24231 95.61571 88.926704 0.93004286 0.99348927 8.9339285 4.5454545
 113.085396 116.52015 107.963425 0.9265644 1.0303731 7.643785 1.3157895
 91.32791 91.03238 85.96419 0.9443254 0.99676406 8.932841 3.409091
 96.06266 96.3305 91.723816 0.9521784 1.0027881 8.779387 11.363636
 109.39576 117.056946 110.21544 0.941554 1.0700319 7.6712875 1.3157895
 99.57277 104.977516 98.44633 0.9377849 1.0542793 7.647463 1.3157895
 101.00313 104.92787 98.37461 0.9375451 1.0388576 6.9294224 0.0
 36.9378 34.843636 32.97277 0.94630677 0.9433056 8.697088 15.909091
 112.613014 118.82629 111.81532 0.94099826 1.0551736 7.5926747 1.3157895
 111.35639 113.960945 103.2526 0.906035 1.0233893 5.1701593 3.5714285
 79.08126 81.73759 75.30225 0.92126834 1.03359 6.8685617 5.5555553
 89.43429 94.354416 89.26046 0.9460125 1.0550139 6.943034 0.0
 106.827515 111.86044 104.67048 0.9357238 1.0471127 7.525307 7.894737
 94.73261 98.10056 92.25693 0.9404322 1.0355521 7.6261964 6.5789475
 90.35681 82.72077 76.85298 0.9290651 0.9154902 9.698004 3.409091
 80.2534 81.95751 78.154076 0.9535925 1.0212342 9.084308 5.681818
 95.877335 94.7513 86.52845 0.9132165 0.9882555 5.6140895 5.0
 93.596275 96.106316 89.39505 0.9301683 1.0268178 8.888928 4.5454545
 101.18404 105.74114 97.52449 0.9222947 1.0450379 7.7068534 6.5789475
 104.294334 110.05571 104.03609 0.94530386 1.0552415 7.5268717 2.631579
 104.53671 108.269196 98.3024 0.90794426 1.035705 5.178941 10.714286
 77.97455 82.19161 78.61395 0.9564718 1.0540825 9.149782 3.409091
 105.299385 111.58818 101.594055 0.9104374 1.059723 5.342732 1.7857143
 103.71172 106.80635 94.27349 0.88265806 1.0298388 4.267468 2.0833333
 99.15785 98.441986 91.153145 0.925958 0.99278057 8.855605 7.9545455
 14.62619 14.521548 13.733078 0.9457034 0.9928456 6.357821 10.294118
 38.69979 30.049448 28.482641 0.94785905 0.7764757 7.490211 11.363636
 113.504616 119.47673 112.760254 0.94378424 1.0526156 7.3569717 2.631579
 99.92023 107.391235 100.54486 0.9362483 1.0747697 7.403653 3.9473684
 109.732765 113.995674 106.80271 0.93690145 1.038848 7.598588 1.3157895
 115.11337 121.24583 114.11885 0.9412188 1.0532732 7.5597515 5.263158
 110.65614 118.831696 111.88733 0.94156134 1.0738825 7.561879 1.3157895
 79.93908 80.183365 73.57306 0.9175601 1.0030559 6.0139318 3.3333333
 43.691273 42.453117 39.98408 0.9418408 0.97166127 9.229257 9.090909
 100.10665 104.53642 98.01381 0.9376044 1.0442505 7.562875 0.0
 104.14752 109.51919 103.00655 0.9405343 1.0515774 7.569395 0.0
 98.11079 77.284325 72.60052 0.9393951 0.78772503 8.694447 19.318182
 84.26952 86.6204 82.217255 0.9491673 1.0278971 8.830916 4.5454545
 96.67747 97.09576 90.17738 0.92874694 1.0043266 6.9859405 4.1666665
 49.530846 51.29851 47.948483 0.93469536 1.0356882 6.865975 10.294118
 108.4895 111.45925 97.15392 0.8716542 1.0273736 4.082687 2.0833333
 13.783713 11.704012 10.416364 0.8899823 0.84911895 6.146449 12.5
 101.385056 106.737465 99.93553 0.93627423 1.0527929 7.757017 3.75
 98.24201 103.672386 94.77725 0.9141996 1.0552754 6.366259 1.4705882
 114.06614 104.23947 88.718 0.851098 0.91385114 8.490769 5.0
 87.76859 87.12454 79.87391 0.91677856 0.99266195 7.088222 6.5789475
 100.28086 98.73461 91.27323 0.92442995 0.9845808 7.1858425 13.157895
 98.15499 96.70761 88.623474 0.9164064 0.98525417 6.590416 8.333333
 105.17686 101.76545 90.43698 0.88868064 0.967565 5.2294908 0.0
 96.41244 94.22324 86.922646 0.9225181 0.97729343 6.540836 4.1666665
 86.091675 84.61933 77.67745 0.9179634 0.98289794 6.5443234 2.7777777
 106.06852 102.05943 87.891594 0.86118054 0.96220285 3.8035107 4.1666665
 103.41969 101.24873 88.85237 0.87756526 0.97900826 5.2461395 5.0
 107.801865 106.881065 95.92902 0.89753056 0.9914584 4.5702376 1.7857143
 101.04233 99.64202 90.01735 0.9034075 0.98614144 4.6457777 7.142857
 80.88864 64.76208 60.14455 0.9287001 0.80063254 5.5902967 12.5
 100.575554 91.205345 81.86682 0.89760995 0.9068342 4.319402 9.615385
 102.90243 100.29288 90.74012 0.90475136 0.97464055 3.8556802 2.0833333
 105.07126 105.834915 99.083275 0.9362059 1.007268 5.400715 3.3333333
 9.80066 7.3752728 6.651464 0.90186006 0.7525282 2.7803142 13.333333
 109.11627 106.36276 97.998314 0.92135924 0.9747653 4.480361 9.615385
 94.475204 70.40002 62.06996 0.88167536 0.7451693 5.533155 1.9230769
 102.05421 104.84879 96.313034 0.9185899 1.0273833 4.4555306 5.769231
 5.4121485 3.7509196 2.2830482 0.6086636 0.6930555 2.4644403 13.461538
 65.256966 65.2436 59.259796 0.9082852 0.9997952 4.61078 5.769231
 109.271324 111.097 101.46451 0.9132965 1.0167078 4.4977546 5.769231
 10.587882 6.000516 5.2483344 0.87464714 0.5667343 3.2852087 15.384615
 94.37852 99.3533 90.53873 0.91128045 1.052711 4.0105805 6.25
 1.0 85.22937 85.80915 79.45862 0.9259924 1.0068026 606.7744 6.0675464 145.0
