 21.99436 21.662525 20.676397 0.9544777 0.9849127 8.738646 5.681818
 13.51539 11.437134 10.841125 0.94788826 0.8462303 9.255089 13.636364
 22.180023 22.519497 21.651726 0.9614658 1.0153053 8.765957 3.409091
 1.0627929 0.30486205 0.046012327 0.15092835 0.28684992 1.253398 20.3125
 1.4744837 0.4739688 0.25657728 0.5413379 0.3214473 7.324989 20.588236
 15.275599 12.495991 11.887135 0.95127594 0.8180361 9.155623 14.772727
 11.822445 3.4460511 0.58894265 0.17090362 0.29148382 1.4478974 14.772727
 1.8075371 0.35701576 0.037918054 0.10620835 0.19751504 1.2088364 19.047619
 9.741569 9.406747 9.0179405 0.95866734 0.9656296 8.665334 11.363636
 0.47240937 0.110343 0.024821455 0.22494815 0.23357496 2.0 35.0
 2.482316 0.5964689 0.13869272 0.23252296 0.24028726 1.4779229 19.444445
 3.8035784 1.3330257 0.5012855 0.3760509 0.3504662 3.8310938 18.421053
 95.83113 87.96515 84.046104 0.95544773 0.91791826 8.580435 1.1363636
 102.90479 105.08945 101.25594 0.96352154 1.0212299 8.759816 3.409091
 102.61482 102.793396 98.29569 0.9562452 1.0017402 8.647336 4.5454545
 5.1162376 1.846959 0.5755565 0.31162387 0.36099944 2.4756792 17.045454
 1.796123 0.541966 0.11630924 0.21460615 0.30174214 1.5102638 15.909091
 106.784485 107.03366 102.197044 0.9548122 1.0023334 8.445412 3.409091
 2.8006792 0.7327714 0.15346867 0.20943592 0.2616406 1.2986642 17.857143
 7.4664636 1.9308007 0.9445804 0.48921692 0.25859642 2.492605 13.095238
 72.24333 71.98231 68.53563 0.95211774 0.9963869 8.66977 12.5
 31.4266 32.651344 31.609089 0.96807927 1.0389717 8.650825 3.409091
 4.090705 0.8400028 0.09707829 0.11556902 0.20534426 1.2270807 18.181818
 9.775025 9.507181 9.156011 0.9630626 0.9725992 8.078032 8.333333
 20.577538 3.9518116 0.5324795 0.13474315 0.19204491 1.3744602 19.318182
 57.79816 60.807034 59.13477 0.9724988 1.0520583 8.340667 0.0
 107.36409 96.59869 87.894135 0.9098896 0.8997299 3.7495134 12.5
 107.81349 100.58008 95.71615 0.95164114 0.93290806 8.485534 9.090909
 98.79344 99.38699 95.07225 0.9565865 1.006008 8.690028 6.818182
 2.3416705 0.66127443 0.15412712 0.23307589 0.28239432 2.6297991 17.857143
 86.09254 89.70073 86.436295 0.96360743 1.0419106 8.792929 4.5454545
 110.661125 104.145325 99.29683 0.95344484 0.9411194 8.665763 13.636364
 2.628822 1.1161164 0.7413545 0.6642269 0.42456904 2.7847776 18.421053
 2.0674994 0.48814085 0.0696327 0.14264879 0.23610206 1.4836816 18.75
 8.8706875 7.47595 6.194706 0.8286179 0.84277004 5.1892323 11.363636
 11.380324 10.016996 9.636738 0.9620387 0.880203 7.8746862 12.5
 106.3644 104.75781 98.92423 0.94431365 0.9848954 8.757628 12.5
 10.764284 10.404626 10.1160965 0.97226906 0.9665878 7.9681115 6.818182
 21.72925 22.234306 21.166342 0.9519677 1.0232432 7.5599246 5.263158
 17.644081 12.786974 9.523034 0.74474496 0.7247175 8.291431 12.5
 111.57613 112.04525 106.06654 0.9466402 1.0042045 8.579483 10.227273
 9.772803 9.660063 9.394944 0.97255516 0.9884639 8.6290455 10.227273
 0.8748403 0.20323798 0.035771556 0.17600821 0.23231438 1.8180168 32.5
 103.94779 83.35857 78.93233 0.94690126 0.80192727 8.32217 13.636364
 18.93949 19.066252 18.290823 0.9593297 1.006693 8.4055605 5.681818
 43.225582 46.896206 45.49081 0.9700318 1.0849178 8.459137 0.0
 108.85503 72.74853 66.83954 0.91877514 0.6683065 7.188142 17.105263
 62.369247 63.67648 60.833073 0.955346 1.0209596 8.490231 5.681818
 2.7332122 0.6128298 0.124440104 0.20305818 0.22421595 2.1289198 19.047619
 1.8630207 0.4260098 0.06146808 0.14428794 0.22866619 1.7281015 20.588236
 117.95012 121.08017 116.61358 0.96311045 1.0265371 8.729063 9.090909
 106.749466 95.54292 91.30443 0.95563775 0.8950202 8.628134 14.772727
 24.184553 24.318827 23.523085 0.9672788 1.0055519 8.362348 5.681818
 69.30874 39.145134 35.79242 0.9143517 0.56479365 8.1057005 17.045454
 103.18046 103.73104 98.51233 0.9496899 1.0053362 8.680878 9.090909
 2.2983553 0.6537326 0.10330189 0.15801857 0.28443497 1.6101586 19.047619
 1.3917769 0.35624567 0.116444305 0.32686517 0.25596464 3.5956082 18.055555
 83.78398 83.92765 80.92602 0.9642355 1.0017147 8.682199 1.1363636
 77.64946 72.043335 68.09577 0.9452056 0.9278022 8.506225 4.5454545
 108.46131 96.19887 91.81366 0.95441526 0.88694173 8.581321 11.363636
 10.114371 8.965649 7.722423 0.86133456 0.88642675 8.8445635 10.227273
 10.477394 10.30923 8.981526 0.8712122 0.9839498 10.23948 9.090909
 9.805306 9.945582 9.445437 0.94971186 1.0143061 8.04015 11.363636
 2.122493 0.82416695 0.42570242 0.5165245 0.38830137 6.874195 17.5
 105.92271 69.93761 64.65299 0.9244381 0.6602702 7.7571197 17.5
 122.68439 125.63413 121.05139 0.96352315 1.0240434 8.677111 2.2727273
 11.311819 10.017791 9.176241 0.9159944 0.8856039 8.088863 11.363636
 19.730793 16.946491 15.695614 0.9261866 0.85888547 8.323148 12.5
 24.109367 24.763258 24.012024 0.9696634 1.0271219 8.94086 2.2727273
 97.02019 83.67301 78.16306 0.934149 0.86242896 7.545781 15.789474
 18.189482 18.314642 17.529568 0.95713395 1.0068809 6.5632553 12.5
 108.52329 106.442245 100.49288 0.9441071 0.980824 8.769099 7.9545455
 48.162334 47.847366 46.66717 0.97533417 0.9934603 6.9491167 10.227273
 49.039474 50.245953 48.901386 0.9732403 1.0246022 6.5616584 9.090909
 7.384725 5.173855 5.023924 0.9710214 0.70061576 7.6721478 10.714286
 8.389926 8.430992 8.016945 0.9508898 1.0048947 8.710296 10.227273
 102.3778 103.07279 99.24578 0.9628708 1.0067885 8.750746 1.1363636
 51.2104 51.681038 49.31157 0.95415205 1.0091903 9.340547 4.5454545
 0.99553424 0.22148037 0.055370092 0.25 0.22247389 2.9166667 23.214285
 1.0547847 0.34256738 0.09063172 0.26456612 0.3247747 2.0607316 20.833334
 3.465843 1.0892742 0.6141181 0.56378657 0.31428838 5.533616 19.047619
 102.688156 106.477516 97.56097 0.9162588 1.0369017 3.8405669 12.5
 1.413858 0.4716202 0.2562452 0.5433296 0.3335697 5.8770695 23.333334
 118.28173 93.59487 88.50801 0.9456503 0.7912876 8.540902 17.045454
 14.751738 14.159286 13.220759 0.9337166 0.95983845 8.7651005 6.818182
 11.877195 11.157533 10.659373 0.9553522 0.93940806 9.175289 7.9545455
 30.46268 30.222216 27.981956 0.92587376 0.9921062 9.704587 2.2727273
 31.769926 31.274393 30.054207 0.96098447 0.9844025 9.139042 2.2727273
 5.828906 5.136722 4.823355 0.93899477 0.8812497 9.510539 15.476191
 20.852936 3.8126798 1.3756104 0.3607988 0.18283659 2.530197 15.0
 103.39089 105.445786 100.28871 0.95109266 1.019875 7.7556663 12.5
 120.63986 96.28175 89.40823 0.9286104 0.79809237 7.3989563 9.210526
 2.2424927 0.675697 0.093724504 0.13870789 0.30131516 0.9813409 16.071428
 1.0 42.546047 39.037117 36.834816 0.9435844 0.9175263 317.06052 12.059319 93.0
