 129.94617 126.09993 117.2214 0.92959136 0.9704013 7.799913 11.25
 113.654884 106.16279 95.76826 0.90208876 0.9340803 6.212892 0.0
 12.53915 11.461965 10.661474 0.9301612 0.91409415 8.696691 10.227273
 9.73151 7.741102 6.804298 0.8789831 0.79546773 6.570392 11.363636
 128.34944 126.505554 117.96712 0.9325054 0.9856339 7.809719 1.25
 108.51413 104.15573 96.872154 0.9300703 0.9598357 7.8394647 12.5
 119.00148 115.30786 107.306984 0.9306129 0.96896154 7.760969 1.25
 120.63074 117.378624 109.15964 0.9299788 0.97304076 7.871837 3.75
 19.612316 18.392448 16.774488 0.9120313 0.9378009 8.013207 11.363636
 128.89682 125.98371 117.241646 0.9306095 0.97739977 7.831761 1.25
 16.357315 15.519285 14.347729 0.9245096 0.9487673 8.613863 14.772727
 116.82454 114.32948 106.12522 0.92824024 0.9786427 7.9364243 1.25
 17.62561 14.60209 13.130706 0.8992347 0.82845867 7.5549173 10.227273
 20.95275 16.34191 14.1233015 0.86423814 0.7799411 4.6789494 17.307692
 4.439834 1.1821342 0.30917785 0.26154208 0.2662564 1.6932025 15.909091
 131.016 126.96256 114.547714 0.9022165 0.9690615 7.7412524 1.25
 118.57079 113.37949 106.41437 0.93856806 0.95621777 8.674415 5.681818
 110.34351 107.56318 100.063965 0.93028086 0.974803 7.8881316 3.75
 125.083275 103.733665 96.36586 0.92897385 0.8293168 8.503592 13.636364
 119.676056 116.09922 106.94877 0.9211842 0.9701124 7.054335 1.3157895
 4.681607 2.5437891 1.3836433 0.54393 0.54335815 2.4361095 17.857143
 122.44519 121.13899 110.70765 0.91388947 0.9893324 6.6146812 1.3888888
 131.88297 130.39299 115.85058 0.88847244 0.9887023 6.4344 2.7777777
 19.02601 18.386028 16.409761 0.8925126 0.9663628 4.248183 7.6923075
 9.712264 5.4681096 4.656605 0.8515932 0.5630108 3.5152113 14.583333
 138.77347 131.62898 118.574486 0.90082353 0.9485169 4.808351 5.0
 66.73973 62.77951 56.779118 0.90442115 0.9406618 4.5029945 1.7857143
 19.461433 21.118454 17.578558 0.832379 1.0851439 4.3940277 6.25
 109.172874 121.18954 109.80175 0.9060332 1.1100701 4.641777 7.6923075
 17.570911 20.314253 18.826942 0.9267849 1.1561297 4.1843176 8.333333
 1.0 77.04109 74.12878 67.95744 0.91674846 0.96219796 523.2221 7.4222035 30.0
