 140.72473 142.13951 130.13817 0.9155664 1.0100535 9.508548 3.409091
 139.54807 141.52977 125.88765 0.88947827 1.0142008 9.3541155 2.2727273
 134.17574 136.66238 122.87621 0.8991224 1.0185328 9.444117 4.5454545
 135.41524 138.6405 124.893456 0.90084386 1.0238177 9.471646 1.1363636
 132.62291 133.84784 120.78282 0.90238905 1.0092362 9.523282 1.1363636
 122.84762 126.74161 114.897156 0.9065465 1.0316978 8.533394 6.25
 8.354491 7.544656 3.4977174 0.46360198 0.9030658 1.9907782 15.909091
 9.873732 7.2391067 6.0865536 0.84078795 0.7331683 9.735226 13.636364
 10.282168 10.0492525 9.008501 0.8964349 0.9773476 4.422326 3.8461537
 125.257126 125.407524 117.12983 0.93399364 1.0012007 9.498989 3.409091
 144.74329 149.26247 139.46718 0.93437535 1.0312221 9.634105 1.1363636
 136.84962 141.34848 127.793076 0.9040994 1.0328745 9.465433 4.5454545
 133.88054 142.57564 129.88353 0.9109798 1.0649467 6.950787 1.4705882
 130.649 149.19527 130.86057 0.87710935 1.1419549 4.1504908 0.0
 150.49109 152.87967 142.45999 0.93184394 1.0158719 9.55545 1.1363636
 133.85135 135.70535 118.6952 0.8746538 1.0138512 9.409887 2.2727273
 142.04381 144.76634 134.89618 0.93182003 1.0191668 9.74576 1.1363636
 133.9862 153.3185 134.53488 0.87748635 1.1442857 4.150745 0.0
 114.1175 109.75151 100.68337 0.9173757 0.96174127 9.629619 12.5
 140.29045 143.98076 133.34326 0.9261187 1.0263047 9.504487 3.409091
 121.33362 123.85036 115.55483 0.9330198 1.0207423 9.574088 9.090909
 149.84262 169.98628 147.63258 0.868497 1.1344321 4.1323853 2.0833333
 8.300759 4.658703 3.6852715 0.791051 0.56123817 8.394802 17.045454
 141.12656 153.0657 136.89809 0.8943746 1.0845989 5.2714434 1.7857143
 152.5229 174.51222 154.12134 0.8831549 1.1441706 4.167669 2.0833333
 118.99447 120.68278 109.155106 0.90447956 1.0141882 9.366271 1.1363636
 13.245741 11.026452 9.609884 0.87153006 0.8324526 10.494934 12.5
 124.044304 125.4668 113.95246 0.908228 1.0114676 9.420664 9.090909
 4.0608306 2.811549 1.085384 0.3860449 0.69235814 3.422899 12.5
 132.04236 141.45222 127.35123 0.9003127 1.071264 6.3858743 6.25
 137.55852 138.74063 126.52187 0.9119309 1.0085936 9.103999 3.409091
 143.80467 161.15685 140.94775 0.8745999 1.120665 4.0737157 8.333333
 12.554073 11.116634 10.058095 0.9047788 0.8855002 7.8166833 6.5789475
 132.2742 121.25353 111.15962 0.91675365 0.91668314 7.24663 1.3888888
 130.6293 117.37839 100.7446 0.8582892 0.89856094 3.991288 0.0
 25.119274 22.410162 20.556671 0.9172924 0.89215004 6.8119836 7.8125
 144.40543 129.64146 116.92115 0.9018808 0.8977604 5.5444355 6.6666665
 129.18246 116.01954 103.06981 0.8883832 0.898106 5.4784827 5.0
 138.78687 124.36307 111.57183 0.89714605 0.8960724 5.5495796 0.0
 134.1008 120.85004 109.56564 0.90662485 0.90118796 5.4113646 1.6666666
 132.43091 122.95089 109.48139 0.89044815 0.9284154 4.454361 7.6923075
 113.17769 102.9932 90.8323 0.8819251 0.9100133 3.9764805 2.0833333
 1.0 110.9415 112.118416 100.91172 0.9000459 1.0106084 821.85046 4.937033 42.0
