 2.0774276 0.70554125 0.23241931 0.32941988 0.33962256 2.200072 15.476191
 5.0198855 2.154849 1.1569204 0.53689164 0.4292626 4.528192 17.045454
 13.580217 10.18856 8.884372 0.87199485 0.75025004 4.7132053 10.416667
 17.678223 15.290015 14.406731 0.9422313 0.8649068 9.006082 12.5
 8.243821 2.387961 1.4711176 0.61605597 0.28966677 6.0887904 15.909091
 11.593229 10.62966 10.105147 0.9506558 0.91688514 9.167077 9.090909
 13.289458 10.346311 9.444583 0.9128455 0.7785352 8.831891 9.090909
 23.698893 25.632204 23.332481 0.9102799 1.0815781 4.7710834 1.9230769
 14.698825 11.659813 10.968805 0.940736 0.79324794 8.804201 14.772727
 2.3024528 0.60848933 0.16903386 0.27779263 0.26427874 2.73832 20.238094
 8.19 3.035941 2.000288 0.6588692 0.3706888 7.466604 19.318182
 13.154484 8.811879 7.855617 0.8914803 0.66987646 9.747199 18.181818
 89.44587 82.384155 78.27676 0.9501433 0.9210504 9.174501 14.772727
 13.128412 11.3346615 10.810868 0.9537883 0.8633688 9.393934 11.363636
 9.47614 8.667704 8.2633705 0.95335174 0.9146871 9.257128 13.636364
 40.99197 41.344166 39.549667 0.95659614 1.0085918 9.578179 3.409091
 21.043802 18.313879 17.246485 0.94171673 0.87027425 8.308249 10.227273
 1.2773097 0.25799477 0.05249249 0.20346339 0.20198295 2.012117 22.058823
 8.993922 4.21148 3.762179 0.8933151 0.46825847 9.319148 15.909091
 7.3195114 6.1456895 5.797445 0.9433352 0.8396311 8.854493 13.636364
 36.46484 35.644268 34.14906 0.95805186 0.97749686 9.108231 13.636364
 9.059529 7.931064 7.4425364 0.93840325 0.8754389 9.565464 9.090909
 21.42845 19.868853 18.876364 0.950048 0.9272184 8.688297 6.818182
 75.01781 73.22274 68.644035 0.9374689 0.9760715 9.296994 6.818182
 13.473201 11.716737 11.0720625 0.94497836 0.8696327 8.229365 9.090909
 15.148389 8.981018 6.801112 0.7572763 0.5928695 7.111133 15.909091
 7.43155 6.6071315 6.2939324 0.95259684 0.8890651 9.532317 11.363636
 8.645348 4.8676505 3.921195 0.80556214 0.563037 7.4466515 18.181818
 35.88967 37.661037 36.107323 0.95874476 1.0493559 9.100248 6.818182
 6.4848747 4.9708066 4.26234 0.8574745 0.7665232 9.277509 14.772727
 38.861534 38.51298 36.364986 0.9442267 0.99103093 9.611555 3.409091
 13.832444 10.204102 9.549661 0.93586487 0.73769337 9.129112 13.636364
 19.150509 7.491422 6.9275823 0.9247352 0.3911866 8.428752 14.772727
 18.321487 17.145971 16.319647 0.9518065 0.93583953 9.344918 11.363636
 7.0166917 6.841003 6.493847 0.9492536 0.9749613 9.055209 7.9545455
 69.023735 65.18125 61.791275 0.94799155 0.944331 9.302886 15.909091
 8.774139 8.64887 8.354764 0.96599483 0.98572296 9.086795 13.636364
 9.025504 8.269996 8.077133 0.97667927 0.91629183 9.46095 13.095238
 21.250118 19.216307 17.950901 0.9341493 0.90429175 9.813406 5.681818
 5.620185 3.6485527 3.3987606 0.9315367 0.64918727 8.114078 14.772727
 7.991386 6.0693274 5.221398 0.8602927 0.7594837 7.813263 11.363636
 4.814048 3.5315502 2.9241865 0.8280178 0.7335927 8.828528 15.277778
 16.884424 15.32752 14.490053 0.94536185 0.90779054 9.357699 13.636364
 20.452774 18.466873 17.165304 0.9295187 0.90290314 9.662597 17.045454
 17.88401 17.09288 16.499537 0.9652871 0.9557633 8.9943285 4.5454545
 16.929033 10.204073 5.34262 0.52357715 0.6027558 4.1136074 17.045454
 92.49411 89.78601 85.490875 0.95216244 0.9707214 9.302806 5.681818
 14.436892 13.437932 13.316941 0.99099636 0.9308051 9.366628 7.9545455
 18.120464 15.006674 14.321129 0.9543173 0.82816166 9.042375 14.772727
 7.083182 7.002244 6.716792 0.9592342 0.98857325 8.47889 13.636364
 1.6546648 0.30964231 0.043594256 0.14078908 0.18713297 1.819124 20.0
 9.217598 3.1469064 1.1289924 0.35876262 0.341402 4.0136347 17.045454
 94.67802 85.832664 80.98607 0.9435343 0.90657437 9.142844 11.363636
 5.5798445 4.5112257 4.1465063 0.9191529 0.8084859 8.885264 14.772727
 69.774086 69.14926 65.92545 0.95337903 0.99104506 8.557978 12.5
 9.382367 7.080305 6.5059223 0.918876 0.7546395 9.9308 13.636364
 8.559564 7.1015816 6.6095886 0.9307206 0.82966626 9.221957 6.818182
 32.973404 32.566853 30.707582 0.9429091 0.98767024 8.6596985 6.818182
 43.514122 43.84003 41.77932 0.95299476 1.0074897 9.489812 1.1363636
 4.2808604 2.4977992 1.8410275 0.7370599 0.5834806 4.6636953 20.238094
 21.675257 18.442982 17.4341 0.9452971 0.8508772 10.599423 7.9545455
 19.427418 18.990902 18.288857 0.9630326 0.9775309 9.440304 11.363636
 18.240541 18.062197 16.651384 0.9218914 0.99022263 9.390449 9.090909
 18.927626 18.171625 17.03029 0.9371914 0.96005833 9.366245 13.636364
 11.98157 6.510783 4.5814915 0.7036775 0.5433998 6.5618224 14.473684
 14.964996 13.680334 12.372435 0.90439564 0.91415554 5.301141 13.333333
 82.407455 72.88641 66.68694 0.9149434 0.8844638 6.9551525 5.5555553
 44.45419 42.232754 38.24452 0.9055653 0.9500287 7.226145 1.3888888
 55.27259 53.34549 49.14009 0.9211667 0.9651346 7.147028 2.7777777
 72.12999 68.3452 63.672844 0.931636 0.9475282 5.9994297 1.5625
 16.037355 13.07 8.709657 0.6663854 0.8149722 3.9228935 10.714286
 1.0 23.061235 20.654123 19.162828 0.9277967 0.8956209 175.56256 11.730256 71.0
