 15.527796 14.575739 13.789383 0.9460503 0.93868697 9.0324135 15.909091
 119.18523 120.360504 113.153984 0.9401256 1.0098609 8.464306 4.7619047
 132.5912 141.54573 129.5207 0.91504496 1.0675348 5.679266 1.6666666
 106.302635 109.23594 101.95591 0.93335503 1.0275939 7.221818 2.7777777
 113.91902 115.0119 108.14026 0.9402528 1.0095935 8.79532 2.3809524
 7.563577 7.309348 6.6625447 0.9115101 0.96638775 9.814264 11.363636
 5.185937 2.7687054 1.7924751 0.6474055 0.5338872 6.7276244 13.095238
 23.990973 23.091158 21.29763 0.9223284 0.9624936 7.7332134 6.818182
 32.414032 30.515354 26.472647 0.86751896 0.9414242 8.1318035 12.5
 99.10468 103.686844 97.56119 0.94092155 1.0462356 8.065948 6.25
 118.18823 113.53465 107.20897 0.9442841 0.9606257 9.063151 5.681818
 15.853652 15.188495 14.292975 0.9410396 0.9580439 8.832108 9.090909
 103.64577 104.592735 94.8859 0.907194 1.0091366 6.480867 2.9411764
 13.48633 10.222135 9.570068 0.93621033 0.75796264 8.728358 14.772727
 111.45349 117.73442 109.997635 0.9342861 1.0563546 8.018713 3.75
 115.24417 120.99793 113.20616 0.9356041 1.0499266 8.196903 1.25
 88.33112 86.46652 78.163605 0.9039753 0.9788908 8.818942 3.409091
 114.04012 118.2143 111.22985 0.940917 1.0366027 8.250718 7.5
 112.506714 111.48019 105.61834 0.94741803 0.99087584 9.132636 3.409091
 129.79419 136.87851 123.38327 0.9014071 1.0545812 4.5935807 1.9230769
 113.4771 118.31012 109.772316 0.9278354 1.0425903 6.906642 1.3888888
 107.64959 106.73376 101.05122 0.94675976 0.99149245 9.026146 3.409091
 110.042404 109.851555 104.72692 0.9533495 0.9982657 8.678608 4.5454545
 83.22868 82.5762 77.78257 0.941949 0.9921604 9.257929 3.409091
 21.3334 20.9371 19.52705 0.93265307 0.98142344 8.725093 10.227273
 3.2682648 0.7857222 0.24682473 0.3141374 0.2404096 3.707764 13.636364
 8.057902 1.9600255 0.34798422 0.17754066 0.24324265 1.5147551 17.045454
 115.65726 113.6236 107.273705 0.9441147 0.98241645 9.122653 1.1363636
 3.0291803 1.2003068 0.4512156 0.37591693 0.396248 4.0870204 15.909091
 120.478584 126.04194 118.051636 0.936606 1.0461771 8.260694 7.5
 9.733089 10.823713 10.364787 0.9575999 1.1120533 8.10221 14.473684
 102.52789 91.52174 73.027725 0.7979276 0.8926521 4.86688 3.8461537
 12.682176 9.986145 8.975232 0.8987684 0.7874158 8.615263 14.772727
 9.626805 8.642745 8.060706 0.93265575 0.8977791 8.374515 10.714286
 109.71602 115.2211 107.6382 0.93418825 1.0501758 7.1248064 1.3888888
 115.82443 113.93039 104.44648 0.916757 0.98364735 8.875799 5.681818
 5.148977 2.5048068 1.074568 0.42900237 0.48646688 4.6652193 16.25
 108.60534 114.62446 107.69812 0.9395736 1.055422 8.063598 0.0
 8.387992 5.306407 4.7310476 0.8915728 0.63261944 9.02248 11.904762
 13.054282 12.900632 12.183501 0.9444112 0.9882299 9.804202 7.9545455
 105.659386 102.26517 96.07266 0.9394466 0.96787584 9.168247 6.818182
 13.602774 12.268509 11.486065 0.9362234 0.9019123 8.423114 12.5
 115.23175 119.780136 111.34705 0.92959535 1.0394716 8.386514 1.25
 12.925846 13.098343 12.504305 0.9546479 1.013345 9.36788 7.9545455
 120.212555 123.57848 114.99834 0.93056923 1.0279998 8.1629 0.0
 78.35024 55.48402 46.193165 0.832549 0.7081538 7.928173 14.772727
 122.999794 129.22215 121.54624 0.9405991 1.0505884 8.155492 1.25
 122.20065 129.23419 121.595314 0.94089115 1.0575573 8.1721325 1.25
 120.14708 126.079895 118.32186 0.93846726 1.0493797 8.13675 2.5
 118.52774 126.433365 118.8295 0.93985873 1.0666984 8.1633625 1.25
 111.870155 116.76373 109.01403 0.9336292 1.0437434 7.1315784 1.3888888
 9.394682 2.2474718 0.5422512 0.24127166 0.23922808 2.5939686 17.105263
 115.82056 112.04238 105.58763 0.94239014 0.96737903 8.837184 3.409091
 120.969734 128.5072 120.54884 0.9380708 1.0623087 8.318153 1.25
 119.81399 106.95377 71.19484 0.6656599 0.8926652 7.914237 3.75
 110.586876 112.880455 101.06285 0.8953087 1.0207402 4.5263557 3.8461537
 123.25954 120.376686 113.80379 0.94539726 0.97661155 9.086363 4.5454545
 110.76235 109.06084 103.237625 0.9466058 0.98463815 8.922385 3.409091
 84.60467 83.465126 78.94754 0.9458746 0.98653096 8.961818 3.409091
 127.2774 129.55388 119.56205 0.9228751 1.017886 6.0229783 7.8125
 3.9843256 2.4614038 1.895916 0.770258 0.61777174 8.726291 17.5
 118.54188 116.06293 108.177345 0.93205774 0.979088 9.0472975 1.1363636
 12.681045 11.55786 10.4996 0.908438 0.91142815 4.28369 5.769231
 124.89652 128.4046 120.12424 0.93551356 1.0280879 9.360416 1.1363636
 92.97402 100.03666 93.09093 0.9305682 1.0759635 6.0975904 0.0
 12.585747 10.219653 9.209917 0.9011967 0.8120021 9.916009 10.227273
 69.11968 63.125523 58.505177 0.926807 0.9132786 9.085067 6.818182
 76.97274 70.59042 65.73216 0.9311768 0.9170834 8.992879 11.363636
 80.947716 67.50903 63.244553 0.93683094 0.8339832 8.554435 11.363636
 20.067024 20.247532 18.9327 0.93506205 1.0089953 8.790474 3.75
 114.190636 111.34398 104.99654 0.94299245 0.9750711 9.189932 3.409091
 120.79511 128.73476 121.9608 0.94738054 1.0657282 8.025952 0.0
 117.5236 119.38759 110.96215 0.92942786 1.0158606 6.5804605 1.4705882
 112.23022 109.43091 103.00114 0.9412435 0.9750574 9.089126 1.1363636
 119.33516 125.65448 118.082306 0.9397381 1.0529544 8.227854 2.5
 110.83844 108.91408 103.097435 0.94659424 0.9826382 9.059629 3.409091
 119.016304 130.1628 116.31515 0.8936128 1.0936552 4.05165 2.0833333
 10.38896 8.772512 7.132895 0.81309605 0.8444072 7.923648 11.363636
 34.601612 20.752323 11.256266 0.5424099 0.59975016 6.0710425 9.090909
 121.278206 118.71906 110.0473 0.92695564 0.9788986 9.26166 2.2727273
 10.566483 5.8578744 4.5500546 0.77674156 0.5543826 8.07323 13.636364
 115.19373 118.36609 110.071014 0.9299202 1.0275393 6.655924 0.0
 107.15993 113.47994 107.013016 0.9430126 1.0589774 7.6157312 1.25
 111.09616 116.21441 109.025894 0.9381444 1.0460705 8.165796 1.25
 108.856575 105.66411 99.52119 0.94186366 0.97067267 8.924161 3.409091
 123.50375 127.4861 119.18836 0.93491256 1.0322448 7.6780615 1.3157895
 118.16979 124.575645 116.90285 0.9384085 1.0542089 8.176194 1.25
 107.34214 113.7278 105.924065 0.93138236 1.0594888 7.9738965 2.5
 104.95444 111.59352 105.48565 0.9452667 1.0632569 8.161658 3.75
 122.20409 127.66382 120.06789 0.9405005 1.0446771 8.05747 1.25
 104.94218 103.47576 98.005165 0.94713163 0.9860265 9.00449 3.409091
 112.62699 99.01422 63.509007 0.64141303 0.879134 2.7413392 6.6666665
 16.42646 14.099166 12.732237 0.90304893 0.85832036 8.858265 9.090909
 13.8153925 12.760549 11.681811 0.9154631 0.9236472 9.930436 6.818182
 133.15797 138.6153 129.18716 0.9319834 1.0409839 7.133807 1.3888888
 37.982986 37.815453 35.867455 0.94848675 0.99558926 9.265384 2.2727273
 8.189199 4.4889 3.9732707 0.8851324 0.5481488 7.8135123 18.181818
 116.416595 122.322464 114.636154 0.9371636 1.0507305 8.243498 1.25
 11.610143 6.962978 6.0378823 0.8671408 0.59973234 7.4368434 15.909091
 111.07823 109.80105 102.75597 0.9358378 0.98850197 8.72159 4.7619047
 109.21615 111.998436 102.93651 0.91908884 1.025475 7.6316433 1.3157895
 3.866214 1.126205 0.43650585 0.38759008 0.291294 3.9006257 12.5
 120.596466 127.26584 119.70347 0.94057816 1.0553032 8.172063 1.25
 12.602658 11.21099 10.408366 0.92840743 0.8895734 9.69265 13.636364
 114.00018 112.92444 106.76951 0.9454951 0.99056363 8.7375555 9.523809
 61.1488 54.234104 47.208195 0.8704522 0.8869202 7.893783 9.090909
 118.57104 124.06943 111.94112 0.90224576 1.046372 4.6161156 1.9230769
 100.49215 97.53919 92.15688 0.94481903 0.9706151 8.938451 5.681818
 101.97369 103.929596 98.073265 0.943651 1.0191805 7.5421944 3.9473684
 128.20685 129.57759 121.04828 0.934176 1.0106916 7.4689045 1.3157895
 117.744 110.31211 99.38529 0.9009463 0.93688095 8.497919 1.1904762
 15.265746 13.450899 12.026867 0.89413106 0.8811164 8.560068 10.714286
 120.14173 122.74131 114.959076 0.93659645 1.0216376 7.715994 15.789474
 120.605995 125.73196 117.65682 0.935775 1.0425017 7.6947846 1.3157895
 105.90802 102.18175 96.34439 0.94287276 0.96481603 8.539702 2.3809524
 106.252785 108.68829 99.62113 0.91657645 1.0229218 6.5971346 1.4705882
 127.31041 131.38356 119.74458 0.9114122 1.0319939 6.084264 1.5625
 90.50754 88.95065 81.6013 0.9173773 0.9827983 6.63798 2.9411764
 129.55208 133.98785 121.37641 0.9058763 1.0342393 5.3960733 0.0
 23.265291 18.163565 16.180847 0.890841 0.78071505 6.4906154 7.352941
 12.90471 14.652217 13.696744 0.9347899 1.1354163 5.7390227 13.333333
 126.722275 124.937416 111.03114 0.88869405 0.9859152 4.459458 0.0
 121.25949 107.35794 97.30017 0.90631557 0.885357 5.2905736 5.0
 124.03371 111.6747 101.155045 0.9058009 0.9003577 4.950852 10.714286
 112.76361 101.424706 93.457146 0.92144364 0.89944535 5.1871514 5.0
 7.175241 5.6146526 4.753046 0.8465432 0.7825037 4.3655767 10.714286
 117.243385 117.503944 104.82999 0.8921402 1.0022224 4.0300956 0.0
 117.41988 100.11742 89.43847 0.8933358 0.8526445 5.301214 3.5714285
 83.6771 80.51649 73.9108 0.91795856 0.9622284 4.9827805 1.7857143
 106.52303 99.02267 89.93348 0.90821105 0.9295892 4.422462 13.461538
 19.213718 13.46324 11.873292 0.8819045 0.70070976 3.239982 8.928572
 109.91598 94.834236 86.1331 0.908249 0.86278844 4.401278 5.769231
 1.0 82.563774 81.94583 75.46381 0.9208987 0.9925156 616.52075 5.941354 132.0
