 82.19235 82.08624 78.18791 0.95250934 0.998709 9.232219 10.227273
 80.49735 84.43684 78.32362 0.92760015 1.0489393 5.829398 0.0
 92.57216 76.752205 71.79399 0.9353998 0.8291068 9.148767 10.227273
 17.41335 10.507514 9.49062 0.90322214 0.6034172 7.9667845 13.636364
 94.291145 91.28072 86.807144 0.950991 0.9680731 9.194905 1.1363636
 106.17802 80.25688 75.22614 0.937317 0.755871 8.283303 15.0
 98.19309 96.63643 91.908134 0.95107126 0.9841469 9.160645 9.090909
 93.597206 73.57472 64.19146 0.87246627 0.78607816 8.40804 13.636364
 102.050995 97.06733 92.24062 0.9502747 0.95116496 9.138214 3.409091
 100.45349 73.27523 67.60461 0.92261195 0.7294444 8.893562 17.045454
 83.8696 81.05022 76.86147 0.9483192 0.96638376 9.149263 1.1363636
 81.05135 78.29606 74.287224 0.94879895 0.9660056 9.224281 1.1363636
 89.91634 85.51933 79.88014 0.9340595 0.9510988 9.101795 7.9545455
 3.6004713 0.8699145 0.18144098 0.20857336 0.24161127 1.8994999 17.045454
 91.72436 88.24087 83.48373 0.94608915 0.9620221 9.173234 11.363636
 105.4479 102.37975 91.798004 0.89664215 0.97090364 4.1485987 6.25
 96.51073 96.01514 86.90728 0.9051414 0.99486494 4.143636 6.25
 76.02913 76.1004 71.81596 0.94370025 1.0009373 8.270896 16.25
 11.07139 7.435896 6.8280005 0.9182485 0.67163163 8.181418 19.318182
 92.77108 88.5685 82.79648 0.93482995 0.95469946 9.127348 4.5454545
 88.048134 90.827515 82.90091 0.912729 1.0315666 4.654024 5.769231
 87.63168 60.069443 56.141296 0.93460655 0.68547636 9.092054 17.045454
 90.52902 92.12981 86.58775 0.93984514 1.0176826 7.303378 4.1666665
 23.665197 20.466267 18.970621 0.9269214 0.86482555 9.045508 15.909091
 108.17903 89.37796 83.97961 0.9396008 0.8262042 9.081079 14.772727
 104.97955 103.31838 98.40497 0.95244396 0.9841763 9.076283 15.909091
 98.97628 88.256966 82.74057 0.9374961 0.8916982 9.096212 15.909091
 96.78464 77.6543 73.018585 0.9403032 0.80234116 9.021809 14.772727
 17.449064 13.705891 12.676531 0.92489654 0.78547996 8.478297 13.636364
 73.04982 70.88396 67.27822 0.94913185 0.97035086 9.186404 9.090909
 102.10842 99.73042 95.04126 0.95298165 0.97671103 9.26831 5.681818
 100.97523 99.28161 94.53493 0.9521897 0.9832274 9.147421 6.818182
 86.573814 82.053444 76.8267 0.9363007 0.947786 8.743377 14.285714
 81.08411 49.0254 45.757153 0.9333356 0.60462403 9.018647 15.909091
 89.16993 80.22013 75.46902 0.940774 0.8996321 9.05685 15.909091
 107.760056 80.46754 75.223045 0.93482476 0.7467288 9.066389 9.090909
 93.19065 79.496826 74.128006 0.93246496 0.8530558 9.168004 14.772727
 82.127075 80.23943 75.86835 0.9455245 0.97701555 9.210901 1.1363636
 69.28068 35.859787 32.73397 0.9128322 0.51760155 8.38498 15.909091
 103.989044 88.470695 83.729515 0.9464096 0.85076934 9.198997 15.909091
 78.51521 82.149284 74.55871 0.9076002 1.0462849 4.654936 5.769231
 20.655191 18.016811 17.061901 0.94699883 0.8722655 9.360478 19.318182
 82.04529 72.544586 68.18041 0.9398415 0.88420177 9.295512 14.772727
 102.79738 98.698006 90.86232 0.9206095 0.9601218 7.310707 13.157895
 89.64419 82.80128 77.087135 0.9309897 0.9236659 5.785377 7.8125
 101.828575 82.45959 76.37258 0.9261819 0.8097883 5.860452 10.9375
 83.835846 75.5001 69.605385 0.9219244 0.9005706 5.44202 1.6666666
 92.69729 74.308426 66.85757 0.8997306 0.8016246 4.8162274 12.5
 105.68977 80.70003 70.74715 0.87666816 0.7635557 3.8132732 8.333333
 1.0 82.91208 73.85845 68.856285 0.9322737 0.8908045 588.1723 10.6394 49.0
