 107.98592 88.40696 81.1692 0.9181313 0.8186897 9.757203 12.5
 10.271329 6.9732037 3.651597 0.5236613 0.6788999 5.571513 12.5
 112.61807 108.02626 99.51015 0.9211663 0.95922667 9.763132 9.090909
 49.984024 48.849384 43.14546 0.88323444 0.9772999 5.095349 7.6923075
 31.247038 30.688478 28.414461 0.9259 0.9821244 9.481289 11.363636
 99.71786 63.71056 56.20848 0.8822475 0.63890827 9.558297 11.363636
 39.195633 33.700016 31.256907 0.9275042 0.85979015 9.746532 12.5
 33.699142 36.278492 34.46632 0.95004827 1.0765405 11.06967 10.227273
 114.08239 75.064415 68.4571 0.91197807 0.65798426 9.612279 12.5
 14.820032 10.910139 9.37028 0.8588599 0.7361751 9.047702 14.772727
 60.08297 55.26468 48.56912 0.8788455 0.91980606 5.0056148 0.0
 49.21401 41.681194 37.81769 0.9073082 0.84693766 8.999107 14.772727
 22.353333 19.894573 18.594904 0.9346721 0.8900048 9.0288315 6.818182
 28.367708 28.686737 26.69099 0.93042964 1.0112462 9.776174 12.5
 81.25661 32.868996 28.413155 0.8644363 0.40450862 9.373219 11.363636
 47.357433 44.97165 40.203957 0.89398444 0.9496218 10.194444 6.818182
 41.40692 34.6086 31.822945 0.9195097 0.8358168 9.144951 10.227273
 51.776424 47.954117 43.819542 0.91378057 0.92617667 10.31445 5.681818
 111.97691 90.629456 82.126915 0.9061835 0.8093584 8.193337 11.842105
 101.19704 69.186966 61.738926 0.8923491 0.6836857 6.8427625 16.17647
 31.643942 29.992702 27.339293 0.9115315 0.94781816 10.15189 15.909091
 81.53898 78.25394 73.3885 0.937825 0.959712 9.830157 4.5454545
 27.560379 27.166985 25.347542 0.93302745 0.9857261 9.946824 12.5
 40.033443 40.400803 35.731236 0.88441885 1.0091764 4.8389025 5.769231
 17.79771 14.909671 11.819863 0.79276484 0.8377297 10.534871 15.909091
 37.17702 35.53886 33.066135 0.9304219 0.95593625 9.571151 9.090909
 39.171757 38.903996 36.545235 0.9393697 0.9931644 9.736354 11.363636
 57.9645 35.67714 32.04114 0.898086 0.6154998 9.423368 13.636364
 21.470066 19.452225 15.666452 0.805381 0.9060161 8.990053 14.772727
 60.976795 60.931225 56.92265 0.93421143 0.9992526 9.886621 7.9545455
 82.194244 48.7481 42.71356 0.8762097 0.5930841 9.04507 12.5
 53.341007 53.76696 46.758465 0.8696505 1.0079855 6.2174745 5.0
 94.52499 53.298443 47.02622 0.8823188 0.5638556 8.685537 13.75
 71.66235 70.192825 64.36031 0.91690725 0.97949374 9.526362 7.9545455
 53.918224 53.94262 49.404716 0.9158754 1.0004524 10.577524 6.818182
 132.11809 85.325485 77.362404 0.906674 0.6458274 9.568438 17.045454
 106.25511 94.79849 86.29559 0.91030556 0.8921782 8.235611 7.894737
 18.630867 17.845425 15.89079 0.8904686 0.9578419 9.505976 10.227273
 91.04758 77.234116 70.86369 0.9175181 0.848283 10.369613 13.636364
 95.91122 83.95259 77.74837 0.9260985 0.8753156 9.526943 13.636364
 79.87137 80.202705 70.205574 0.87535167 1.0041484 4.980459 7.6923075
 122.10987 95.23266 87.613655 0.9199959 0.77989316 9.621867 13.636364
 96.77193 87.0689 80.7839 0.92781574 0.89973307 9.932156 10.227273
 99.29897 85.18928 77.88529 0.91426164 0.85790694 9.417361 14.772727
 57.70349 54.49276 50.57122 0.92803556 0.9443581 10.258236 3.409091
 26.70647 23.280844 21.060131 0.90461206 0.8717304 10.875741 13.636364
 64.92832 28.643946 24.294888 0.8481683 0.4411626 8.740815 14.772727
 56.138954 47.927227 44.503227 0.92855835 0.853725 9.549388 12.5
 57.029957 56.04563 51.551235 0.9198083 0.98274016 10.664356 4.5454545
 55.955276 54.19055 50.339417 0.9289335 0.9684618 8.915024 11.904762
 16.964876 15.097059 13.858627 0.91796863 0.889901 8.164956 12.5
 54.877125 51.522003 47.550514 0.92291665 0.93886113 9.8976755 6.818182
 28.476068 26.887682 25.533585 0.9496387 0.9442203 9.016188 12.5
 90.56681 85.01068 78.63516 0.92500335 0.93865156 9.754748 15.909091
 102.12692 73.91756 66.704666 0.90241975 0.7237813 9.140363 14.772727
 101.870094 71.784004 65.158875 0.90770745 0.70466214 9.836293 15.909091
 28.09057 28.046888 25.474653 0.90828806 0.9984449 8.012072 10.526316
 93.04507 57.48278 51.730743 0.89993465 0.61779505 9.64078 14.772727
 27.650242 20.22893 16.721998 0.8266378 0.73160046 9.776409 13.636364
 36.735798 33.00972 28.885431 0.8750584 0.8985709 9.56234 7.9545455
 56.120644 57.21089 53.68617 0.93839073 1.0194268 10.120439 3.409091
 89.30789 70.13369 65.66845 0.93633235 0.78530234 9.6200695 15.909091
 75.30703 70.9039 65.27596 0.9206259 0.941531 10.103676 3.409091
 65.87669 45.282593 40.89578 0.9031236 0.6873841 9.6862335 17.045454
 77.619606 75.95374 70.32611 0.9259072 0.97853804 9.999919 3.409091
 32.19339 29.467024 27.737047 0.9412911 0.9153129 9.062961 7.9545455
 61.888905 58.683636 53.885506 0.9182373 0.9482093 10.026844 3.409091
 127.84107 88.46757 81.2474 0.9183863 0.6920121 9.253449 15.476191
 40.07045 40.081856 37.621803 0.9386243 1.0002847 10.087739 3.409091
 89.38905 59.427498 52.500153 0.883432 0.6648185 9.166109 13.636364
 109.73479 96.4078 89.38764 0.9271827 0.87855273 9.27822 12.5
 18.844872 13.955232 12.021555 0.8614371 0.7405321 9.166103 13.636364
 48.763947 48.08421 44.582226 0.9271698 0.9860606 6.5504346 10.9375
 67.72157 65.28802 60.391693 0.9250043 0.96406525 10.319858 2.2727273
 1.8454894 0.4538557 0.07578724 0.16698532 0.24592702 1.6459465 16.666666
 107.80394 72.30123 65.27229 0.9027827 0.6706734 8.6122265 12.5
 63.478508 58.98903 55.188053 0.9355647 0.92927563 9.8122 11.363636
 27.470789 27.511831 24.93584 0.90636784 1.001494 6.9020004 3.125
 98.79344 91.960785 88.83293 0.96598715 0.93083894 8.247514 5.681818
 43.513737 29.632658 25.415035 0.8576697 0.6809955 9.800345 17.045454
 28.056751 4.7307982 1.0441201 0.22070694 0.16861533 2.2339664 18.181818
 56.21659 52.30767 48.517757 0.9275458 0.9304668 9.953843 10.227273
 89.23855 62.933857 57.4458 0.91279644 0.7052318 9.953027 11.363636
 34.12221 30.52612 25.438433 0.8333333 0.8946114 10.0601425 13.636364
 95.81833 92.54159 85.68994 0.92596143 0.9658026 9.7691145 3.409091
 62.438934 61.142548 56.151077 0.9183634 0.97923756 9.385169 10.714286
 113.78331 89.91761 81.98227 0.91174877 0.79025304 9.782135 15.909091
 102.829796 105.75759 96.835045 0.91563207 1.0284723 7.407381 10.294118
 125.94644 124.27912 113.04411 0.9095986 0.9867617 6.0300508 5.0
 4.7634616 1.2167654 0.27802247 0.22849308 0.25543723 3.0753005 17.5
 99.027214 71.04864 62.87471 0.8849531 0.7174658 9.433582 14.772727
 24.631172 18.365385 16.293945 0.8872096 0.74561554 8.2189455 14.772727
 69.43826 66.19459 61.33669 0.92661184 0.953287 9.973808 3.409091
 49.847992 54.73155 49.277626 0.9003514 1.0979689 4.4495573 8.333333
 102.97777 93.25297 86.18982 0.9242582 0.9055641 9.718345 9.090909
 22.552528 18.983027 17.037954 0.8975362 0.841725 10.695243 10.227273
 64.60954 61.440228 56.04839 0.9122425 0.9509466 10.3481655 5.681818
 93.91188 90.82737 83.016624 0.91400445 0.96715534 9.656057 2.2727273
 46.67875 46.150513 41.440556 0.8979435 0.98868364 10.074058 9.090909
 77.45343 66.32741 61.819923 0.93204194 0.8563521 9.481649 13.636364
 41.20817 37.234333 34.396122 0.9237744 0.90356666 9.5018215 9.090909
 25.65602 20.941673 18.349497 0.87621915 0.816248 10.192104 11.363636
 124.16964 91.72743 81.79491 0.89171696 0.7387267 7.085052 14.705882
 112.951485 86.91732 80.2458 0.92324287 0.76951015 9.820228 13.636364
 91.41189 62.7694 53.260952 0.8485178 0.6866656 4.8742466 15.384615
 100.736404 57.548462 51.26649 0.8908403 0.5712777 6.7844596 16.17647
 129.04395 100.100655 91.44798 0.9135603 0.77570987 9.804871 17.045454
 25.104742 13.491718 9.802407 0.7265499 0.5374171 8.242847 14.772727
 113.460945 102.13027 94.26417 0.92297965 0.90013593 9.803151 6.818182
 18.599554 15.500844 14.264058 0.92021173 0.8333987 10.060024 11.363636
 28.088345 28.177914 25.609943 0.9088658 1.0031888 8.882449 6.818182
 29.747805 21.774435 19.565928 0.89857334 0.7319678 10.38343 12.5
 108.01154 74.863174 67.03641 0.8954524 0.6931035 9.407056 14.772727
 47.31391 45.065395 41.938545 0.93061537 0.9524766 9.95324 3.409091
 75.41569 74.563065 69.37851 0.93046755 0.9886943 10.3827095 2.2727273
 39.47347 37.66852 35.298298 0.93707675 0.9542744 10.272056 11.363636
 45.209652 43.88089 40.987537 0.93406343 0.97060895 10.10065 5.681818
 107.364975 94.116 85.65809 0.9101332 0.8765987 7.261911 13.235294
 49.534077 42.664722 38.93917 0.9126785 0.8613207 10.012452 15.909091
 14.635242 13.603196 12.367922 0.9091923 0.9294821 10.014723 11.363636
 75.856445 72.56679 67.11658 0.9248939 0.95663303 10.0408125 6.818182
 15.4167795 13.467883 11.52038 0.8553965 0.873586 11.037785 11.363636
 93.79827 100.82369 91.459045 0.90711856 1.0748993 5.0132976 3.8461537
 86.330345 80.2133 74.03694 0.9230008 0.9291437 9.726275 11.363636
 81.33151 77.75101 71.902435 0.9247782 0.95597637 10.04427 12.5
 83.62033 68.20995 30.197441 0.44271308 0.8157102 3.9126587 9.090909
 4.9415827 2.3630662 1.4534894 0.61508626 0.4782003 5.3043847 13.888889
 106.97328 69.8557 62.289474 0.8916878 0.6530201 9.333355 15.909091
 97.76422 93.697235 87.27173 0.93142265 0.9584001 9.556075 7.9545455
 26.81165 22.416357 20.19007 0.90068465 0.8360678 10.600382 12.5
 99.15497 65.80345 59.794624 0.90868527 0.6636425 10.021908 15.909091
 23.710583 22.462917 19.370037 0.8623118 0.9473794 10.929996 13.636364
 110.50818 88.87712 82.48821 0.92811525 0.80425835 9.706852 17.045454
 65.265076 61.901653 56.905483 0.9192886 0.9484652 10.207232 6.818182
 116.78388 87.086975 80.038315 0.91906184 0.74571055 9.6705885 15.909091
 4.8801775 2.717953 1.2171267 0.44781008 0.55693734 5.1314907 15.476191
 42.933186 43.7831 40.189354 0.9179194 1.0197963 9.562761 4.7619047
 52.6536 22.909739 18.626188 0.81302494 0.435103 8.365201 13.75
 78.74612 75.78031 70.48216 0.93008536 0.9623371 9.73275 11.363636
 34.033627 33.313065 29.159107 0.87530553 0.97882783 7.517924 4.4117646
 25.9201 22.52753 20.575035 0.91332847 0.8691144 10.578679 5.681818
 15.871835 12.048704 11.099108 0.92118686 0.7591249 9.65263 16.666666
 5.6698384 1.8622501 0.37762552 0.20277916 0.32844853 1.6812923 19.318182
 72.89621 67.772766 62.889347 0.9279442 0.92971593 9.975961 5.681818
 36.46235 31.60011 28.923508 0.91529775 0.86665034 9.668133 10.227273
 101.81883 80.022545 69.22031 0.8650101 0.7859307 5.5616455 14.285714
 51.30934 50.752357 46.903214 0.9241583 0.9891446 10.12482 5.681818
 64.47049 62.41718 56.442734 0.90428203 0.96815115 10.291817 9.090909
 102.79826 70.43943 64.23013 0.9118492 0.68522 9.670514 14.772727
 51.157726 47.178383 41.811478 0.88624233 0.92221415 10.150018 10.227273
 51.33868 42.9749 38.138767 0.88746613 0.83708614 10.82515 10.227273
 103.740555 101.08614 93.1049 0.92104506 0.97441304 8.843155 12.5
 96.76355 81.550514 75.70006 0.92825973 0.84278136 9.676245 14.772727
 48.210552 46.803738 44.283596 0.94615513 0.9708194 8.695606 5.681818
 101.26792 85.0264 78.2435 0.9202259 0.83961827 9.813386 15.909091
 27.040586 28.196009 24.887754 0.8826694 1.0427291 5.42773 5.769231
 41.178715 36.396942 32.7234 0.89907 0.8838776 10.293631 11.363636
 97.38797 82.20628 73.98146 0.89994895 0.8441113 9.190497 11.904762
 67.03275 68.35982 61.584194 0.9008829 1.0197973 5.7962036 12.5
 97.890335 60.396698 53.44577 0.8849121 0.61698323 8.129268 16.25
 110.58682 95.11775 85.9927 0.90406567 0.8601183 8.716419 12.5
 95.28733 88.82848 82.002754 0.9231583 0.9322172 8.431875 0.0
 48.10847 44.064434 41.2823 0.9368621 0.91593915 7.8759537 17.5
 38.14181 36.09614 33.052677 0.9156844 0.9463668 8.404934 1.25
 114.99398 78.2138 68.50858 0.87591434 0.6801556 8.097771 18.75
 30.202505 31.008087 28.34952 0.9142621 1.0266727 8.643728 10.0
 39.999863 36.649532 33.51752 0.9145415 0.91624147 8.71626 1.25
 127.6832 85.415245 76.42507 0.8947475 0.6689623 8.140042 12.5
 25.112825 20.074808 18.190037 0.9061126 0.79938465 7.231726 13.157895
 15.656508 11.278564 6.2591915 0.5549635 0.7203754 5.5821605 13.157895
 61.787167 55.550213 49.7468 0.8955285 0.8990575 7.5082407 5.263158
 90.07624 68.81133 58.07348 0.8439522 0.7639233 7.8055487 9.210526
 100.433556 61.93755 53.04453 0.85641956 0.6167017 5.545717 13.333333
 84.980446 53.594814 43.659866 0.8146286 0.6306723 7.1946254 9.210526
 62.47866 57.82768 52.450733 0.90701777 0.92555887 7.316521 0.0
 97.41938 70.7393 60.457233 0.8546485 0.7261317 7.5170975 13.157895
 90.40116 47.740616 15.991039 0.3349567 0.5280974 1.4128278 9.615385
 105.092735 92.1485 82.036606 0.8902652 0.8768303 7.668823 7.894737
 20.59564 17.57789 15.688659 0.8925223 0.8534763 6.9052253 7.894737
 106.781906 79.82879 69.378 0.8690849 0.7475872 6.9926167 11.111111
 83.87269 60.82422 52.901947 0.8697514 0.72519696 7.1707926 15.277778
 102.317055 83.501114 72.975685 0.87394863 0.8161016 6.7637444 9.722222
 101.82422 90.7778 80.75375 0.88957596 0.89151484 6.8258953 11.111111
 42.8543 34.9689 30.331615 0.86738837 0.8159951 7.0138206 15.277778
 2.8854187 1.0416701 0.43613148 0.41868484 0.36101177 2.4540954 13.461538
 105.34323 56.96026 47.52586 0.83436877 0.54071116 6.4341865 18.055555
 66.30623 42.559196 35.44101 0.8327462 0.6418582 6.2852774 15.277778
 60.299934 51.407276 45.30076 0.88121295 0.8525262 6.128994 10.294118
 87.18994 69.027245 61.13105 0.8856076 0.79168814 6.188648 7.352941
 28.529516 19.945024 17.575794 0.88121194 0.6991014 5.4588394 11.764706
 106.66784 71.4594 61.6975 0.86339235 0.6699245 6.0250497 14.705882
 87.27227 77.77234 67.97891 0.8740758 0.89114606 4.5526633 1.7857143
 98.41786 78.15029 73.96227 0.9464107 0.7940661 4.955723 3.5714285
 44.325066 34.80053 29.738617 0.854545 0.7851208 6.038202 10.294118
 62.072315 36.480034 29.851994 0.8183105 0.58770216 3.803129 11.538462
 40.059746 32.217907 28.632576 0.8887162 0.8042464 5.8196716 13.235294
 48.760197 37.370132 32.837734 0.878716 0.76640654 5.391889 14.0625
 60.134605 34.625755 30.056171 0.86802936 0.5758041 4.9875813 14.0625
 29.625422 22.411446 19.754986 0.8814686 0.75649375 5.4083853 12.5
 7.066523 1.5374845 0.45559454 0.29632464 0.21757299 1.9203691 10.9375
 81.58794 61.561848 52.53173 0.85331637 0.7545459 4.4468794 3.5714285
 103.713326 82.75297 74.11755 0.89564824 0.7979011 5.530084 10.9375
 109.07645 75.9383 67.95912 0.8949255 0.69619346 5.1877 10.9375
 83.35073 60.62128 53.27356 0.87879306 0.7273035 5.4750752 7.8125
 123.46876 76.85734 65.60527 0.853598 0.6224841 5.492966 17.1875
 27.244106 19.021837 17.107286 0.8993498 0.6982001 5.3896475 18.333334
 58.222744 47.42695 43.198742 0.9108481 0.81457764 5.1450543 1.6666666
 107.018585 63.848656 56.591915 0.88634473 0.59661275 4.9969254 16.666666
 6.1084085 1.8283997 0.9543218 0.52194375 0.29932505 3.131768 16.666666
 54.005386 45.160305 40.498245 0.89676636 0.8362185 5.463455 5.0
 104.32757 71.6793 63.906284 0.8915584 0.68706006 5.1380816 18.333334
 89.59685 57.104153 51.587067 0.9033855 0.63734555 5.348103 15.0
 28.752447 15.0353985 12.314288 0.81901973 0.52292585 5.171223 10.0
 57.578846 47.339344 44.85617 0.9475452 0.82216555 5.697105 8.333333
 58.169582 48.182 43.74603 0.90793306 0.8283023 5.216864 3.3333333
 116.66142 79.37284 72.70253 0.91596234 0.68036926 4.7686596 12.5
 52.821808 40.91987 37.00566 0.9043445 0.7746776 4.729306 13.461538
 94.6368 42.99581 38.00158 0.8838438 0.45432445 4.804931 16.071428
 86.06815 61.394863 56.705883 0.9236258 0.7133285 4.816103 16.071428
 94.95806 64.61605 59.109695 0.9147835 0.68046933 5.0531335 14.285714
 87.622314 75.155205 69.79 0.9286117 0.85771763 4.5773015 1.9230769
 101.92098 74.56639 67.581436 0.90632564 0.7316098 4.5786076 15.384615
 40.28585 30.232712 28.301931 0.93613607 0.7504548 4.663833 3.8461537
 99.9614 94.21005 83.839516 0.8899211 0.9424643 3.9633505 10.416667
 106.327324 93.486855 82.385506 0.8812523 0.87923646 4.0814133 8.333333
 106.21066 103.218704 92.014946 0.89145607 0.97183 3.9320557 12.5
 91.34383 89.18742 78.263245 0.8775144 0.97639245 4.00591 2.0833333
 80.44016 41.11355 35.93927 0.87414664 0.5111072 4.1179824 8.333333
 102.90444 97.45607 86.45776 0.887146 0.947054 3.9396417 6.25
 95.552956 69.56977 59.653297 0.85746 0.72807556 3.837825 12.5
 91.38617 71.00974 61.8088 0.870427 0.77702945 4.010705 8.333333
 101.82645 96.04386 85.255516 0.88767266 0.9432113 3.927118 6.25
 49.38111 46.8522 40.48931 0.86419237 0.94878787 3.8149953 10.416667
 112.76696 111.54047 100.04895 0.89697444 0.9891236 3.9767125 2.0833333
 81.93039 49.65514 43.881886 0.883733 0.606065 4.0936885 12.5
 14.405877 13.958642 11.882394 0.85125715 0.9689547 4.0749125 14.583333
 81.27654 40.661724 35.76831 0.87965554 0.50028855 3.9413543 14.583333
 95.91819 79.3927 69.138985 0.8708481 0.82771266 3.9947402 12.5
 77.72363 75.0716 65.69098 0.8750442 0.9658788 4.2178054 4.1666665
 85.538734 84.79627 75.56837 0.89117557 0.99132013 3.99014 6.25
 95.16629 63.14698 54.254303 0.85917497 0.6635436 3.8833551 12.5
 102.045555 94.39926 83.458145 0.8840974 0.9250698 3.9675155 10.416667
 98.498566 93.72356 84.51008 0.90169513 0.951522 3.9427748 8.333333
 96.90113 91.497154 81.14221 0.8868277 0.9442321 3.9427533 8.333333
 99.805084 95.11753 84.66953 0.8901569 0.9530329 3.9651463 2.0833333
 91.04073 90.94959 80.78271 0.88821405 0.99899894 4.0108852 8.333333
 115.238884 84.07477 71.467804 0.8500506 0.72956944 3.7988756 14.583333
 105.49042 106.23412 95.02845 0.8945191 1.00705 3.9598894 0.0
 82.05622 47.393066 40.78978 0.8606698 0.57756823 4.032193 14.583333
 87.9424 74.313675 66.61088 0.8963476 0.8450267 3.8905237 8.333333
 94.53633 76.10111 66.386604 0.87234735 0.80499333 3.846356 12.5
 98.575676 80.48105 69.84823 0.86788416 0.8164392 3.8732069 6.25
 104.76698 103.20306 91.95201 0.8909815 0.9850724 3.9588296 6.25
 88.4217 83.68746 73.30079 0.8758873 0.94645846 4.114967 6.25
 80.41814 73.330666 64.783325 0.8834411 0.9118672 3.9778495 6.25
 92.39889 77.35094 68.38623 0.88410354 0.8371414 3.8990574 10.416667
 75.10687 71.98768 64.104866 0.8904978 0.9584699 4.1198273 2.0833333
 34.880966 36.696404 32.604103 0.88848233 1.0520467 4.1623354 2.0833333
 93.56635 89.13205 79.37524 0.89053524 0.952608 3.9973934 10.416667
 89.27814 57.77222 50.207676 0.8690626 0.6471038 3.8048942 12.5
 82.06617 77.23288 69.49553 0.89981794 0.941105 3.966395 12.5
 98.60339 89.282425 79.03238 0.88519526 0.90547013 3.9351642 10.416667
 100.20134 99.63308 88.13117 0.88455737 0.9943288 4.041936 6.25
 107.9033 104.343185 92.94088 0.890723 0.9670065 4.0175953 6.25
 106.2523 86.02089 74.98797 0.87174135 0.8095909 3.8173294 12.5
 93.826935 81.135704 72.26518 0.8906706 0.86473787 3.889527 10.416667
 96.13234 92.12737 81.5485 0.88517123 0.95833904 3.9244988 6.25
 93.168945 86.02803 75.41479 0.87663037 0.92335516 4.0334535 10.416667
 1.0 70.3556 57.853565 51.769104 0.89483 0.8223022 419.3965 10.491819 268.0
