 3.5058212 3.1748714 2.971627 0.9359834 0.9055999 9.358235 12.5
 62.760468 37.48469 34.543266 0.92153 0.59726596 9.37706 10.227273
 101.59785 87.93139 80.53083 0.9158371 0.8654847 4.1106105 14.583333
 17.382273 14.098514 13.131566 0.9314149 0.81108576 8.454894 11.25
 17.667498 13.864429 13.059959 0.94197595 0.7847421 9.917561 13.636364
 34.5291 25.009401 23.430788 0.93687916 0.7242993 8.51882 11.363636
 0.9418756 0.465048 0.18425341 0.396203 0.49374673 1.9022051 29.166666
 9.130124 3.540513 2.8111062 0.79398274 0.38778365 9.177679 14.772727
 74.03133 78.01205 73.828896 0.9463781 1.0537708 7.298531 8.333333
 94.984726 72.50411 68.1451 0.9398792 0.7633239 9.438509 17.045454
 96.958046 95.451355 91.456276 0.95814544 0.98446035 9.622842 5.681818
 78.55774 48.17296 42.12537 0.8744609 0.61321723 6.3220606 13.235294
 9.865227 3.7803926 2.296382 0.60744536 0.3832038 8.4781275 13.636364
 68.02221 41.067383 36.47185 0.88809776 0.6037349 8.456526 12.5
 83.898155 69.218056 64.96125 0.93850154 0.8250247 9.374867 17.045454
 16.613518 12.453635 10.394783 0.8346786 0.7496086 10.6589985 13.636364
 95.803825 93.043945 87.43426 0.9397093 0.97119236 6.221871 3.125
 3.528595 1.2052729 0.3426337 0.28427896 0.34157303 3.0112364 15.909091
 81.868004 65.470924 61.457066 0.93869257 0.7997132 9.436005 14.772727
 43.992245 45.754734 44.011242 0.9618948 1.0400636 9.912991 4.5454545
 29.225924 27.321257 25.594795 0.9368089 0.93482953 7.9125576 5.263158
 1.2387093 0.33050165 0.13354768 0.4040757 0.26681128 4.808548 20.3125
 16.005486 14.604832 13.437245 0.9200548 0.9124891 8.694875 15.909091
 25.138117 14.004889 12.58998 0.8989704 0.55711764 8.350187 17.045454
 11.467412 12.298508 11.97318 0.97354734 1.0724746 9.843169 4.5454545
 97.61387 76.60237 71.21845 0.92971605 0.78474885 9.473338 18.181818
 12.684716 12.617846 11.99982 0.9510197 0.99472827 9.939923 9.090909
 89.476494 82.2139 77.75522 0.9457674 0.91883236 9.4781275 6.818182
 1.688348 0.83033943 0.545811 0.6573348 0.49180585 6.71887 20.588236
 10.475992 10.514265 9.963162 0.9475852 1.0036534 8.358705 14.772727
 49.893974 48.51545 45.97442 0.9476243 0.9723709 9.673297 10.227273
 1.9608355 0.5082938 0.086776115 0.17072038 0.25922307 1.5432945 17.5
 26.891726 27.35309 26.255915 0.9598884 1.0171564 9.662848 4.5454545
 37.804882 39.466446 37.637897 0.9536683 1.0439509 9.409492 4.5454545
 10.496301 10.350777 9.744576 0.9414343 0.9861357 5.303138 10.714286
 81.84677 83.10494 78.23362 0.9413834 1.0153723 7.9917507 1.3157895
 10.663742 6.3316092 4.794362 0.7572107 0.59375113 8.105907 15.909091
 25.074245 26.603733 25.794577 0.9695849 1.0609983 8.431969 12.5
 22.358387 20.90008 18.971184 0.9077087 0.9347758 5.0212426 14.285714
 11.3924 11.662977 10.638141 0.91212904 1.0237507 10.192128 6.818182
 46.9214 47.670017 45.918 0.963247 1.0159547 9.528823 3.409091
 12.988192 5.919886 2.2557836 0.38105184 0.45578986 3.7205772 10.227273
 67.80329 65.34836 62.40636 0.9549798 0.96379334 9.563558 9.090909
 2.4075272 0.5865662 0.12983234 0.22134304 0.24363846 2.2041888 20.0
 79.71327 81.67018 77.68758 0.9512355 1.0245494 9.455319 4.5454545
 27.784054 27.752064 26.405174 0.9514671 0.99884856 7.898979 11.842105
 9.529162 8.847221 8.321322 0.9405578 0.92843646 9.781514 12.5
 16.606495 14.557468 13.470449 0.9253291 0.876613 10.022409 14.772727
 14.326335 14.185211 13.579925 0.9573297 0.9901493 9.352057 11.363636
 11.252089 9.192384 8.522498 0.927126 0.8169491 10.590911 6.818182
 85.907394 81.08826 76.86744 0.94794786 0.94390315 8.046962 14.473684
 16.6201 14.805089 14.324191 0.96751803 0.8907942 7.896523 14.772727
 9.715179 9.485626 9.212392 0.97119486 0.97637177 8.700857 13.636364
 12.049356 11.1759405 10.723415 0.95950896 0.9275135 9.384181 7.9545455
 87.08708 82.71022 78.918594 0.95415765 0.9497416 9.278782 4.5454545
 88.52987 64.08035 58.358 0.9107004 0.7238274 9.066267 18.181818
 37.32546 37.019787 34.87881 0.9421667 0.9918107 8.885045 5.681818
 3.3591397 0.7943151 0.22578013 0.28424504 0.23646384 2.186443 15.909091
 51.062614 50.05029 47.26782 0.9444065 0.9801749 9.023021 5.681818
 22.724043 21.536135 19.793154 0.91906714 0.9477246 9.848278 7.9545455
 15.985025 15.920086 15.17065 0.9529251 0.99593747 9.90466 11.363636
 85.01129 64.40643 60.57322 0.940484 0.7576221 9.283148 17.045454
 76.77089 52.10857 43.68087 0.83826655 0.67875427 8.420507 13.636364
 75.441956 70.31276 65.77517 0.93546563 0.9320114 9.038915 2.2727273
 12.415754 11.366484 10.644803 0.93650806 0.9154887 8.602701 9.090909
 83.22861 55.040356 51.004025 0.92666596 0.6613153 9.160548 17.045454
 9.049898 7.7309318 7.234046 0.9357276 0.8542563 9.377641 15.909091
 8.248239 4.2542524 2.5808558 0.6066532 0.51577705 5.5820127 17.045454
 22.479034 24.426777 23.438066 0.9595235 1.0866472 6.242867 4.4117646
 6.053399 1.9430277 1.3467321 0.6931101 0.32098126 7.9418077 14.772727
 4.6075974 3.818576 3.4953246 0.91534764 0.82875645 8.412343 15.476191
 43.04378 42.781746 40.679256 0.95085543 0.99391234 9.645367 10.227273
 35.753708 30.050882 28.286207 0.9412771 0.84049696 10.024863 13.636364
 37.925304 38.468975 36.349224 0.9448971 1.0143353 9.958511 5.681818
 94.815025 85.69996 78.560936 0.9166974 0.9038648 4.067543 12.5
 80.09176 62.16743 59.49318 0.95698303 0.7762026 9.2543 13.636364
 9.593861 8.665437 8.1047535 0.93529665 0.90322727 9.361987 11.363636
 4.1109276 1.0976624 0.60227317 0.54868704 0.2670109 5.894907 15.476191
 20.062172 22.116215 20.033209 0.90581536 1.1023839 8.375387 6.818182
 2.972158 0.8616867 0.25524452 0.296215 0.28991956 2.8692508 19.444445
 92.16397 78.79123 74.10546 0.9405293 0.8549028 7.482451 15.277778
 30.628117 20.302725 18.431025 0.90781033 0.6628787 9.4517 9.090909
 23.793463 22.69933 21.471643 0.9459153 0.9540154 9.895169 9.090909
 24.5419 26.459251 25.18131 0.9517016 1.0781256 9.072457 4.5454545
 76.56545 55.07815 49.59282 0.90040815 0.71936035 7.23202 11.111111
 22.412832 20.002417 18.61812 0.9307935 0.89245385 10.105746 17.045454
 4.328083 1.583334 0.5686329 0.3591364 0.365828 4.848408 17.857143
 80.80386 53.270264 50.26341 0.9435547 0.65925395 9.485759 15.909091
 106.9269 106.485374 101.81463 0.9561372 0.9958707 9.6169615 4.5454545
 4.239193 2.9154212 2.5108795 0.86124074 0.68773025 7.8176956 14.772727
 11.937903 11.003552 10.492404 0.953547 0.92173237 9.310261 7.9545455
 87.35706 87.22403 83.02521 0.9518616 0.99847716 9.227944 3.409091
 94.7807 82.738495 75.66798 0.91454387 0.8729466 4.596239 11.538462
 94.04031 76.5843 71.30565 0.931074 0.8143773 7.4260545 9.722222
 12.005058 7.8746605 5.341845 0.6783588 0.6559452 7.4605446 13.636364
 90.65609 65.92929 62.421432 0.9467936 0.7272461 9.589396 17.045454
 94.21761 91.949394 87.33424 0.94980776 0.9759257 9.485524 6.818182
 6.64789 1.8819326 0.28251153 0.15011777 0.2830872 1.189052 17.045454
 15.768654 14.347042 12.786208 0.89120865 0.9098457 8.121165 10.227273
 74.917946 46.98631 41.67205 0.88689774 0.62717026 4.44639 9.615385
 15.183598 14.67841 13.861025 0.9443138 0.9667281 9.340577 7.9545455
 25.845984 25.45247 24.219519 0.9515587 0.98477465 9.044115 11.363636
 18.346054 12.812006 9.233434 0.720686 0.69835216 8.151483 15.909091
 26.255295 23.409594 21.573074 0.9215484 0.8916142 8.4515505 10.227273
 19.165726 17.014687 15.734384 0.92475307 0.8877664 8.523097 11.363636
 87.87129 77.69842 73.63721 0.947731 0.88422984 9.514006 13.636364
 92.011604 69.67106 65.1513 0.9351272 0.7571986 9.626624 13.636364
 34.64841 32.955826 31.047382 0.9420908 0.9511497 9.1023445 13.636364
 70.70543 41.79707 37.69589 0.90187865 0.5911437 8.847785 15.909091
 86.6196 47.517742 43.664497 0.9189094 0.5485796 9.4828415 12.5
 104.30013 85.67501 81.444244 0.95061845 0.82142764 9.569977 15.909091
 3.4030802 2.522933 1.5430264 0.6116002 0.74136746 4.383476 13.461538
 7.9808683 4.433641 3.8853128 0.8763256 0.55553365 9.597724 15.909091
 44.715855 41.540436 39.48179 0.9504424 0.9289868 7.4729466 8.75
 49.755924 51.200974 48.994843 0.95691234 1.0290428 9.286531 0.0
 47.905888 49.688644 45.872433 0.9231975 1.0372137 6.629672 4.6875
 29.490261 29.785 28.80193 0.96699446 1.0099945 9.371609 2.2727273
 64.16849 37.163857 32.611847 0.87751514 0.5791606 8.804986 14.772727
 82.590065 73.15667 69.46717 0.9495672 0.8857806 9.2977 14.772727
 99.79071 89.02251 85.21626 0.95724404 0.8920921 9.27712 18.181818
 15.253693 14.56547 13.501738 0.92696893 0.9548816 8.730398 7.9545455
 91.83708 77.4994 72.2548 0.93232733 0.8438791 7.4509287 12.5
 3.321117 1.1008137 0.1588115 0.14426735 0.33145893 1.3711854 15.0
 93.34421 93.34851 87.92011 0.94184804 1.000046 9.456424 6.818182
 53.77902 57.720432 53.519497 0.9272193 1.073289 3.78335 6.25
 29.801184 29.871078 28.165548 0.94290364 1.0023453 9.173523 3.409091
 10.664156 9.839229 9.007598 0.915478 0.92264485 10.101892 14.772727
 93.335495 94.05236 89.47197 0.9512996 1.0076805 9.488935 11.363636
 32.5883 30.198523 28.523937 0.9445474 0.9266677 8.86579 4.5454545
 87.06498 64.62091 59.608955 0.92244065 0.74221474 9.462154 13.636364
 100.74038 102.64358 95.671555 0.9320754 1.018892 5.843353 0.0
 70.56738 38.807476 35.436172 0.91312754 0.549935 9.478035 14.772727
 97.93674 101.40205 92.64041 0.91359514 1.0353831 4.0874796 8.333333
 28.19162 29.95807 28.144415 0.93946016 1.0626588 9.746373 6.818182
 13.324984 10.475376 9.189359 0.8772343 0.7861455 10.278323 12.5
 51.600952 21.569412 7.640189 0.35421407 0.41800413 2.1081269 14.772727
 13.032244 11.613901 11.082742 0.95426524 0.8911666 8.76794 11.25
 81.02864 54.71727 50.69641 0.9265157 0.6752831 9.217761 13.636364
 41.671158 42.60221 40.215378 0.9439739 1.0223429 10.00433 1.1363636
 79.17 54.705826 48.20099 0.8810943 0.69099194 7.2911053 9.722222
 92.4364 66.95372 62.538765 0.93405956 0.7243221 9.335456 11.904762
 13.790853 11.425925 10.000105 0.8752118 0.8285148 8.730172 16.666666
 74.64303 42.975376 37.0393 0.8618727 0.5757453 7.457139 15.0
 37.632095 35.11001 31.027533 0.88372326 0.9329804 8.627575 12.5
 82.290634 55.48105 48.71015 0.8779602 0.6742085 8.151096 13.75
 10.793257 7.0956454 5.4915195 0.7739281 0.6574147 5.114506 11.25
 90.01616 88.76469 82.42759 0.92860794 0.9860972 7.784209 9.210526
 97.96668 63.565083 56.88979 0.8949849 0.6488439 6.863841 15.277778
 15.591309 10.727028 9.1843815 0.8561907 0.6880133 7.2099476 16.17647
 91.48318 66.78564 59.52275 0.89125085 0.7300319 6.0066485 10.9375
 44.85565 40.69712 35.44658 0.8709849 0.9072908 6.799811 11.764706
 93.401825 63.37394 56.68824 0.89450395 0.67850864 6.502394 7.352941
 87.15128 49.407852 42.1494 0.8530911 0.5669205 6.197014 13.235294
 91.53478 79.208984 70.79537 0.8937796 0.86534303 6.465139 10.294118
 16.080208 14.564106 13.508402 0.9275133 0.9057163 5.717778 14.0625
 71.11155 56.735966 51.323635 0.9046049 0.79784465 5.9239507 7.8125
 82.25101 37.64046 29.2 0.77576095 0.4576292 3.5215666 14.583333
 9.948841 9.906665 9.303423 0.9391075 0.99576074 5.6163316 12.5
 92.54864 58.203274 52.13966 0.89582 0.6288939 5.3780766 11.666667
 104.32768 70.50863 62.770184 0.89024824 0.6758382 5.491744 11.666667
 15.832725 13.146966 11.808477 0.8981903 0.8303666 5.2717986 11.666667
 99.38838 79.364265 70.12905 0.8836351 0.79852664 5.445752 11.666667
 34.103046 28.611055 24.682688 0.86269754 0.8389589 4.838115 5.357143
 28.72029 28.904142 26.113194 0.9034412 1.0064015 4.8014135 10.714286
 94.32289 61.41247 52.333664 0.8521667 0.6510877 4.621555 16.071428
 48.71899 41.708138 37.200478 0.89192367 0.85609615 4.274948 7.6923075
 14.831727 12.22101 11.039311 0.903306 0.82397753 4.700368 7.6923075
 80.3702 45.781017 40.802406 0.89125156 0.56962675 4.519855 11.538462
 100.93024 63.50755 56.346897 0.8872472 0.6292222 4.3886223 9.615385
 4.1225624 0.9506045 0.31142348 0.32760572 0.23058584 1.9107854 15.909091
 9.594396 9.388726 8.323731 0.8865666 0.97856367 3.6180696 10.416667
 16.886654 13.774804 11.967631 0.8688059 0.81572133 4.0623317 8.333333
 92.31157 61.124554 52.309525 0.8557858 0.66215485 3.7173183 14.583333
 1.0 46.752247 38.272804 35.202923 0.9197895 0.8186303 301.84653 11.4869585 173.0
