 16.883934 16.007704 11.1095705 0.69401395 0.94810283 9.049732 9.090909
 10.977736 10.133484 8.570638 0.8457741 0.9230941 8.559677 11.363636
 110.01049 107.708694 97.850494 0.9084735 0.97907656 6.9789605 1.3888888
 21.082256 20.759909 14.472616 0.6971426 0.98471004 9.780852 3.409091
 105.82473 106.52311 98.80981 0.92759037 1.0065993 7.109752 1.3888888
 112.42759 112.89795 105.30572 0.93275136 1.0041837 7.0915313 1.3888888
 123.95153 124.78582 116.00204 0.9296091 1.0067308 6.9343853 0.0
 106.2783 104.82069 97.72467 0.9323033 0.986285 6.9366612 1.3888888
 106.55177 106.347305 96.776375 0.9100031 0.998081 5.022092 1.7857143
 104.160416 104.256065 96.7684 0.92818016 1.0009183 7.0036798 0.0
 111.79231 107.97019 99.200096 0.918773 0.9658105 6.9343343 1.3888888
 91.96981 88.529884 82.75027 0.9347157 0.9625972 6.937769 1.3888888
 104.795586 102.552986 93.838394 0.9150235 0.97860026 7.021989 5.5555553
 123.630066 122.8008 114.66431 0.9337424 0.99329233 6.7781773 1.3888888
 105.38304 102.65532 93.88389 0.91455454 0.97411615 6.518549 5.882353
 119.456856 115.958595 107.03926 0.92308176 0.9707153 6.922062 5.5555553
 116.73799 115.51157 105.49958 0.9133248 0.98949426 6.9240546 2.7777777
 109.29892 111.8958 103.745125 0.92715836 1.0237594 6.0455894 1.5625
 95.65594 93.88004 87.20649 0.928914 0.9814346 7.2200003 2.7777777
 120.06596 121.3973 113.18237 0.93233025 1.0110884 7.185622 1.3888888
 127.768585 127.640076 119.95488 0.93979007 0.99899423 6.7749434 2.7777777
 111.798164 110.81006 102.79729 0.9276892 0.9911617 6.9248385 0.0
 102.8314 105.091255 96.22612 0.9156434 1.0219764 4.919995 1.7857143
 96.9141 95.00508 87.791336 0.9240699 0.980302 7.0885315 13.888889
 16.877361 8.770184 2.8379543 0.3235912 0.5196419 3.107967 12.5
 106.04566 106.33619 97.75896 0.9193385 1.0027397 6.840933 4.1666665
 116.284744 116.84548 109.33213 0.9356984 1.0048221 6.819734 8.333333
 93.986855 92.00708 84.85587 0.9222755 0.9789356 6.6724744 1.3888888
 109.12495 107.88618 97.773315 0.9062636 0.9886482 5.4924374 0.0
 94.95828 92.842094 85.97126 0.92599434 0.9777146 6.949261 11.111111
 103.71037 99.82077 92.8266 0.92993265 0.9624955 7.328269 5.263158
 98.26389 95.62771 90.41116 0.9454495 0.97317237 8.5812025 0.0
 106.045364 102.433266 95.169235 0.92908525 0.96593815 7.048007 1.3888888
 102.77246 102.40864 95.610435 0.9336169 0.99645996 6.9738507 2.7777777
 113.670815 110.82315 102.66855 0.9264179 0.9749481 6.671533 6.9444447
 113.27268 113.718575 106.07824 0.93281364 1.0039364 7.0110774 9.722222
 108.17803 107.400566 99.672615 0.9280456 0.99281305 6.993328 1.3888888
 104.83047 104.95433 94.82866 0.9035231 1.0011816 6.9846864 0.0
 99.34819 99.23215 92.20683 0.9292033 0.998832 7.056051 1.3888888
 115.877335 115.604515 107.666855 0.93133783 0.9976456 6.977512 1.3888888
 104.55193 103.178 95.610916 0.92665994 0.9868588 6.9604354 6.9444447
 105.35484 106.20237 100.279015 0.9442258 1.0080445 8.713948 3.409091
 9.438309 6.599638 5.7165623 0.86619335 0.69923943 4.882431 12.5
 18.840372 14.806862 12.0124235 0.8112741 0.7859113 7.011031 11.363636
 112.16158 114.041595 106.468185 0.9335908 1.0167617 6.7364984 1.3888888
 98.40689 95.68867 87.2448 0.9117568 0.9723777 8.721717 9.090909
 118.88993 120.5791 112.6758 0.93445545 1.0142078 6.991067 6.9444447
 112.616005 111.526955 103.46722 0.9277328 0.9903295 7.0319996 1.3888888
 104.3341 104.907234 97.495346 0.9293481 1.0054933 6.863038 1.3888888
 6.9232316 4.6688695 3.8890896 0.83298314 0.6743772 5.2766557 7.9545455
 1.306842 0.3088659 0.12282475 0.39766368 0.23634525 5.266556 19.444445
 1.4408606 0.45255566 0.21487449 0.47480235 0.31408706 2.4313142 20.0
 100.93061 96.56483 88.881256 0.92043096 0.95674473 7.0449233 9.722222
 116.83477 115.06573 107.35603 0.93299747 0.9848586 6.9896865 1.3888888
 99.41258 97.7018 91.14085 0.9328472 0.982791 7.0407248 1.3888888
 3.4683118 0.9894243 0.23486276 0.23737314 0.2852755 2.8204935 15.909091
 10.772571 11.001281 10.177633 0.9251316 1.0212308 8.37017 11.363636
 4.5110874 1.1954298 0.33136865 0.27719623 0.26499814 1.8860428 18.055555
 117.54452 117.72974 109.53426 0.9303874 1.0015758 6.8614616 2.7777777
 117.03624 117.09062 108.35832 0.9254227 1.0004647 6.937568 0.0
 117.0612 114.16772 105.27227 0.9220844 0.9752823 6.8139467 1.3888888
 13.168493 14.526039 14.018799 0.9650806 1.1030905 6.682373 7.9545455
 105.775215 106.03123 98.959854 0.9333086 1.0024203 6.894396 4.1666665
 11.015175 7.5947638 4.52236 0.59545755 0.6894819 4.981625 10.227273
 95.049965 93.32819 86.269585 0.9243679 0.9818856 6.9467845 1.3888888
 105.87185 107.32793 99.06796 0.9230399 1.0137533 5.9561167 0.0
 7.5475154 7.5806756 7.315695 0.9650452 1.0043936 9.567944 9.090909
 116.37572 115.67393 107.342026 0.92797077 0.9939697 6.901707 1.3888888
 103.802986 101.761284 96.26164 0.94595546 0.980331 8.365304 11.363636
 12.388556 12.271816 11.336844 0.92381144 0.9905768 9.2354355 13.636364
 118.33623 122.059944 108.98057 0.8928447 1.0314672 3.9686544 2.0833333
 105.66733 101.63083 94.22436 0.9271237 0.9618 7.099526 8.333333
 107.77858 106.04949 96.33209 0.90836924 0.983957 4.9039063 3.5714285
 13.362367 12.676625 9.307917 0.73425823 0.9486812 7.8729978 5.952381
 128.5133 127.270164 117.99521 0.9271239 0.9903267 6.4477496 0.0
 106.7117 108.087845 102.31732 0.94661266 1.012896 8.23386 1.1904762
 2.724743 0.6061547 0.23553717 0.388576 0.22246309 3.8851907 18.421053
 116.361244 115.305954 105.987335 0.91918355 0.99093086 6.038295 1.5625
 5.38085 1.6388311 1.0200546 0.6224281 0.30456734 5.0957265 13.75
 106.86861 105.03536 96.99735 0.9234733 0.9828458 6.309267 1.4705882
 101.58176 102.55906 95.01375 0.9264296 1.0096209 6.2274857 5.882353
 95.31742 90.24786 80.60688 0.8931722 0.94681394 4.47038 0.0
 116.090004 115.91688 104.38891 0.90054965 0.9985087 4.4945173 1.9230769
 16.996468 14.5075865 12.483498 0.8604806 0.8535648 3.624069 14.583333
 5.329644 1.2591574 0.55666137 0.44209036 0.23625542 3.6215556 15.625
 17.39565 18.454597 16.665358 0.9030464 1.0608742 5.276742 11.666667
 102.28265 104.75035 96.41937 0.9204683 1.0241262 5.0957227 5.0
 105.74269 111.813736 100.67774 0.9004059 1.0574133 4.2944636 0.0
 1.0 83.91782 82.87595 76.34804 0.92123264 0.98758465 554.632 5.4674244 88.0
