 20.486866 18.989202 17.410223 0.91684854 0.92689645 9.51292 11.363636
 96.06091 91.63668 86.734665 0.9465059 0.9539435 8.987594 9.090909
 121.24294 107.740906 97.1625 0.90181625 0.88863647 4.8920674 8.928572
 88.58439 68.610695 61.918884 0.902467 0.7745235 4.8398867 16.071428
 16.42249 15.724141 14.946512 0.95054555 0.95747614 9.02342 3.409091
 16.186132 11.295698 9.476977 0.83899 0.6978627 9.399676 14.772727
 97.76043 67.90426 63.524956 0.93550766 0.6945986 9.1272135 20.454546
 48.544918 45.948154 43.486908 0.9464343 0.946508 9.29831 7.9545455
 82.238815 76.976364 72.86675 0.9466121 0.9360101 9.127202 5.681818
 97.3377 83.574165 77.582985 0.928313 0.8586002 7.4854193 15.789474
 16.501905 14.076952 12.50529 0.8883521 0.8530501 9.643304 7.9545455
 100.07357 92.32105 82.11814 0.88948447 0.9225318 4.8996735 5.357143
 98.89898 95.26585 90.083664 0.9456029 0.9632642 8.942146 6.818182
 102.07955 96.13538 90.13107 0.9375432 0.94176924 9.115583 7.9545455
 27.374058 27.763582 24.75103 0.8914927 1.0142297 9.404223 4.5454545
 80.704025 76.656975 72.04449 0.93982947 0.9498532 9.179088 2.2727273
 29.875628 29.452974 27.539003 0.9350161 0.9858529 8.687823 6.818182
 85.71709 80.65411 74.626854 0.92527026 0.9409339 8.991378 9.090909
 69.52254 60.383606 56.488834 0.93549955 0.8685472 9.358997 10.227273
 105.40369 89.02365 83.3347 0.93609613 0.84459716 9.056551 10.227273
 16.947622 13.3896885 11.804212 0.8815897 0.7900629 8.906607 15.909091
 96.267555 67.83717 63.51682 0.9363129 0.7046733 8.972792 18.181818
 97.98025 93.06672 87.80047 0.9434143 0.9498519 9.308071 5.681818
 98.72319 98.20187 93.48344 0.9519517 0.99471945 8.965385 10.227273
 11.586881 9.036747 7.151127 0.7913386 0.779912 6.0967183 5.681818
 81.359474 78.135 74.15518 0.94906485 0.96036756 9.124759 10.227273
 104.063805 100.550606 95.061775 0.9454123 0.9662399 9.196913 3.409091
 117.14729 114.815636 108.77761 0.9474111 0.98009634 9.186272 3.409091
 3.2183042 0.8694576 0.18315467 0.21065395 0.27016017 1.9033272 13.636364
 118.83447 111.82347 103.399345 0.92466587 0.94100195 5.866481 7.8125
 92.99104 89.03624 83.15554 0.9339517 0.95747113 9.055115 1.1363636
 11.920515 10.276116 9.464091 0.9209794 0.8620531 9.247345 10.227273
 16.22349 15.154649 14.102996 0.93060523 0.9341177 9.603309 10.227273
 92.16056 57.11615 52.005505 0.91052186 0.61974615 8.449188 19.318182
 8.798238 6.4861 5.6530538 0.8715644 0.73720443 6.0519686 17.045454
 112.49607 109.24031 103.49056 0.94736606 0.9710589 9.08219 3.409091
 100.43086 96.30031 89.47029 0.92907584 0.95887166 8.994376 6.818182
 92.052666 86.657936 77.738335 0.8970711 0.9413952 4.3649497 5.769231
 85.20811 73.97404 68.22934 0.9223417 0.86815727 5.900008 9.375
 83.44395 77.21013 71.28295 0.92323315 0.9252933 9.097297 9.090909
 10.923629 8.753315 7.4402723 0.8499948 0.8013193 8.026461 12.5
 109.99624 106.20702 100.57185 0.9469417 0.96555144 9.1417885 3.409091
 104.36089 98.62341 93.82249 0.95132065 0.94502264 9.025501 3.409091
 27.762707 26.830444 25.156767 0.93762016 0.96642035 8.390797 0.0
 85.08073 82.56801 78.32899 0.94866025 0.9704667 9.109282 4.5454545
 86.460594 80.55407 75.82521 0.9412959 0.9316854 9.234457 12.5
 102.49569 100.91021 95.437096 0.9457625 0.9845313 9.023924 9.090909
 13.9271 12.76655 11.6335945 0.91125596 0.91666967 8.822034 9.090909
 1.6801671 0.5037357 0.11509337 0.22847967 0.29981285 2.296058 21.25
 100.86644 94.094696 88.84519 0.94421035 0.9328643 9.22416 11.363636
 76.30383 42.968132 39.86004 0.9276652 0.56311893 8.988264 20.454546
 17.313452 17.189209 16.230022 0.94419837 0.99282384 7.4852924 12.5
 98.6832 70.219505 64.22897 0.9146886 0.71156496 9.062886 14.772727
 8.67879 7.6286225 7.031989 0.9217902 0.8789961 8.946466 14.772727
 102.92352 95.7596 87.9425 0.91836745 0.93039566 5.3963284 3.3333333
 82.7119 79.07729 74.88097 0.9469338 0.9560571 9.278146 14.772727
 112.37282 109.35689 103.18936 0.94360185 0.97316134 8.021429 3.75
 96.60972 87.65758 82.78401 0.9444022 0.907337 9.114109 13.636364
 98.168304 77.120415 72.49644 0.940042 0.78559387 9.073872 15.909091
 85.48224 77.69754 72.049446 0.9273066 0.90893203 9.060077 12.5
 96.959526 89.39798 84.4835 0.945027 0.92201334 9.08971 5.681818
 96.84235 89.55922 82.88043 0.92542607 0.92479396 9.131973 7.9545455
 88.356575 87.48004 83.26783 0.95184946 0.9900796 9.033833 0.0
 97.714294 89.331436 83.88006 0.9389758 0.9142105 9.083799 5.681818
 92.913086 84.47045 79.97489 0.94677943 0.90913403 8.836804 11.363636
 69.41583 66.34425 62.71203 0.9452518 0.9557511 9.327567 3.409091
 93.29862 88.01033 83.32038 0.94671136 0.9433187 9.143034 2.2727273
 13.801271 11.638873 10.624052 0.91280764 0.8433189 8.824048 14.772727
 81.44354 63.531013 57.93166 0.9118642 0.780062 5.3832903 10.0
 92.83524 80.648346 76.324165 0.9463823 0.86872554 8.950587 6.818182
 106.213005 103.9208 98.870705 0.9514044 0.97841877 9.0681095 3.409091
 95.05206 67.54576 63.17328 0.93526644 0.71061856 9.063674 20.454546
 79.177956 78.03375 74.67402 0.9569452 0.9855489 8.768527 3.409091
 83.669716 80.35383 75.522484 0.9398742 0.9603693 6.8183336 5.5555553
 107.70417 103.14032 97.75446 0.9477813 0.95762604 9.2188225 2.2727273
 83.69236 78.54996 72.60293 0.9242898 0.93855596 8.907448 7.9545455
 97.92442 70.42237 65.69679 0.93289655 0.71915025 9.014888 19.318182
 81.21944 76.598755 71.85409 0.93805814 0.9431087 9.102523 5.681818
 87.20257 84.66877 79.90454 0.943731 0.9709435 8.923565 5.681818
 85.74406 54.95182 49.729156 0.90495926 0.64088196 8.4822035 12.5
 87.05139 78.588524 73.56491 0.936077 0.90278316 9.235225 10.227273
 90.49226 86.84323 81.85153 0.94252056 0.9596758 9.22515 3.409091
 13.456028 12.706883 11.51788 0.90642846 0.9443265 5.6791863 9.375
 1.5327771 0.34878945 0.062517904 0.17924252 0.22755393 1.9326991 20.0
 12.297494 12.385038 11.682482 0.9432737 1.0071189 8.825658 9.090909
 13.861564 10.348102 8.925833 0.8625575 0.7465321 5.760557 11.666667
 83.70106 48.968307 44.111378 0.90081483 0.58503807 8.712096 17.045454
 50.722908 29.993195 27.014889 0.9007006 0.59131455 9.311718 15.909091
 79.81601 64.33806 60.262608 0.9366557 0.8060796 8.896775 14.772727
 90.6481 87.08214 79.92212 0.91777855 0.9606615 8.96454 3.409091
 100.89207 96.61586 90.8626 0.9404523 0.95761603 9.121234 3.409091
 82.07869 81.38319 76.898636 0.94489586 0.99152637 8.826106 7.9545455
 7.0508423 5.8354964 5.325379 0.9125837 0.8276311 10.015525 15.909091
 104.824 95.95009 86.9021 0.90570116 0.91534466 4.9028955 7.142857
 13.1109085 11.864154 11.17472 0.9418892 0.9049071 8.845177 7.9545455
 8.726737 2.3827126 0.40845168 0.17142297 0.2730359 1.6090982 20.454546
 88.044395 58.550095 52.925526 0.90393585 0.66500646 4.813897 17.857143
 81.626854 78.85296 74.06066 0.93922484 0.96601737 9.038608 6.818182
 67.49874 65.41908 59.996822 0.91711503 0.96918964 4.9521723 5.357143
 89.7508 60.085564 53.812653 0.8956004 0.669471 8.745549 14.772727
 88.40375 84.61672 79.16851 0.9356131 0.95716214 6.3712626 2.9411764
 94.925224 67.46524 62.715313 0.92959446 0.7107199 9.276219 12.5
 89.885864 84.60028 79.671814 0.9417441 0.9411968 8.480077 3.5714285
 79.61925 52.457546 48.04417 0.9158677 0.6588551 8.387922 15.476191
 48.308605 43.83689 37.92084 0.86504406 0.9074344 8.180031 3.5714285
 86.084274 77.80376 73.30329 0.94215614 0.90380925 8.566841 10.714286
 85.09825 80.622025 76.37251 0.9472909 0.9473993 8.692218 2.3809524
 94.663895 65.85674 59.898987 0.90953463 0.69569016 8.449433 16.666666
 91.1177 89.465744 83.78714 0.93652755 0.9818701 8.244854 3.75
 61.085434 52.247948 48.43685 0.9270575 0.8553258 7.892906 10.0
 118.19409 113.419556 106.91268 0.94263005 0.95960426 7.7963133 6.25
 93.51909 90.732735 84.75838 0.93415433 0.9702055 8.19221 6.25
 66.9935 69.20673 65.21307 0.94229376 1.0330366 7.524408 3.9473684
 107.15572 111.89796 105.29038 0.94095004 1.0442555 7.7080736 3.9473684
 90.82153 90.67651 85.27471 0.9404278 0.9984033 7.4857697 5.5555553
 100.49455 92.78935 87.01932 0.9378158 0.92332715 7.293996 9.722222
 14.830937 12.466784 8.52913 0.68414843 0.8405931 5.612399 4.4117646
 87.31684 87.83012 81.26743 0.9252798 1.0058783 7.299352 2.7777777
 85.85364 84.82093 80.03291 0.9435515 0.98797125 7.325683 1.3888888
 18.059538 16.73339 15.6457615 0.9350025 0.92656803 6.4246573 11.111111
 14.801629 14.308034 13.189708 0.92183924 0.96665263 8.470243 12.5
 103.94353 106.04786 100.156136 0.9444428 1.020245 7.3418736 1.3888888
 18.539959 13.3732195 4.300556 0.3215797 0.7213187 1.4456103 8.333333
 92.23199 94.46725 85.80219 0.9082745 1.0242352 6.20336 6.25
 86.03551 71.53157 65.413795 0.91447455 0.83141917 6.262431 12.5
 39.52801 39.192226 35.767166 0.9126086 0.99150515 5.625535 10.0
 101.84399 101.54389 92.32857 0.9092479 0.9970534 5.7813945 10.0
 101.17963 98.406715 87.18921 0.88600874 0.9725942 5.119004 0.0
 100.24103 94.371666 83.71705 0.8870994 0.94144756 5.191924 10.714286
 82.54418 64.996376 57.742317 0.8883929 0.7874131 4.718403 7.6923075
 26.099339 23.903059 21.385374 0.8946711 0.91584927 4.5795636 5.769231
 19.619 16.92418 15.217645 0.899166 0.8626423 4.652641 3.8461537
 107.747246 106.445366 95.30818 0.8953718 0.9879173 4.732668 7.6923075
 89.59236 83.40686 73.0892 0.87629724 0.93095946 4.8196454 1.9230769
 87.04192 84.75728 74.182434 0.8752337 0.9737524 4.154349 8.333333
 101.92794 90.66439 79.27785 0.8744099 0.88949496 4.1091385 6.25
 104.331314 95.85156 83.39414 0.8700343 0.9187228 4.063505 4.1666665
 63.85255 59.502373 52.784275 0.8870953 0.93187153 4.110493 2.0833333
 1.0 73.243256 65.957825 61.105106 0.926427 0.900531 518.70984 8.826384 138.0
