 9.144751 7.7836065 6.174546 0.7932757 0.8511557 7.6739635 11.363636
 15.996272 13.274072 11.851748 0.8928495 0.82982284 5.596718 8.928572
 13.60167 9.628836 5.955184 0.61847395 0.70791566 5.396261 13.235294
 11.620102 9.306731 7.168702 0.7702707 0.8009165 7.5388546 14.772727
 37.91627 37.210434 34.904575 0.938032 0.98138434 5.8132153 2.9411764
 11.04693 10.156688 9.328958 0.91850394 0.9194126 9.340421 7.142857
 14.745778 11.340516 9.323597 0.82214934 0.76906866 9.718282 10.227273
 67.22778 60.378326 44.71099 0.7405139 0.89811563 7.7060447 5.681818
 106.77611 80.6311 44.619495 0.5533782 0.7551418 3.6078987 5.769231
 17.109104 15.959027 13.38001 0.83839756 0.9327798 7.682368 9.090909
 121.02154 80.84459 52.614384 0.650809 0.66801816 4.1013045 3.8461537
 14.080381 12.146108 11.1256895 0.915988 0.8626263 9.203339 9.090909
 18.8958 18.790382 17.666924 0.94021106 0.99442106 9.4441 10.227273
 14.098898 10.743931 7.5740895 0.70496446 0.7620405 4.351863 12.5
 14.378914 13.6064205 11.60107 0.8526174 0.946276 9.544709 13.636364
 15.711925 15.33825 13.0873575 0.8532497 0.97621715 8.300349 6.25
 20.23859 19.803015 18.612396 0.93987685 0.978478 10.326812 10.227273
 5.2418685 3.4068615 2.9438107 0.8640829 0.6499326 9.354004 19.047619
 2.992491 1.7227796 0.95864785 0.5564541 0.5757009 2.3687978 13.636364
 11.728428 11.508774 11.070309 0.96190166 0.9812717 9.976418 6.818182
 7.3760595 3.6484396 3.1764631 0.87063605 0.49463263 4.692961 14.705882
 19.397123 15.958458 13.99089 0.8767069 0.8227229 9.720784 7.9545455
 20.19435 26.26603 25.092985 0.95533985 1.3006624 5.437759 3.8461537
 19.015015 17.293745 15.95103 0.92235833 0.90947837 9.380979 7.9545455
 50.879105 44.929047 41.29944 0.91921467 0.8830549 10.835248 9.090909
 107.87031 99.008606 89.74268 0.906413 0.9178485 4.9027576 5.769231
 105.04179 73.72402 29.474766 0.39979866 0.7018543 2.2576773 9.615385
 15.828328 14.812913 12.899064 0.8707986 0.93584824 6.5542083 11.764706
 108.85434 76.02673 30.507639 0.40127513 0.6984263 2.1219916 9.615385
 14.806234 14.533871 13.595655 0.9354463 0.98160475 9.196528 11.363636
 16.45992 15.364781 14.537651 0.9461671 0.9334663 10.027024 11.363636
 14.381725 13.552339 12.264405 0.90496594 0.9423305 9.590085 10.227273
 10.08421 10.142174 9.503668 0.93704444 1.0057479 10.400396 7.9545455
 8.371481 2.965434 1.6218991 0.54693484 0.35423052 6.0982537 14.772727
 15.494505 15.847321 13.715759 0.8654939 1.0227704 9.561447 7.9545455
 100.697075 99.99117 92.43178 0.9243994 0.99298984 4.9523454 1.9230769
 16.465984 15.301978 14.503272 0.94780374 0.9293084 8.734707 12.5
 16.115297 5.196029 4.499788 0.8660051 0.32242838 4.732214 15.384615
 21.429216 22.94314 21.945295 0.95650786 1.0706477 9.263721 6.818182
 11.841974 10.484574 9.646426 0.9200589 0.8853738 7.614418 12.5
 96.919495 89.381905 81.23076 0.90880543 0.92222834 4.868943 15.384615
 86.72268 85.921814 76.40772 0.88927037 0.9907652 4.513219 2.0833333
 13.162161 8.312362 5.273402 0.63440484 0.6315347 6.111123 13.636364
 94.98968 90.64775 83.059525 0.9162888 0.95429057 4.8985634 9.615385
 2.5968006 0.7730722 0.32636514 0.42216647 0.2977018 2.918779 19.047619
 6.1875114 2.8952904 1.5841665 0.54715294 0.46792483 6.629901 14.285714
 21.994415 20.921835 17.402388 0.83178115 0.951234 8.927592 9.523809
 93.6487 69.15076 63.117638 0.91275406 0.738406 7.974989 12.5
 30.130293 30.031494 27.190025 0.9053837 0.99672097 7.5897202 3.9473684
 16.97394 15.982042 13.567462 0.84891915 0.9415634 7.000711 5.263158
 13.78073 12.208175 11.21102 0.9183208 0.8858874 5.46306 12.5
 19.55702 21.78608 20.730562 0.95155084 1.1139776 7.4029207 7.894737
 11.180913 2.7356803 1.2949319 0.47334912 0.24467415 5.599502 16.666666
 12.891261 12.401836 11.064194 0.8921416 0.9620344 6.9791193 6.9444447
 19.81389 20.771776 18.64085 0.8974125 1.0483441 7.4539146 8.333333
 4.2376018 1.4255128 0.874921 0.6137588 0.33639613 5.5968566 14.705882
 81.05462 56.204674 48.67954 0.86611193 0.69341725 6.271454 14.705882
 7.7140536 5.946869 5.4804497 0.92156893 0.77091366 6.1857514 11.764706
 26.181744 22.684568 15.11068 0.66612154 0.86642694 3.41159 10.0
 16.588642 21.476688 20.348797 0.947483 1.2946621 4.9237638 5.769231
 23.327362 23.0361 21.259 0.92285585 0.98751414 4.867239 9.615385
 31.741104 33.966602 31.567053 0.9293556 1.0701141 5.193623 3.8461537
 20.085228 12.660147 9.909104 0.7827006 0.63032126 4.071291 10.416667
 101.42701 86.974724 78.882996 0.90696454 0.8575105 3.945426 6.25
 1.0 32.766945 27.966703 22.957603 0.82089055 0.8535035 164.29651 9.878329 64.0
