 33.652233 30.829174 28.625391 0.9285164 0.91611075 8.687664 5.681818
 11.832013 10.261224 9.3876505 0.91486657 0.8672424 4.3092413 10.9375
 14.728392 13.833262 12.943261 0.9356622 0.93922424 9.165501 3.409091
 13.019011 11.086188 10.317993 0.93070704 0.8515385 8.613542 9.090909
 21.665121 19.104767 17.976917 0.940965 0.8818214 9.024226 12.5
 106.57809 107.41545 98.05411 0.9128492 1.0078568 5.7588243 4.6875
 92.48122 87.45905 76.975044 0.88012666 0.9456953 4.2143674 13.461538
 15.205749 14.279865 12.335188 0.86381686 0.9391096 3.7984781 4.1666665
 94.50311 90.78765 85.02275 0.93650126 0.96068424 8.754094 4.5454545
 85.00369 79.55892 73.967575 0.92972064 0.9359467 8.774738 12.5
 30.92621 29.15838 27.355303 0.9381626 0.9428372 8.606636 3.409091
 8.145385 6.5634065 5.7955427 0.88300836 0.80578226 7.8854547 10.227273
 40.529613 15.82659 13.02671 0.82309014 0.39049447 8.1076975 12.5
 89.21948 76.59096 71.4204 0.93249136 0.8584555 8.637737 11.363636
 13.847793 12.904039 11.918593 0.92363274 0.93184817 9.673784 6.818182
 17.62781 16.649168 15.6371155 0.9392131 0.944483 9.195334 12.5
 13.5605755 12.482543 11.709964 0.9381072 0.9205024 8.506555 5.681818
 80.22593 76.77421 72.18828 0.9402673 0.956975 8.680727 2.2727273
 83.71664 79.79528 74.44212 0.9329139 0.95315915 8.703603 5.681818
 81.14086 72.04361 67.16484 0.9322804 0.8878832 8.672204 12.5
 103.59418 99.3516 93.07989 0.93687356 0.9590462 8.8527565 3.409091
 82.03703 79.77901 74.85788 0.9383156 0.97247547 8.806663 9.090909
 111.715744 107.8047 101.51475 0.94165415 0.96499115 8.703067 4.5454545
 10.018605 7.6577835 6.72949 0.87877774 0.76435626 7.979722 10.227273
 14.571859 12.796736 12.056097 0.9421229 0.87818134 8.83064 6.818182
 9.757559 6.788244 3.412267 0.50267303 0.69569075 6.6285853 9.090909
 110.20037 103.318855 94.281906 0.9125334 0.9375545 8.794028 5.681818
 108.63922 105.036514 98.73966 0.94005084 0.9668378 8.755484 10.227273
 121.871704 116.93244 109.83926 0.93933946 0.9594716 8.770307 11.363636
 73.699394 68.15699 64.173416 0.941553 0.9247971 9.075221 4.5454545
 91.98711 87.41913 81.36805 0.93078077 0.95034117 8.779038 9.090909
 17.941433 15.421171 14.494318 0.9398974 0.8595284 8.171011 12.5
 95.44957 93.224686 87.51314 0.9387335 0.9766905 8.983319 5.681818
 9.271363 8.256387 7.644093 0.92583996 0.8905256 7.7507906 13.636364
 2.779145 1.0186706 0.30280557 0.29725567 0.36654097 3.4715948 15.0
 114.205956 110.20566 103.476295 0.93893814 0.9649729 8.72578 5.681818
 82.44219 81.22323 76.26709 0.93898124 0.9852143 8.565318 0.0
 101.24548 96.228485 88.96485 0.92451686 0.9504472 8.232204 13.095238
 29.148273 27.895731 26.382935 0.9457696 0.9570285 8.902357 13.636364
 16.436483 15.23595 13.996733 0.9186649 0.9269593 8.447487 11.363636
 103.8993 100.67513 94.265335 0.9363319 0.96896833 8.659744 3.409091
 104.50063 102.51731 95.294075 0.9295413 0.9810209 7.8541856 3.75
 6.3794937 5.4416223 5.091962 0.9357434 0.8529865 8.482559 14.285714
 14.321278 13.597613 12.558499 0.9235811 0.9494693 7.355036 6.5789475
 111.577225 109.58519 104.15803 0.95047545 0.9821465 8.67054 11.363636
 18.224438 17.6979 16.381018 0.92559105 0.9711082 9.135002 9.090909
 17.82649 18.512558 17.479103 0.9441754 1.0384859 7.4836 10.0
 8.593088 7.651169 7.016 0.916984 0.8903864 9.658283 13.636364
 115.211266 113.18781 104.89134 0.9267017 0.982437 8.001888 8.75
 96.002075 86.89963 79.93476 0.9198516 0.9051849 9.041692 0.0
 63.115654 53.36046 47.438786 0.8890251 0.8454394 7.3813233 7.894737
 78.02857 75.878654 70.20928 0.92528373 0.97244704 8.861884 5.681818
 63.477875 59.421993 54.611843 0.919051 0.93610555 6.1240177 4.4117646
 40.509113 38.853592 36.429848 0.9376186 0.95913213 8.758465 3.409091
 21.31508 18.680168 15.130111 0.80995584 0.8763827 7.116097 12.5
 27.939068 26.659899 25.03616 0.93909425 0.95421576 8.693148 7.9545455
 1.3880584 0.30852473 0.11003823 0.35665935 0.2222707 4.315497 20.0
 10.572249 4.0224185 2.9812274 0.74115294 0.38046953 7.5472302 18.181818
 98.33054 94.73347 88.89723 0.9383931 0.9634185 8.764736 5.681818
 104.26439 100.1838 93.37722 0.93205905 0.9608631 8.877534 4.5454545
 23.386421 22.496967 20.977066 0.93243974 0.96196705 7.0487523 9.210526
 2.7587316 1.1453977 0.25042975 0.21864001 0.41518995 2.2228496 17.045454
 115.07345 112.14716 105.547585 0.9411525 0.9745703 8.768764 1.1363636
 101.23872 96.69183 89.61258 0.9267854 0.9550874 8.73957 4.5454545
 16.012766 14.074641 13.079915 0.9293249 0.87896377 8.22988 12.5
 11.20055 10.718688 10.047013 0.93733615 0.9569787 7.9919615 3.409091
 116.694046 111.09594 103.84834 0.93476266 0.9520275 8.677501 3.409091
 13.565614 12.80159 11.928513 0.9317993 0.94367933 9.206652 13.636364
 16.493677 15.174355 14.1956 0.93549937 0.9200104 8.856667 12.5
 28.316025 22.494211 20.931803 0.93054175 0.7943986 8.388868 5.681818
 14.825174 14.258927 13.283603 0.931599 0.961805 8.71765 7.9545455
 5.1466246 1.2195241 0.44729108 0.3667751 0.2369561 3.172292 15.909091
 103.61502 100.06771 91.6025 0.9154052 0.96576446 8.631279 4.5454545
 39.17923 37.686424 35.483414 0.9415437 0.961898 8.737675 2.2727273
 27.775333 26.769682 23.608833 0.88192433 0.9637934 5.561404 6.25
 62.377888 59.333824 52.52629 0.88526726 0.95119965 4.451218 5.769231
 3.9374247 1.3522137 0.2834889 0.20964798 0.34342593 2.2665827 15.909091
 105.33581 100.52326 94.43424 0.9394268 0.9543123 8.601451 5.681818
 16.545 15.360587 14.040773 0.91407794 0.9284126 7.9419813 6.25
 4.914771 1.734713 0.40477452 0.23333804 0.35295904 2.7011206 14.772727
 4.4994597 1.4330142 0.47194764 0.32933912 0.31848583 3.7348285 17.5
 12.637763 11.619906 10.770177 0.92687297 0.91945904 8.4503975 7.9545455
 91.54451 89.101364 83.64203 0.938729 0.9733119 8.98922 3.409091
 15.180791 14.5037365 13.530641 0.9329072 0.9554006 7.9168353 6.25
 92.86555 92.61613 84.46331 0.9119719 0.9973142 4.776544 1.6666666
 16.13745 14.569617 13.505315 0.9269505 0.90284514 7.66983 12.5
 14.168923 12.391539 11.082905 0.8943929 0.8745575 9.645959 9.090909
 15.754957 15.639292 14.59233 0.9330557 0.9926585 5.357904 14.0625
 98.68525 93.71772 88.77638 0.9472742 0.94966286 7.997073 6.25
 101.097 97.201965 91.45584 0.9408847 0.96147233 7.467994 5.263158
 16.210161 15.241453 13.946768 0.915055 0.94024074 7.5601425 9.722222
 9.846072 9.007017 7.716973 0.85677344 0.9147827 4.103242 8.333333
 5.888821 3.0755358 2.7772877 0.9030256 0.5222668 5.335854 15.0
 25.153896 17.505882 13.567984 0.77505285 0.69595116 2.596235 7.142857
 97.61627 92.21083 77.338104 0.83870953 0.9446256 4.2897863 8.333333
 26.351246 25.436087 22.157358 0.87109935 0.9652707 3.7796586 6.25
 1.0 50.334667 47.265034 43.676884 0.9240845 0.93901557 380.71045 8.509004 96.0
