 107.8341 68.40329 62.243546 0.90994954 0.63433826 8.676198 12.5
 43.943264 32.077633 26.447554 0.8244858 0.72997844 4.4155054 11.538462
 4.27652 2.7625492 1.7852626 0.6462374 0.6459807 6.1206956 14.772727
 116.34008 71.06131 60.89542 0.856942 0.61080676 5.2966924 18.333334
 92.4502 91.4438 85.3455 0.9333109 0.98911417 6.791295 8.823529
 106.77385 100.82692 95.77899 0.9499347 0.94430345 8.900671 0.0
 130.12187 102.14698 96.31997 0.9429546 0.7850101 8.959305 12.5
 69.21517 48.670315 45.180645 0.9282998 0.70317405 8.457055 12.5
 59.562298 46.711178 41.08008 0.8794486 0.7842407 9.618103 14.772727
 69.10601 37.85977 31.4135 0.8297329 0.54785067 8.474876 13.636364
 109.701126 61.70027 57.166813 0.92652446 0.56243974 8.659904 18.181818
 1.5048563 0.44147646 0.07885232 0.17861046 0.29336786 1.7865113 25.0
 117.7112 107.48184 99.01972 0.9212693 0.91309786 6.7696433 11.764706
 8.9179945 2.446331 0.45082957 0.18428804 0.27431402 1.6357311 17.045454
 113.14287 81.18789 75.26516 0.9270491 0.71756965 8.799502 17.045454
 107.56259 76.28884 71.08308 0.9317624 0.7092507 9.112338 13.636364
 88.90406 84.62546 79.81405 0.9431446 0.95187396 9.295359 4.5454545
 102.20952 102.81754 96.43504 0.93792397 1.0059488 8.888063 1.1363636
 114.41934 81.263 73.10056 0.89955527 0.7102209 6.6745057 14.705882
 20.305992 22.771086 21.605822 0.9488271 1.1213973 8.028083 7.9545455
 101.83064 64.61309 58.847904 0.91077375 0.63451517 8.718482 15.909091
 21.518583 17.051762 15.451628 0.90616024 0.79242027 3.8315468 8.333333
 18.514261 17.951817 15.216573 0.8476342 0.96962094 7.216392 9.090909
 73.01989 58.514885 54.978725 0.9395682 0.8013555 9.054521 11.363636
 94.68028 48.69882 42.363697 0.86991227 0.5143502 7.829392 14.772727
 13.133177 11.23141 10.413986 0.9272198 0.85519373 8.428646 7.9545455
 89.18716 81.76115 76.17892 0.93172514 0.91673684 9.219918 6.818182
 106.09363 99.69074 94.49184 0.9478497 0.93964875 9.079355 3.409091
 112.01949 102.23489 85.819 0.8394296 0.91265273 6.5491734 7.9545455
 92.85929 83.467224 78.83413 0.9444921 0.898857 8.816625 12.5
 17.390553 13.226943 10.905057 0.8244579 0.7605821 8.544834 14.772727
 20.201752 15.86083 14.395082 0.90758693 0.78512156 8.459532 10.227273
 112.07696 90.18914 84.96151 0.942037 0.8047072 8.884489 14.772727
 101.17405 62.870842 58.864506 0.93627673 0.62141275 9.008556 11.363636
 20.88169 23.629425 22.251104 0.9416693 1.131586 10.811557 9.090909
 116.155594 113.62968 105.6268 0.92957056 0.978254 9.257728 1.1363636
 4.1062684 1.2378155 0.4111439 0.33215278 0.30144534 3.4935982 16.666666
 4.6301303 1.7975111 0.5854464 0.32569838 0.38822043 3.3678658 20.0
 95.31346 86.78739 80.3613 0.9259559 0.910547 9.204359 2.2727273
 17.690344 14.493006 13.212346 0.91163605 0.81926084 6.902184 13.235294
 112.08767 76.322266 71.07122 0.9311991 0.6809158 8.938703 13.636364
 80.67057 74.31714 68.936325 0.9275966 0.92124224 9.371257 3.409091
 70.44064 69.7685 66.02465 0.9463389 0.9904581 8.308233 1.1904762
 120.14267 120.442024 111.0841 0.9223035 1.0024917 6.221124 7.8125
 115.32374 113.27639 104.04227 0.9184815 0.98224694 8.619287 11.904762
 97.851425 101.88476 92.840195 0.91122746 1.041219 5.2696958 0.0
 104.600204 104.58613 98.59309 0.9426976 0.9998654 8.8307905 1.1904762
 111.13368 91.28058 84.25796 0.92306554 0.8213584 8.487572 15.476191
 116.61844 98.348915 91.20545 0.92736614 0.8433393 8.64728 13.095238
 114.76844 112.971344 104.54009 0.92536825 0.9843415 8.4384575 11.904762
 119.94417 119.31107 113.12363 0.9481402 0.9947218 8.660656 2.3809524
 110.94202 113.43052 104.2346 0.91892904 1.0224307 5.8095717 5.0
 118.10865 110.82788 103.74003 0.9360463 0.9383553 8.562202 13.095238
 113.46047 115.98666 110.66166 0.9540896 1.022265 8.051064 7.5
 127.37245 127.15017 117.123856 0.9211459 0.99825484 6.096767 3.125
 115.443756 114.22013 107.4518 0.940743 0.9894007 8.888867 4.7619047
 121.56529 120.85628 110.51866 0.9144636 0.99416757 6.2818365 3.125
 113.11004 110.27089 101.876595 0.92387575 0.97489923 8.555507 5.952381
 119.57546 115.04189 105.01178 0.9128134 0.96208614 8.506951 3.5714285
 129.70816 105.261955 99.46628 0.94494045 0.81152916 8.624804 15.476191
 117.977554 118.54336 104.03449 0.8776071 1.0047959 4.195134 0.0
 109.772064 106.39294 98.86306 0.92922574 0.9692168 8.464538 9.523809
 117.9347 115.52725 105.11754 0.90989393 0.9795866 6.1556897 1.5625
 113.59403 116.05167 108.50519 0.9349732 1.0216352 6.188319 4.6875
 122.842735 90.96358 84.54554 0.92944384 0.74048805 8.552647 14.285714
 115.810104 114.00051 107.50085 0.9429857 0.9843744 8.660038 1.1904762
 116.99976 113.852585 106.39869 0.93453026 0.973101 8.501623 9.523809
 117.49226 116.98185 106.90849 0.9138895 0.9956558 6.1982903 12.5
 104.144295 105.2608 94.44045 0.8972044 1.0107207 4.111594 6.25
 111.9796 107.94717 100.15419 0.9278075 0.96398956 8.505163 13.095238
 111.79116 108.8761 102.61505 0.9424938 0.97392404 8.622364 5.952381
 117.23362 111.07475 103.891365 0.9353284 0.94746494 8.718678 5.952381
 113.152405 111.40725 105.215546 0.9444228 0.98457694 8.527378 3.5714285
 116.92645 119.577736 108.24472 0.9052247 1.0226748 5.239378 0.0
 110.04834 108.5962 100.92792 0.9293873 0.9868045 7.8027883 0.0
 110.689186 110.26869 103.35862 0.93733424 0.99620116 8.565094 0.0
 108.65038 105.57097 96.59856 0.9150106 0.9716576 8.482303 4.7619047
 111.63297 110.06705 103.58324 0.94109213 0.9859726 8.358069 8.333333
 114.48083 115.89634 109.557915 0.9453095 1.0123646 8.637453 2.3809524
 123.78575 108.222404 99.997154 0.9239968 0.87427187 6.881638 14.705882
 101.233864 109.094574 99.96947 0.916356 1.077649 5.1484447 0.0
 105.35624 104.24639 95.04199 0.9117053 0.9894658 5.6941605 8.333333
 104.94563 95.26992 89.44252 0.9388327 0.9078026 8.712171 10.714286
 110.90252 94.16662 88.40261 0.9387892 0.8490936 8.5961 14.285714
 4.8728747 1.8673285 0.94495726 0.50604767 0.3832088 6.0359364 14.285714
 112.497 112.44158 104.83262 0.93232965 0.99950737 8.70157 2.3809524
 116.27987 117.59693 110.9502 0.94347876 1.0113267 8.588493 1.1904762
 94.19899 92.6593 86.67887 0.9354578 0.9836549 7.8248205 1.3157895
 104.61768 106.82479 100.71235 0.9427807 1.021097 8.04487 1.25
 114.28038 112.273026 105.3224 0.9380918 0.9824348 8.614195 10.714286
 124.24245 122.97285 112.3801 0.91386104 0.9897813 6.21704 1.5625
 110.74422 111.54019 101.16618 0.9069931 1.0071875 5.759538 3.3333333
 102.647156 74.72823 68.8549 0.92140406 0.7280108 8.509133 14.285714
 105.17037 95.98319 86.43122 0.9004829 0.9126448 5.977801 13.333333
 98.84878 66.04569 60.730637 0.9195246 0.66814876 8.095901 16.25
 2.2484114 0.5712224 0.097874485 0.17134216 0.254056 1.1030242 19.117647
 110.87451 110.345474 104.34346 0.9456071 0.99522847 7.8662887 12.5
 118.28281 93.41381 86.4698 0.925664 0.7897497 7.9982142 11.25
 70.3871 65.472496 60.818066 0.92891014 0.93017745 7.876757 11.25
 114.83473 98.806946 86.43633 0.8748002 0.8604273 5.051546 16.071428
 97.73349 96.702034 88.94637 0.9197984 0.9894462 7.271982 3.9473684
 94.18792 74.60091 66.6479 0.8933926 0.79204327 6.309984 13.235294
 114.95876 109.373856 99.53732 0.91006505 0.95141816 6.906796 1.3888888
 93.35915 61.80801 54.320217 0.878854 0.66204554 6.497223 12.5
 105.37875 97.69323 89.433876 0.91545624 0.92706764 6.0856705 5.882353
 111.811104 104.49169 93.404526 0.8938943 0.9345377 5.680151 9.375
 120.473694 119.05525 109.260574 0.91773 0.9882262 5.831773 1.5625
 116.26472 112.190285 103.60176 0.92344683 0.96495557 5.793329 4.6875
 81.91491 74.090866 68.650604 0.9265731 0.9044857 5.3076487 10.0
 107.95052 108.7285 99.45157 0.91467804 1.0072068 5.0099745 12.5
 88.145424 50.283863 41.795673 0.8311945 0.5704648 4.3733506 12.5
 113.444214 108.17473 98.89854 0.91424805 0.95355004 4.8743925 1.7857143
 118.72087 108.49966 96.973145 0.8937645 0.9139055 4.4260235 9.615385
 96.10726 92.18835 83.35013 0.9041287 0.9592235 4.479438 1.9230769
 109.70823 87.57994 77.686195 0.8870318 0.7982988 4.386211 9.615385
 105.53486 104.23172 90.60769 0.86929095 0.98765206 4.465393 5.769231
 106.02972 102.46859 92.09063 0.8987206 0.96641386 4.4883184 1.9230769
 101.37875 100.68507 90.49945 0.89883685 0.9931575 4.3538823 1.9230769
 118.65089 115.26221 103.24831 0.89576894 0.97143996 4.404925 1.9230769
 98.88912 102.054306 90.30274 0.8848499 1.0320073 3.8761146 6.25
 107.18616 112.80018 98.92959 0.87703395 1.0523764 3.9705753 2.0833333
 110.09141 93.93558 82.59036 0.87922347 0.8532507 3.884292 14.583333
 100.8733 93.19891 80.89271 0.8679576 0.9239206 4.0121517 6.25
 108.603905 110.40085 97.38726 0.8821242 1.0165459 3.8964894 4.1666665
 105.1724 106.63042 93.95673 0.88114387 1.0138631 3.8777056 2.0833333
 116.28905 117.31598 104.056145 0.8869733 1.0088309 3.8672547 6.25
 110.74616 112.091774 99.5819 0.88839614 1.0121504 3.8370614 6.25
 107.96391 102.76714 90.36447 0.8793129 0.9518656 3.934466 0.0
 112.19396 109.402054 96.01345 0.8776202 0.9751153 3.8786824 2.0833333
 116.94257 117.08317 103.0366 0.88002914 1.0012022 4.0595784 2.0833333
 109.727325 111.95058 99.11403 0.88533735 1.0202615 3.883314 4.1666665
 108.48072 91.935646 81.4033 0.8854378 0.84748375 3.8505287 8.333333
 131.10263 108.798096 95.325645 0.87617016 0.8298697 3.9670763 6.25
 105.77895 106.53597 91.948364 0.86307335 1.0071566 3.8480265 2.0833333
 1.0 96.384674 87.86485 80.33044 0.9142499 0.9116061 602.4288 8.226275 134.0
