 1.0472957 0.25837886 0.114835046 0.44444445 0.24671052 5.6666665 25.0
 133.81348 141.8951 134.0551 0.9447479 1.0603945 6.388558 5.882353
 20.831612 20.778013 19.585686 0.9426159 0.99742705 8.162954 2.2727273
 2.2174885 0.5387189 0.0756598 0.14044394 0.24294098 1.4095128 17.857143
 143.29602 153.32138 147.50905 0.96209055 1.0699626 8.866959 1.1363636
 24.622816 24.610682 23.051773 0.93665725 0.9995072 8.34693 5.263158
 155.24318 168.10632 161.6256 0.96144867 1.0828581 9.18226 0.0
 20.248636 21.29501 20.354559 0.955837 1.0516763 9.098014 3.409091
 11.3234005 11.323048 10.600845 0.9362184 0.9999689 8.830091 7.9545455
 0.37766865 0.09558142 0.021932445 0.22946347 0.25308275 3.2124887 18.75
 17.858027 18.8056 17.890087 0.951317 1.0530615 9.215367 5.681818
 11.10061 9.9448 9.259324 0.93107194 0.8958787 9.475164 6.818182
 105.03086 110.78121 104.70602 0.9451604 1.0547491 6.491053 1.4705882
 139.3489 146.49219 136.08365 0.92894816 1.0512619 6.481922 0.0
 131.92377 140.29039 134.60747 0.9594918 1.0634202 8.9723425 3.409091
 15.452867 13.766402 13.095707 0.9512803 0.89086396 8.710464 6.818182
 12.837852 13.3272085 12.566924 0.9429525 1.0381182 9.005057 5.681818
 18.57103 17.970236 16.628832 0.92535406 0.96764886 7.8618646 6.818182
 143.20818 152.17873 143.48038 0.94284123 1.0626398 8.959059 1.1363636
 19.82332 20.727076 19.651348 0.9481003 1.0455904 8.234002 7.9545455
 138.75574 147.5682 140.50795 0.95215595 1.0635107 9.022258 1.1363636
 117.47095 122.680565 117.009605 0.95377463 1.0443481 9.050098 3.409091
 8.564962 8.325812 7.8574142 0.9437414 0.97207814 9.394923 10.227273
 13.767852 14.919097 14.026891 0.94019705 1.0836184 8.367986 6.818182
 133.14513 141.84438 132.47687 0.93395925 1.0653366 9.090375 3.409091
 10.170368 9.844681 9.33753 0.9484848 0.9679768 9.68978 3.409091
 139.64848 148.8997 139.48703 0.9367851 1.0662465 8.785919 4.5454545
 154.51898 163.30646 155.87259 0.95447904 1.05687 8.927682 1.1363636
 18.397192 17.828434 16.13272 0.9048871 0.96908456 9.067843 2.2727273
 131.74081 137.69905 131.59245 0.9556526 1.0452269 8.945792 1.1363636
 153.91887 160.97589 147.08397 0.9137019 1.045849 8.953827 1.1363636
 137.96605 146.57372 133.9091 0.9135956 1.0623897 4.8903446 1.7857143
 26.750605 26.650955 23.554144 0.8838011 0.9962749 5.7811265 8.928572
 142.50388 151.86847 145.73306 0.9596005 1.0657146 8.881816 0.0
 115.106674 118.09887 111.253136 0.9420339 1.025995 6.3692646 11.764706
 10.746813 9.409255 8.003472 0.8505958 0.87553906 7.8140135 14.772727
 3.7662365 2.5906878 1.0254036 0.39580363 0.68787175 3.273417 12.5
 13.832207 11.063804 9.46955 0.8559036 0.7998582 3.3011446 8.928572
 33.59578 19.557701 16.89937 0.86407757 0.5821476 5.7426486 16.666666
 121.45398 126.829544 115.914215 0.91393703 1.0442601 4.444314 1.9230769
 1.675952 0.33479798 0.15079372 0.4504021 0.19976586 5.5974865 20.833334
 136.8765 144.46089 133.48196 0.9240007 1.0554105 8.684398 2.2727273
 132.47269 138.62791 128.94447 0.93014795 1.0464642 8.864504 6.818182
 19.788042 19.91579 16.938244 0.8504931 1.0064558 7.471335 7.9545455
 19.654303 20.500051 19.279171 0.94044507 1.0430312 5.8161 1.5625
 121.70161 107.34378 102.581245 0.95563287 0.88202435 8.539374 18.181818
 16.988325 17.282188 15.864372 0.9179609 1.0172979 4.308601 5.769231
 1.56558 0.53666675 0.19633181 0.3658356 0.34279102 2.1041644 16.666666
 8.368777 7.0211353 3.8730748 0.55163085 0.83896786 7.424402 11.363636
 4.1372824 3.2072568 2.6766486 0.8345601 0.7752086 6.9332356 10.714286
 118.745834 125.567764 120.39375 0.9587951 1.0574498 8.903663 0.0
 18.104202 18.639084 17.785593 0.9542097 1.0295446 8.670285 6.818182
 95.46798 100.557205 96.1366 0.95603883 1.0533082 9.186607 0.0
 2.652971 1.1763967 0.48485684 0.41215423 0.44342613 3.2401571 21.052631
 13.27999 12.687518 11.82097 0.9317007 0.95538616 9.970931 9.090909
 3.03879 0.76398784 0.29888928 0.39122257 0.25141186 3.929238 17.045454
 0.6642425 0.21850084 0.05462521 0.25 0.32894737 1.375 21.428572
 107.661995 111.707565 106.817085 0.9562207 1.0375766 8.908187 6.818182
 159.12645 168.60173 161.65964 0.95882547 1.0595456 9.250259 1.1363636
 24.270874 23.041517 19.857866 0.86182976 0.94934845 10.030668 4.5454545
 3.865859 1.477029 0.8218591 0.5564272 0.38207006 4.25534 17.045454
 2.567809 1.164986 0.6705768 0.5756093 0.45368874 6.3330398 15.476191
 18.958954 19.812384 18.310143 0.9241767 1.0450145 8.025082 3.409091
 122.40496 131.50363 119.33416 0.907459 1.0743326 3.9457438 2.0833333
 127.8691 134.49992 128.89035 0.958293 1.0518564 9.092314 0.0
 120.35306 128.53651 123.36577 0.9597721 1.0679954 9.025277 0.0
 2.5875893 0.82338727 0.48649386 0.5908445 0.31820634 3.312498 15.384615
 101.92086 106.41051 101.56815 0.95449364 1.0440503 7.98921 6.25
 146.4897 153.595 141.96724 0.92429596 1.0485038 4.4261446 3.8461537
 1.70769 0.4036611 0.13830326 0.34262225 0.23637843 2.7049456 19.047619
 15.546631 15.686409 14.906337 0.95027083 1.0089909 8.4331045 2.2727273
 131.3977 139.45995 130.97063 0.9391272 1.0613575 8.901947 3.409091
 14.612583 15.519207 14.790231 0.9530275 1.062044 9.348556 1.1363636
 1.5804887 0.61153466 0.18290567 0.2990929 0.38692757 1.5411375 18.333334
 19.029701 19.574806 17.717592 0.90512216 1.0286449 7.1421604 6.818182
 4.2135334 2.7908993 0.72226983 0.25879467 0.66236556 3.279865 17.857143
 8.292518 8.221818 7.815909 0.9506303 0.9914742 7.7691727 12.5
 137.0988 145.9676 139.96724 0.9588924 1.0646892 9.0188675 1.1363636
 154.03836 162.15562 153.88849 0.9490173 1.0526963 6.997324 0.0
 21.590454 21.94718 20.935755 0.9539155 1.0165224 8.745215 3.409091
 9.896053 10.118614 9.4545765 0.9343747 1.0224899 9.36475 12.5
 27.632643 28.756157 26.68469 0.9279644 1.040659 4.851058 5.357143
 10.160878 8.201495 7.1918874 0.87689954 0.807164 8.283493 13.636364
 24.461315 24.807505 23.615305 0.9519419 1.0141526 8.79247 0.0
 6.9427094 1.6837889 0.64286286 0.3817954 0.24252619 4.2326107 18.181818
 9.331729 8.695006 7.9932094 0.9192874 0.931768 7.4759736 7.9545455
 1.6470573 0.6319514 0.31584114 0.49978706 0.38368514 3.907664 19.444445
 127.10229 133.72935 125.04001 0.9350229 1.0521396 5.9582024 1.5625
 140.6467 148.79642 139.7135 0.93895733 1.0579447 5.9981065 0.0
 155.21143 166.6592 156.02469 0.9361901 1.0737559 5.4716506 1.6666666
 3.9486291 0.91579604 0.6844899 0.74742615 0.2319276 8.497302 15.476191
 143.02324 153.81453 147.34598 0.9579458 1.0754513 9.152185 1.1363636
 57.689552 22.907518 20.623655 0.90030074 0.3970826 9.248638 18.181818
 156.04434 166.04102 159.50333 0.96062607 1.0640631 9.009463 1.1363636
 147.36632 154.6659 145.20013 0.9387986 1.0495335 6.007774 1.5625
 25.629042 22.74359 21.54614 0.94735 0.88741475 8.525927 7.9545455
 111.9575 119.44629 115.3302 0.96554023 1.0668896 8.810201 1.1363636
 2.3807554 0.49014395 0.16290905 0.3323698 0.20587748 3.135379 22.058823
 26.793373 27.915876 26.711975 0.95687395 1.0418948 9.167027 2.2727273
 21.996328 22.80912 21.36202 0.93655616 1.0369512 8.277438 2.2727273
 3.8463645 2.1139615 1.023217 0.48402822 0.5495999 2.5651531 10.714286
 154.0831 162.58907 156.00627 0.95951277 1.0552038 8.835094 1.1363636
 3.7223704 1.7449253 1.0354726 0.59341943 0.46876723 5.962274 15.909091
 12.983552 12.280405 11.007375 0.8963365 0.9458433 6.4534693 12.5
 2.1844413 0.62831104 0.25323445 0.40303993 0.28763008 4.9494534 17.5
 154.03029 160.84674 153.33337 0.9532887 1.044254 7.429811 0.0
 18.62333 17.496832 15.540928 0.8882138 0.9395115 5.300307 10.9375
 2.476112 0.62154865 0.26045173 0.41903675 0.25101802 5.5802827 19.318182
 5.479916 3.3921912 1.7053697 0.50273395 0.6190225 3.5331328 15.625
 133.93733 140.3434 128.98128 0.91904056 1.0478288 4.457658 1.9230769
 2.42952 0.92029166 0.22373848 0.24311693 0.37879568 1.9016742 10.526316
 149.07718 159.05103 151.57626 0.953004 1.066904 8.848519 1.1363636
 18.451296 19.011312 18.124664 0.95336205 1.030351 9.472514 0.0
 18.205824 19.72088 19.153254 0.971217 1.0832183 8.421982 2.2727273
 156.32541 167.32835 157.47322 0.941103 1.070385 6.060303 0.0
 16.576824 16.945362 16.231928 0.95789796 1.0222322 8.491579 11.363636
 8.95728 8.570436 7.492344 0.8742081 0.9568122 8.296016 9.090909
 141.82448 149.97227 143.17572 0.95468134 1.0574498 9.061329 4.5454545
 131.94728 133.93495 127.61031 0.9527782 1.0150641 8.908295 4.5454545
 113.57651 111.68777 105.61968 0.94566923 0.9833703 9.0124 0.0
 11.836704 9.413507 3.7211409 0.39529803 0.7952811 3.5160916 13.636364
 11.343801 4.434647 1.9565054 0.44118628 0.39093134 2.8402712 17.045454
 19.895527 11.762126 9.994906 0.8497534 0.5911945 8.10136 7.9545455
 130.16983 138.34375 126.788666 0.9164756 1.0627943 8.621462 6.818182
 1.7874702 0.42234617 0.09461963 0.22403336 0.23628151 2.3554149 18.75
 20.23133 21.086193 19.668121 0.9327488 1.0422544 8.113988 4.7619047
 126.93781 133.22891 125.321106 0.940645 1.0495604 8.604393 1.1904762
 127.99073 137.70308 129.73297 0.942121 1.0758832 8.402606 1.25
 148.22026 159.80443 149.73581 0.9369941 1.0781552 7.530321 1.3157895
 20.671976 19.664461 18.125002 0.92171365 0.9512618 7.9115624 5.263158
 13.627026 12.32668 11.188403 0.90765744 0.904576 7.148085 5.5555553
 166.42607 177.00027 165.64763 0.9358608 1.063537 7.03027 0.0
 148.64357 151.39497 139.01782 0.918246 1.0185101 6.4412913 0.0
 33.92687 32.857204 29.739965 0.9051277 0.9684714 7.100614 4.4117646
 9.311288 9.973415 8.917495 0.8941265 1.0711101 5.5095077 8.333333
 162.95 170.33075 155.73724 0.9143225 1.0452946 5.476071 1.6666666
 27.762001 25.154795 20.904915 0.8310509 0.9060873 4.411052 3.5714285
 141.7998 147.2632 129.1942 0.8773014 1.0385289 4.9353127 1.7857143
 125.61823 124.03402 110.97866 0.89474374 0.9873887 4.394709 0.0
 155.01942 153.57787 133.9006 0.87187445 0.9907007 4.452026 1.9230769
 151.56966 150.41818 134.22588 0.8923514 0.99240303 4.4351587 0.0
 1.0 64.75679 66.7278 62.371807 0.93472004 1.0304371 505.62405 7.0672174 141.0
