 8.779908 7.0489287 6.272194 0.8898081 0.8028477 7.9910774 14.772727
 31.191069 31.78474 30.056913 0.9456397 1.0190334 8.3195505 1.1363636
 3.305605 2.2474172 1.7254388 0.767743 0.6798808 6.9461713 14.772727
 2.7736971 1.4630477 0.9848013 0.67311627 0.5274721 6.372865 14.285714
 23.09894 22.688078 20.92226 0.9221698 0.9822129 9.119504 11.363636
 24.063139 22.677904 21.78845 0.96077883 0.94243336 8.092212 9.090909
 26.084053 25.111021 22.943346 0.9136764 0.96269625 4.090531 7.6923075
 9.753382 3.5537608 2.9420848 0.82787925 0.3643619 6.5699854 17.045454
 13.876209 11.727319 11.0322 0.9407266 0.8451385 8.997049 12.5
 21.21498 20.589514 19.284393 0.93661237 0.9705177 8.476936 5.681818
 10.049064 7.795866 7.187395 0.92194957 0.7757803 7.7273545 17.045454
 11.6231575 9.332472 8.697054 0.93191326 0.8029205 8.620337 14.772727
 6.0113225 5.6836743 5.2555375 0.92467254 0.94549483 8.813119 15.0
 16.932575 14.052166 13.193082 0.93886465 0.8298895 8.501443 11.363636
 2.0961392 1.2462716 0.48548377 0.38954893 0.59455574 3.3407462 12.5
 16.63518 15.720867 14.596382 0.9284718 0.9450375 8.730719 12.5
 7.09711 6.0379415 5.539625 0.91746914 0.8507606 8.962756 11.363636
 16.960667 16.451689 15.641925 0.9507792 0.9699908 8.840433 11.363636
 11.145269 9.507539 8.994805 0.94607085 0.853056 8.688749 9.090909
 9.32417 9.629539 8.822945 0.9162375 1.0327502 9.117078 9.090909
 7.919942 4.788925 4.1470013 0.8659566 0.60466665 8.065985 15.909091
 3.142817 0.8480037 0.1338426 0.15783258 0.2698228 1.3394248 21.428572
 3.2627704 0.95676947 0.21892162 0.22881334 0.29323837 1.7300841 15.909091
 3.5219936 2.6293795 2.2224274 0.84522885 0.74656 8.06883 16.25
 14.803601 11.661955 10.759243 0.9225934 0.78777826 8.8671665 13.636364
 4.63423 2.7074592 2.1489365 0.79370964 0.58423066 7.1751795 17.045454
 7.455097 7.845676 7.537553 0.96072704 1.0523908 8.699614 14.285714
 7.5351615 7.2478423 6.8328886 0.94274795 0.96186954 8.145612 14.772727
 39.02909 28.87366 25.57025 0.8855909 0.7397984 8.72303 15.909091
 28.18964 29.217735 27.681658 0.94742656 1.0364707 8.699383 0.0
 11.5438385 10.323273 9.621351 0.93200594 0.89426696 8.5266 11.363636
 22.06825 18.755886 17.412323 0.92836577 0.84990364 8.144033 15.909091
 9.365652 4.794538 4.167294 0.86917526 0.51192784 8.588892 14.772727
 9.014996 5.941327 5.3315263 0.8973629 0.65904933 8.190639 12.5
 10.414312 5.165109 3.9561663 0.7659405 0.4959626 6.7682047 19.318182
 15.294193 13.243568 12.281776 0.92737675 0.8659213 8.9794655 12.5
 6.2695446 4.942778 4.4033136 0.89085805 0.78837913 7.9754057 13.636364
 3.1639934 2.5688186 2.3619597 0.9194732 0.81189126 8.5338745 17.045454
 9.496761 8.21953 6.714314 0.8168732 0.8655088 7.3394656 14.772727
 13.8621235 13.544821 12.762167 0.94221747 0.9771101 8.796626 10.227273
 13.926724 12.95297 11.960868 0.9234074 0.93008006 8.3911705 10.227273
 9.1407175 6.518234 5.691183 0.8731173 0.71309876 8.027522 14.772727
 13.709709 13.31688 12.521225 0.9402521 0.9713467 8.961582 5.681818
 10.099483 9.437531 8.943345 0.947636 0.9344569 8.320106 10.227273
 8.247094 5.8426385 5.218721 0.8932131 0.7084481 8.740424 11.363636
 7.353891 4.044373 3.7444541 0.9258429 0.5499637 8.201765 20.454546
 29.216612 28.294939 26.713045 0.9440927 0.9684538 8.080403 9.090909
 4.6924396 3.7816346 3.5027642 0.9262567 0.8058995 8.184181 17.045454
 30.87111 27.881432 25.980762 0.9318303 0.9031561 9.005072 10.227273
 1.8635008 0.4773909 0.080490336 0.16860467 0.2561796 1.0440408 21.428572
 2.866748 0.9320576 0.34259963 0.36757344 0.32512715 2.6131766 13.636364
 92.67095 83.471275 78.46302 0.9400003 0.90072745 8.777261 14.772727
 15.607423 14.46086 13.502565 0.9337318 0.92653733 8.544277 17.045454
 20.250614 21.179485 19.894615 0.93933415 1.0458689 8.796028 7.9545455
 5.615624 4.983585 4.689184 0.94092596 0.88744986 8.026681 14.772727
 5.4686646 1.4617076 0.3376219 0.23097774 0.26728782 1.4282409 16.666666
 54.635567 23.803614 19.397362 0.81489146 0.4356798 7.3655243 15.909091
 10.115547 8.754937 8.247052 0.9419887 0.86549324 8.450043 12.5
 15.403505 15.1972885 14.32143 0.9423675 0.9866123 8.383389 7.9545455
 2.39468 0.64349735 0.15329733 0.23822528 0.26871958 2.051174 18.421053
 27.458202 17.952322 15.713675 0.8753004 0.6538054 8.071824 14.772727
 75.19268 77.54546 72.12349 0.93008006 1.03129 8.598363 1.1363636
 89.21449 62.400578 57.416546 0.9201284 0.69944435 7.5845404 13.75
 16.130663 16.27247 15.227959 0.9358111 1.0087912 5.431335 6.6666665
 0.2972864 0.19802853 0.1299677 0.65630794 0.66612035 2.328154 62.5
 7.124954 3.0889373 2.2303813 0.7220546 0.43353784 4.56137 9.615385
 94.18606 63.36778 52.24723 0.8245079 0.67279357 4.385616 13.461538
 46.926926 19.09628 15.132854 0.7924505 0.4069365 4.3276334 13.461538
 1.0 17.83361 14.35272 13.037631 0.90837353 0.8048129 112.87835 13.605015 68.0
