 124.51872 136.38881 126.60452 0.9282618 1.0953277 5.5177402 1.6666666
 32.563522 27.053148 25.123896 0.92868656 0.8307808 10.142973 14.772727
 6.9874086 2.7202106 1.7445772 0.641339 0.38930175 6.2023335 14.772727
 20.214048 21.350315 20.423124 0.9565725 1.0562117 9.245206 5.681818
 8.55224 5.81152 5.301434 0.9122285 0.6795319 9.524079 13.636364
 9.492354 6.620931 5.0554037 0.7635488 0.6975014 9.419849 14.772727
 33.881958 35.338417 33.881588 0.958775 1.0429863 9.22945 7.9545455
 13.146311 7.646371 7.017459 0.9177503 0.5816362 8.054094 14.772727
 7.2365565 6.877182 6.4867496 0.9432278 0.950339 9.510057 12.5
 22.930304 20.057053 18.716877 0.9331819 0.87469625 6.0934224 10.294118
 9.035674 7.944106 7.463654 0.9395209 0.87919354 9.007652 9.090909
 25.619356 27.262762 26.035849 0.95499676 1.0641471 9.507267 0.0
 52.097305 53.833786 51.30548 0.95303494 1.0333315 9.382342 1.1363636
 92.65386 61.62527 57.20075 0.9282028 0.66511285 9.079129 11.363636
 20.610493 19.369637 11.511373 0.5942999 0.93979484 6.5068326 4.5454545
 15.838108 15.907116 15.051243 0.9461956 1.0043571 9.43552 9.090909
 112.94697 118.75643 112.99287 0.9514674 1.0514354 9.19513 1.1363636
 9.714148 6.9433727 6.300213 0.90737075 0.7147691 9.971676 15.909091
 15.847118 14.537147 13.625182 0.93726665 0.9173369 9.159192 9.090909
 15.545815 15.441807 12.892597 0.83491504 0.9933096 8.166928 3.409091
 17.72091 15.725082 15.050218 0.9570836 0.88737446 7.9407587 11.25
 12.116329 9.951245 9.269043 0.93144554 0.8213086 9.697274 15.909091
 15.171023 15.151467 14.390334 0.9497651 0.99871093 9.264666 10.227273
 7.042762 5.3656726 4.7580748 0.886762 0.7618705 8.218996 10.227273
 14.222263 15.705932 15.140501 0.9639989 1.1043202 9.555664 4.5454545
 8.942838 7.866245 7.4211397 0.9434158 0.87961394 9.152666 12.5
 12.377918 7.553405 6.9251437 0.91682416 0.61023223 9.005614 6.818182
 12.969533 12.176438 11.388508 0.9352905 0.93884945 8.432414 10.227273
 11.194268 10.561979 9.562728 0.9053916 0.94351673 5.051751 14.285714
 6.604176 4.319403 3.796706 0.8789885 0.65404123 8.939546 14.772727
 22.399982 21.201508 20.052742 0.9458168 0.94649667 8.732901 9.090909
 35.814583 37.75493 35.739616 0.9466213 1.0541775 9.725545 2.2727273
 11.638917 9.220262 8.624832 0.93542165 0.79219234 9.069374 11.363636
 26.593287 27.530546 26.498827 0.9625246 1.0352442 9.061469 3.409091
 9.005106 5.8096514 5.569809 0.9587165 0.64515084 7.5766306 14.772727
 11.029995 11.785298 10.081957 0.8554689 1.0684773 9.764147 3.409091
 8.069955 2.6345253 1.3131891 0.4984538 0.32646093 4.678502 15.909091
 22.657434 23.039845 21.96146 0.9531948 1.0168779 9.318072 13.636364
 8.30738 7.8475757 7.397365 0.94263065 0.9446511 9.218365 11.363636
 12.951384 13.411999 12.828398 0.95648664 1.0355649 9.23673 10.227273
 10.290247 10.198804 9.608633 0.9421333 0.9911136 10.231086 1.1363636
 13.286388 11.805873 10.448168 0.8849975 0.888569 9.692264 12.5
 11.737263 11.81477 11.202338 0.9481639 1.0066035 9.341441 15.909091
 12.659545 10.853776 10.032931 0.92437243 0.85735905 9.390634 11.363636
 14.282666 10.377472 8.598866 0.828609 0.72657806 3.8969357 8.333333
 10.169076 3.4873939 2.2448645 0.64370835 0.34294105 6.328443 17.045454
 11.684836 7.0519004 6.394775 0.90681577 0.6035087 7.215349 19.736841
 27.081055 27.300737 26.237024 0.9610372 1.0081121 9.382971 3.409091
 112.62693 116.63166 107.18568 0.9190101 1.0355575 9.078717 3.409091
 8.557371 7.177227 6.92751 0.965207 0.8387187 9.001889 11.363636
 81.35518 55.85136 49.950687 0.89435047 0.68651265 9.003069 15.909091
 8.38382 6.901415 6.39131 0.92608696 0.82318264 7.318125 14.473684
 8.878932 4.3882875 3.9878178 0.9087412 0.49423596 6.193145 13.75
 11.1389475 10.080343 9.0207405 0.8948842 0.9049638 4.459466 7.6923075
 10.623285 11.314436 10.563057 0.9335911 1.06506 10.520554 15.909091
 8.467355 6.0610695 5.2442 0.8652269 0.71581614 8.52478 14.772727
 32.24512 34.067684 32.48444 0.9535265 1.0565221 9.346612 2.2727273
 5.1816688 1.7763376 1.414799 0.7964696 0.34281188 7.487163 17.045454
 6.765108 3.1752083 2.3304503 0.7339519 0.46935073 8.7547245 14.772727
 11.738483 9.051515 8.345899 0.92204434 0.7710975 8.313911 15.909091
 21.39928 21.900095 20.46582 0.9345082 1.0234034 9.840625 14.772727
 12.688845 12.503657 11.826512 0.9458442 0.98540556 9.348828 15.909091
 57.74539 60.367382 57.21182 0.9477273 1.0454061 9.354774 1.1363636
 17.327398 17.089495 16.012894 0.9370021 0.9862701 9.152335 10.227273
 107.90685 112.6245 107.01605 0.9502022 1.0437196 9.139179 1.1363636
 22.485285 22.52272 21.362135 0.9484705 1.0016649 9.152651 14.772727
 23.014725 22.815187 21.700905 0.95116043 0.99133 9.440909 6.818182
 19.836777 20.7935 19.689783 0.94692004 1.0482297 9.018374 2.2727273
 11.65468 11.379615 10.7744465 0.94681996 0.97639877 9.445731 10.227273
 10.362281 9.807158 9.298562 0.94814026 0.94642854 9.858649 7.9545455
 9.670067 8.981734 8.188733 0.9117096 0.92881817 8.571864 14.772727
 12.707305 9.908448 5.0033317 0.5049561 0.77974427 5.144365 10.227273
 12.90543 13.188392 12.742683 0.9662045 1.0219258 9.50733 10.227273
 17.188593 16.794378 15.702843 0.93500596 0.9770653 8.684149 11.363636
 9.144441 5.6877384 4.9439707 0.86923313 0.62198865 4.8221087 13.333333
 8.940704 6.538325 5.9292884 0.90685135 0.73129857 9.340696 13.636364
 12.091782 9.788702 9.163689 0.93614954 0.8095335 9.317327 12.5
 13.867005 12.479743 11.785292 0.94435364 0.8999595 8.812422 15.909091
 25.673973 25.185913 23.551846 0.9351198 0.98099005 9.272095 3.409091
 10.069296 9.96009 9.210502 0.92474085 0.9891545 11.205383 10.227273
 9.642624 9.106419 8.608881 0.94536406 0.9443922 9.440465 7.9545455
 14.336688 8.226774 7.492742 0.91077524 0.5738267 8.550805 18.181818
 10.005295 9.100041 8.086515 0.8886241 0.90952253 8.565597 9.090909
 13.895846 13.917448 13.114522 0.94230795 1.0015546 9.425198 12.5
 14.230978 13.391658 12.6762085 0.946575 0.9410216 8.789232 10.227273
 10.637349 7.4136477 7.0206695 0.94699264 0.6969451 8.863645 14.772727
 116.86424 122.537315 116.602425 0.95156664 1.0485442 9.343652 1.1363636
 8.359036 5.9382834 5.4368906 0.915566 0.71040285 9.829869 15.909091
 8.270762 7.4551578 6.888712 0.92401963 0.901387 9.920193 14.772727
 17.577368 18.81813 18.164469 0.9652643 1.0705887 9.109832 2.2727273
 18.38823 19.112677 17.675703 0.92481565 1.0393974 8.964075 4.5454545
 8.026568 4.5698223 4.1945186 0.91787344 0.569337 8.714774 15.909091
 20.618826 21.653288 20.629309 0.95271015 1.0501708 9.4397745 10.227273
 13.607544 11.735057 10.9298525 0.9313847 0.8623935 9.51258 14.772727
 32.49453 33.725952 32.300087 0.95772207 1.0378963 9.513722 5.681818
 5.983051 5.6008224 5.301874 0.9466242 0.9361148 8.288554 13.636364
 7.0514636 5.807982 5.269739 0.9073271 0.8236562 8.874592 11.363636
 17.641666 15.394305 14.491982 0.941386 0.87261057 8.888732 11.363636
 6.534541 6.1335535 5.7005944 0.92941135 0.93863565 8.9969845 6.818182
 13.081431 10.958599 10.365488 0.9458772 0.8377217 8.766793 11.363636
 11.864388 11.802684 11.324586 0.9594924 0.9947992 9.522791 4.5454545
 41.993717 44.741943 42.571136 0.95148164 1.0654438 9.428325 1.1363636
 16.036661 12.976682 12.0562 0.9290665 0.80918854 9.3561 12.5
 5.7773814 2.4635649 0.74375504 0.30190194 0.4264155 2.7075996 13.636364
 10.168909 9.785145 9.069403 0.9268542 0.9622611 9.855845 10.227273
 48.788975 50.831135 48.592453 0.9559584 1.041857 9.420045 15.909091
 85.75224 77.65544 73.0616 0.9408433 0.9055792 9.184329 7.9545455
 12.876028 7.880104 7.3336515 0.93065417 0.611998 8.928358 17.045454
 8.351097 6.253383 5.5702653 0.89076024 0.7488098 8.978893 10.227273
 15.352953 15.349024 14.379111 0.9368095 0.9997441 9.612681 10.227273
 7.4293923 4.549131 3.9280496 0.8634725 0.61231536 8.532599 17.045454
 9.70691 9.632616 9.157539 0.9506805 0.9923463 9.49945 15.909091
 15.32846 13.517857 12.820489 0.9484114 0.8818796 8.949896 10.227273
 19.571407 14.325795 13.455976 0.939283 0.73197573 8.792779 13.636364
 22.097286 23.445444 22.268272 0.949791 1.0610101 9.798053 1.1363636
 35.875984 37.961327 36.523956 0.9621359 1.0581264 9.195996 1.1363636
 10.795708 9.470979 8.939417 0.9438747 0.87729114 9.253493 7.9545455
 8.304231 8.130584 7.595357 0.93417114 0.97908944 8.925629 9.090909
 8.975421 8.476756 7.8762803 0.9291621 0.944441 6.646662 16.17647
 5.0690794 4.2712364 4.120367 0.9646779 0.8426059 9.439998 15.909091
 15.260982 14.281043 13.673441 0.9574539 0.935788 9.474713 12.5
 15.576794 15.084273 14.054474 0.93173033 0.9683811 9.5742035 9.090909
 15.120506 13.215332 12.589638 0.9526539 0.8740006 9.2946415 13.636364
 9.538258 9.346558 8.809497 0.94253916 0.979902 9.155388 14.772727
 16.572474 11.527208 8.9222355 0.7740153 0.69556355 6.736301 18.181818
 23.69859 25.990025 24.709917 0.95074624 1.0966908 8.676737 2.2727273
 11.334254 6.0816765 5.417167 0.89073586 0.5365749 9.367676 15.909091
 25.551052 27.780287 25.816423 0.92930734 1.0872463 5.6573625 0.0
 10.534729 9.887594 9.074904 0.91780716 0.9385712 9.099963 12.5
 7.3420963 6.5873623 6.159262 0.93501186 0.8972046 9.045608 12.5
 7.448333 6.341291 5.9986844 0.9459721 0.8513705 9.613339 14.772727
 12.988493 14.256029 13.759506 0.965171 1.0975893 8.532605 6.818182
 15.239771 16.336779 15.310879 0.9372031 1.0719832 5.802116 1.6666666
 20.077194 21.416346 20.494041 0.9569346 1.0667001 10.2955475 10.227273
 29.841196 30.085423 28.67366 0.95307493 1.0081842 9.507181 3.409091
 9.94214 10.225951 9.683444 0.946948 1.0285463 9.239278 10.227273
 18.183666 16.698534 15.548032 0.9311016 0.918326 5.4259353 10.0
 12.016637 10.984695 10.399243 0.94670296 0.9141239 9.345086 11.363636
 10.351983 7.055862 5.843831 0.8282235 0.6815952 7.582442 13.636364
 11.02148 9.682156 8.832138 0.9122078 0.8784806 8.656238 12.5
 12.906529 11.064429 8.509242 0.7690629 0.8572738 5.3216257 11.363636
 30.308146 30.08584 28.765247 0.95610577 0.9926652 9.294458 4.5454545
 12.974603 11.498725 10.66959 0.92789334 0.8862487 8.39122 5.681818
 15.647909 14.255976 13.475492 0.9452521 0.9110467 9.409696 13.636364
 26.9281 28.020672 26.66516 0.9516246 1.0405737 9.254076 12.5
 10.141706 8.313354 7.7416964 0.93123627 0.8197194 9.435503 14.772727
 43.258484 46.462418 44.50637 0.9579005 1.0740649 8.597483 5.681818
 11.159653 10.083456 9.431413 0.93533534 0.9035636 7.6397014 9.210526
 23.852428 25.337885 24.08665 0.9506181 1.062277 8.865242 7.9545455
 10.325059 8.606953 8.181832 0.95060724 0.83359843 9.4317 13.636364
 20.280447 20.138683 19.617756 0.974133 0.99300987 8.285241 14.772727
 45.902264 47.036743 44.7969 0.95238096 1.0247151 9.314795 5.681818
 14.707476 13.676588 12.858576 0.9401889 0.9299072 9.154876 12.5
 15.858896 8.503324 6.04814 0.7112678 0.53618634 4.2079625 10.9375
 10.092153 5.6645155 5.023529 0.8868418 0.56127924 8.92271 14.772727
 17.083956 17.300127 16.28775 0.9414816 1.0126535 9.316358 10.227273
 8.90027 7.5843987 6.6990714 0.88326997 0.8521537 5.9607077 14.0625
 18.992567 18.760708 17.988457 0.9588368 0.987792 8.751021 5.681818
 5.9116373 5.277498 3.1026006 0.58789235 0.89273036 4.5585084 13.75
 7.363983 5.9871736 5.7621827 0.96242124 0.81303465 10.772836 14.772727
 106.829384 110.723236 105.41022 0.9520153 1.0364493 9.379259 0.0
 2.967165 1.452439 0.6512027 0.44835117 0.48950392 4.7037325 16.666666
 14.107737 12.71231 11.934411 0.9388074 0.9010878 9.291643 9.090909
 7.1636233 3.1270223 2.432521 0.7779033 0.43651405 8.65045 17.045454
 73.48013 40.029797 33.627075 0.84005105 0.54477036 7.967693 18.181818
 1.5268418 0.3597327 0.14233838 0.3956782 0.23560575 4.2140985 20.588236
 6.209926 5.448284 5.2059703 0.9555247 0.8773509 9.169525 13.636364
 76.31451 43.932274 38.300606 0.8718102 0.575674 8.490479 15.909091
 10.910147 6.4250627 4.6021924 0.71628755 0.5889071 6.539438 14.772727
 15.273898 14.582242 13.755938 0.9433349 0.9547165 9.748617 14.772727
 10.126856 8.4125185 7.348345 0.8735012 0.83071375 9.198991 13.636364
 14.7330475 13.158615 12.416928 0.94363487 0.8931361 9.190278 6.818182
 14.56105 6.4677258 4.051078 0.6263527 0.44417992 5.924687 18.181818
 12.931555 12.867249 12.208167 0.94877833 0.9950272 9.120889 12.5
 11.547782 10.943749 10.24444 0.9360996 0.9476928 9.022052 12.5
 17.400446 8.836005 6.5077677 0.7365056 0.5078034 6.1349764 15.909091
 66.33589 68.64949 65.36706 0.9521856 1.0348771 9.311488 1.1363636
 8.510849 7.6818357 7.1084466 0.9253578 0.9025933 9.415582 11.363636
 39.48071 40.2461 38.134544 0.94753385 1.0193864 9.140983 4.5454545
 12.889792 10.637462 9.936529 0.9341072 0.8252625 9.397827 11.363636
 11.544023 8.363971 3.6077108 0.43133944 0.7245283 4.915165 12.5
 11.901647 9.327683 8.85597 0.9494288 0.78373045 9.520753 15.909091
 13.572304 13.034195 11.402648 0.87482566 0.9603524 9.770449 7.9545455
 10.127617 8.997244 8.281515 0.9204502 0.8883871 8.914328 11.363636
 45.14614 42.762806 40.50397 0.94717765 0.9472084 9.594395 9.090909
 11.36687 10.5378475 10.012204 0.9501185 0.9270668 9.048804 17.045454
 17.010992 15.852904 15.140527 0.9550633 0.93192124 9.433489 9.090909
 8.717696 7.86198 7.4452 0.9469879 0.9018415 9.257014 9.090909
 4.444009 0.9412033 0.2634869 0.27994686 0.2117915 3.1386573 17.045454
 7.749553 4.3183546 3.7432706 0.86682796 0.5572392 8.520113 17.045454
 22.771576 22.430693 21.302134 0.9496868 0.9850303 9.340571 10.227273
 9.649318 9.990616 9.574927 0.9583921 1.0353702 9.383199 12.5
 8.7704 7.4942613 6.956223 0.9282067 0.8544948 9.388063 7.9545455
 15.177677 13.792677 12.820652 0.92952603 0.90874755 9.506739 10.227273
 17.445894 16.096582 15.24048 0.9468147 0.92265725 9.431121 7.9545455
 14.896998 14.263637 13.485556 0.94545 0.95748395 9.777088 10.227273
 13.470501 7.376394 3.4312282 0.46516335 0.5475961 7.184999 15.909091
 5.2390833 3.8530402 3.5102284 0.91102827 0.7354416 5.927137 15.0
 13.418459 11.899432 10.9663725 0.9215879 0.88679576 9.424855 14.772727
 9.994351 9.600846 8.755152 0.9119146 0.9606272 4.97508 10.714286
 5.5311675 4.669671 4.0079107 0.8582854 0.8442469 9.1469755 15.909091
 8.3236265 4.8390193 2.571392 0.53138703 0.5813595 5.9581943 13.636364
 45.828236 48.54347 46.003094 0.9476681 1.059248 9.529363 0.0
 6.3067565 4.5529757 4.065545 0.89294237 0.7219204 9.243157 18.181818
 25.87949 22.890944 21.077547 0.920781 0.8845207 9.290197 10.227273
 10.142168 9.580789 8.97396 0.93666196 0.9446489 8.8327055 12.5
 12.70247 12.665368 12.030304 0.9498582 0.9970792 9.70299 7.9545455
 6.9107714 2.8087254 0.7715672 0.27470368 0.40642717 3.251945 17.045454
 16.642097 14.182752 9.668416 0.68170244 0.85222137 5.328277 15.909091
 15.204992 15.575458 14.6227455 0.93883246 1.0243647 9.162969 1.1363636
 120.87161 103.62566 93.09994 0.8984255 0.8573201 4.456814 13.461538
 13.036716 9.730093 8.275592 0.8505152 0.7463607 7.622796 10.227273
 12.147496 9.787797 8.883067 0.9075656 0.805746 7.2896347 15.0
 6.8435564 6.8598886 6.451816 0.94051325 1.0023865 8.550971 10.227273
 22.927456 23.341784 22.10951 0.94720745 1.0180713 8.677926 7.9545455
 16.597595 14.678314 14.084685 0.9595575 0.8843639 9.480738 14.772727
 9.646983 8.695799 7.5977902 0.87373114 0.9014008 8.248214 11.363636
 44.92807 46.752174 43.62389 0.93308794 1.0406004 8.724185 7.9545455
 9.11409 7.219527 5.3001633 0.7341428 0.79212815 6.717678 14.772727
 100.07627 98.21293 93.09039 0.94784254 0.9813808 9.590597 7.9545455
 12.032565 9.706496 9.192428 0.94703877 0.8066855 9.903336 17.045454
 10.3527975 7.6877794 7.1918917 0.9354966 0.74257994 9.737384 14.772727
 9.451169 7.605083 7.114416 0.9354817 0.8046711 9.996961 13.095238
 28.932474 27.643202 24.17959 0.874703 0.95543855 4.798144 0.0
 17.13922 5.8110642 4.154923 0.7150021 0.33905068 8.599388 14.772727
 35.551712 38.999306 37.454483 0.9603884 1.0969741 9.094973 9.090909
 15.300244 15.515934 14.892195 0.95980006 1.0140971 9.042414 11.363636
 19.487627 17.762482 16.637096 0.93664265 0.9114748 9.051389 7.9545455
 11.480066 10.174202 9.504057 0.93413293 0.8862494 9.326039 7.9545455
 102.200325 107.93165 98.6686 0.91417676 1.0560793 4.596313 1.9230769
 8.041042 6.9489813 6.69779 0.96385205 0.8641891 8.821259 13.636364
 12.455525 10.792559 9.658771 0.8949473 0.86648756 9.614573 13.636364
 75.527756 82.88929 78.41424 0.9460117 1.0974679 8.923037 4.5454545
 15.680144 12.768109 11.295347 0.8846531 0.8142852 8.54798 17.045454
 22.13113 25.455133 24.685972 0.9697837 1.1501957 7.298597 7.5
 1.6746608 0.70938766 0.23439083 0.3304129 0.42360082 3.3175728 18.055555
 2.2606142 0.67933524 0.29309407 0.43144247 0.30050912 5.3293147 17.857143
 9.597673 7.2830186 6.4910007 0.89125144 0.7588317 7.712505 15.789474
 25.667603 23.648743 21.307276 0.9009898 0.921346 10.585769 11.363636
 110.57742 115.20273 109.76906 0.95283383 1.0418286 9.218979 3.409091
 15.066416 12.320249 11.490017 0.93261236 0.81772923 9.344777 18.181818
 11.827774 11.423101 10.364586 0.9073355 0.9657863 4.3836765 13.461538
 5.114427 1.8436252 0.9524747 0.5166314 0.36047542 6.158681 15.909091
 21.406897 18.460588 15.828735 0.857434 0.86236644 8.466377 6.818182
 4.413322 1.3258919 0.46736926 0.35249424 0.30042943 4.174463 16.25
 7.710095 5.546102 5.087982 0.91739786 0.71932995 7.3028936 17.045454
 11.768289 9.760291 8.123538 0.83230495 0.8293721 9.695859 13.636364
 12.479071 13.850126 13.3743725 0.9656499 1.1098684 9.999837 5.681818
 19.92895 20.717224 19.778166 0.95467263 1.0395542 8.446495 5.681818
 14.729385 14.678412 13.716327 0.9344557 0.99653935 9.473202 7.9545455
 14.959391 10.613336 10.153232 0.9566485 0.7094765 9.050183 19.318182
 110.75648 101.29921 95.436775 0.9421276 0.91461205 9.33739 13.636364
 9.082115 5.9556465 3.24311 0.54454374 0.6557554 5.845729 14.772727
 15.614731 15.265769 14.596393 0.9561518 0.9776518 9.481225 7.9545455
 10.738339 9.053104 4.603468 0.50849605 0.84306365 4.5063567 14.285714
 13.060481 11.310984 9.26785 0.8193673 0.8660465 6.509235 18.181818
 5.5924687 4.9702177 4.3491244 0.875037 0.88873404 9.425811 5.952381
 21.072348 20.62275 19.637012 0.9522015 0.9786641 9.276391 5.681818
 10.159192 10.427025 9.909389 0.95035625 1.0263636 9.743454 7.9545455
 6.5076313 6.1547275 5.545088 0.9009477 0.9457708 8.427542 12.5
 12.68419 5.743896 3.74542 0.6520696 0.45283902 5.9076815 15.909091
 41.835476 41.14103 39.273144 0.954598 0.9834005 9.409133 5.681818
 19.504272 17.7512 17.336891 0.97666025 0.91011846 8.326794 7.9545455
 18.77487 18.032042 16.786417 0.9309217 0.960435 9.208395 3.409091
 5.4170547 3.3555384 2.415542 0.71986717 0.61943966 6.695134 14.772727
 6.1953635 3.899041 3.5743682 0.9167301 0.6293482 9.170684 15.909091
 20.765675 20.863272 19.29209 0.9246915 1.0047 8.877702 10.227273
 12.61943 5.916033 4.4960213 0.7599724 0.46880347 8.236635 15.476191
 20.330233 20.595928 19.549795 0.9492068 1.0130689 8.785554 11.904762
 9.077773 5.657694 4.70691 0.8319485 0.6232469 9.260674 15.476191
 13.32457 12.702181 11.574466 0.9112188 0.9532901 10.488512 10.714286
 14.919289 14.875082 13.733988 0.9232882 0.997037 7.94828 5.952381
 50.21752 55.934322 49.03037 0.87657034 1.1138407 3.9271736 8.333333
 18.584272 17.174158 15.213829 0.88585585 0.9241233 8.015548 10.0
 10.06288 9.8064575 9.102781 0.9282435 0.97451806 8.26368 13.75
 5.446666 4.0381837 3.4239588 0.84789574 0.7414047 6.9675617 11.842105
 10.165732 6.393637 5.6469007 0.8832063 0.62894017 8.383448 13.157895
 37.676613 39.57481 36.823452 0.9304771 1.0503813 7.0293727 0.0
 7.5429564 4.1065516 3.5431716 0.8628094 0.54442203 7.313028 18.055555
 69.87321 68.38443 62.358673 0.91188407 0.9786932 6.2697587 4.6875
 3.967735 1.2673997 0.9532066 0.7520963 0.31942648 5.1835833 14.0625
 4.1995378 2.497684 1.6511196 0.6610602 0.5947522 5.718424 14.0625
 11.533792 6.506249 2.0641913 0.3172629 0.56410325 2.1261442 13.461538
 10.29709 6.286892 5.7658763 0.91712666 0.6105504 5.904257 13.333333
 33.994255 37.501186 17.973583 0.47928044 1.1031625 2.8568008 9.615385
 1.0 20.630228 19.024366 17.48709 0.9191942 0.9221598 161.27324 10.952525 285.0
