 2.329795 0.7706937 0.111241 0.14433879 0.33079898 1.15108 18.75
 3.0278516 0.6083096 0.17801206 0.29263398 0.2009047 2.8579934 18.181818
 3.320432 1.188503 0.5181777 0.43599188 0.3579363 6.326858 17.045454
 3.5330756 0.8449072 0.26889932 0.31825897 0.23914213 3.4993136 13.636364
 1.0932399 0.20892811 0.059571337 0.28512838 0.1911091 2.0057762 22.5
 4.5086765 0.9667061 0.18004887 0.18624985 0.21441017 2.38901 18.181818
 2.6747499 0.76272446 0.23243132 0.30473825 0.28515732 3.1819963 15.789474
 3.1512396 1.614963 0.4491441 0.27811417 0.51248497 3.1585085 16.666666
 3.4961357 1.0862252 0.40430063 0.37220702 0.3106931 5.056587 14.473684
 3.320618 0.8494408 0.18386261 0.21645135 0.25580806 2.2868066 18.181818
 2.1728115 0.85165536 0.10952068 0.12859742 0.39196008 1.4635946 16.25
 2.549241 1.1132315 0.42037705 0.3776187 0.43669137 2.2044013 14.285714
 2.5867567 0.8134027 0.31568894 0.38810903 0.31444886 4.5531273 18.75
 2.929511 0.6412293 0.09861265 0.15378688 0.2188861 1.6922369 20.833334
 87.754555 90.99196 87.02176 0.9563676 1.0368915 10.008256 1.1363636
 8.366835 8.7017975 7.3191347 0.84110606 1.0400347 9.169768 7.9545455
 1.9887459 0.407948 0.122270696 0.2997213 0.20512825 2.1415792 22.368422
 9.490324 9.544943 8.985672 0.9414066 1.0057552 9.794052 10.227273
 6.734908 5.8434105 5.4455323 0.9319099 0.86763024 10.214484 12.5
 6.867387 6.762136 6.11818 0.9047703 0.98467386 9.844029 14.772727
 4.436155 0.8473597 0.15637326 0.18454178 0.1910122 2.547371 19.318182
 15.780006 17.20443 16.219381 0.94274443 1.0902677 10.458431 10.227273
 11.529619 11.297446 10.626939 0.9406497 0.97986287 9.838455 10.227273
 2.8755074 1.4208916 0.35146704 0.24735668 0.49413598 3.0001724 17.307692
 1.688683 0.471224 0.11488364 0.24379835 0.27904823 2.965843 20.833334
 2.0177476 0.55495274 0.100918435 0.18185051 0.27503577 1.6763873 16.25
 2.5470738 0.6914558 0.214239 0.3098376 0.27147064 3.9218147 17.5
 13.971822 15.473905 14.974048 0.9676968 1.107508 9.999664 15.909091
 22.950182 24.88549 24.099161 0.96840215 1.0843265 10.0067625 5.681818
 10.950417 12.709835 11.825781 0.9304433 1.1606715 5.1329026 8.928572
 1.0 8.354803 7.33767 6.5741878 0.8959503 0.87825763 67.39651 15.155623 30.0
