 6.273976 3.5504677 2.3686197 0.6671289 0.56590396 6.955805 17.045454
 7.112463 6.636311 6.315817 0.951706 0.9330539 9.503784 9.090909
 1.0809829 0.31427917 0.0438706 0.13959119 0.29073462 1.6117307 27.5
 132.59668 144.41045 132.97186 0.9207911 1.0890955 4.451785 0.0
 1.1349151 0.26644105 0.06116764 0.22957288 0.23476739 1.3972892 23.214285
 9.173853 5.9982195 5.5876627 0.93155354 0.65383863 9.965552 13.636364
 8.730574 6.254559 5.8439026 0.93434286 0.7163973 9.389793 15.909091
 18.739595 8.448345 7.685053 0.9096518 0.45082858 9.489707 17.045454
 4.2554817 1.0935007 0.66764903 0.61056113 0.25696287 6.4283204 15.909091
 10.234311 7.6410522 6.9639683 0.9113887 0.74661124 9.466167 17.045454
 4.910139 1.7497829 1.1469568 0.6554852 0.35636118 7.4340296 16.666666
 1.1047798 0.17671695 0.0892299 0.50493115 0.15995672 5.423541 20.454546
 27.954706 29.424322 28.100008 0.95499253 1.0525713 9.664071 1.1363636
 0.60893655 0.20137723 0.067937404 0.33736387 0.33070314 1.7073382 21.875
 41.871426 39.16101 36.71014 0.9374155 0.93526816 10.239418 14.772727
 113.44448 119.60664 110.1578 0.92100066 1.0543188 4.4607973 5.769231
 1.2811716 0.2750014 0.10088024 0.36683536 0.2146484 4.551672 22.727272
 140.39668 148.86185 136.51839 0.9170811 1.0602946 4.4394064 1.9230769
 130.58699 120.497314 110.43707 0.91651064 0.9227359 4.4412417 11.538462
 13.473466 14.053054 10.429302 0.7421378 1.043017 6.8623986 7.9545455
 17.0377 14.304816 13.573855 0.9489011 0.8395978 9.238727 14.772727
 11.637506 8.414901 5.90431 0.7016494 0.72308457 6.817453 12.5
 7.067779 5.959859 5.5251203 0.92705554 0.84324354 8.77427 15.909091
 137.84956 146.22673 134.36235 0.9188631 1.0607704 4.4497867 1.9230769
 2.6753318 0.6485636 0.14884041 0.2294924 0.24242362 2.6650853 13.75
 110.284485 116.442764 106.74407 0.9167085 1.0558399 4.5141425 3.8461537
 42.148453 43.951893 41.876343 0.95277673 1.0427878 9.740145 10.227273
 24.245016 23.934906 22.627691 0.94538456 0.9872093 9.771842 3.409091
 126.79219 139.37756 128.63284 0.9229092 1.09926 4.481923 1.9230769
 9.591289 9.289312 8.94428 0.962857 0.9685155 9.860636 10.227273
 9.543629 8.897118 8.471795 0.9521956 0.93225724 9.241066 12.5
 60.469994 61.04024 58.129208 0.9523096 1.0094303 9.66307 12.5
 23.471287 22.69689 21.682947 0.9553268 0.9670066 9.491981 9.090909
 13.135843 11.747399 11.138365 0.94815576 0.8943012 9.624902 13.636364
 8.377861 7.489279 6.941696 0.9268844 0.8939369 9.110034 17.045454
 70.63376 76.1799 72.75741 0.9550736 1.0785197 9.504532 3.409091
 70.0917 74.18387 70.45868 0.94978434 1.0583831 9.775053 6.818182
 60.82431 58.377815 55.97816 0.9588944 0.9597777 9.243783 11.363636
 6.455925 6.4090295 6.108216 0.9530641 0.99273604 9.710167 8.333333
 29.082579 30.54789 29.336 0.9603282 1.0503844 9.635794 0.0
 78.9337 84.9432 80.91325 0.95255715 1.0761335 9.6007595 14.772727
 25.466503 25.517069 24.82935 0.9730487 1.0019855 9.498108 11.363636
 6.3650427 6.079406 5.416577 0.8909714 0.95512414 8.612845 7.9545455
 8.552736 8.7014265 7.8612385 0.90344244 1.0173851 9.560217 8.333333
 1.0 37.174995 37.499603 34.787045 0.9276643 1.0087318 248.6873 11.518703 44.0
