 4.934791 2.567836 1.5994239 0.6228684 0.52035356 8.32271 14.285714
 131.91763 118.633 111.64633 0.94110686 0.899296 9.077751 14.772727
 11.209446 9.27079 7.9938254 0.86225927 0.82705164 7.4677143 11.363636
 11.169315 9.767404 8.9319 0.91446006 0.87448543 9.782356 9.090909
 149.11862 151.77286 141.91342 0.9350382 1.0177995 9.2925005 1.1363636
 162.07881 164.1954 154.1536 0.9388423 1.013059 9.029984 1.1363636
 144.71828 148.35287 139.95706 0.9434066 1.025115 9.113888 1.1363636
 129.12894 128.2912 119.69698 0.93301004 0.9935124 9.126254 0.0
 171.26968 175.99823 166.05318 0.9434935 1.0276088 9.196382 5.681818
 15.564436 15.568623 14.274339 0.9168658 1.000269 8.87348 3.409091
 11.36107 9.167932 8.361042 0.9119879 0.8069602 8.585489 11.363636
 142.49345 144.0978 134.08466 0.9305115 1.0112591 8.980919 1.1363636
 157.17961 150.27362 140.82887 0.9371497 0.9560631 9.078318 3.409091
 151.40741 153.62079 144.61542 0.94137913 1.0146188 9.234983 1.1363636
 139.225 118.09585 110.94243 0.939427 0.8482373 9.070981 20.454546
 166.86487 165.96971 149.37718 0.90002674 0.9946354 5.5099235 6.6666665
 159.67313 161.70865 152.27916 0.94168836 1.012748 9.223804 1.1363636
 163.05017 162.44725 151.05025 0.92984176 0.99630225 7.03195 1.3888888
 150.42256 151.92328 142.95738 0.94098395 1.0099767 9.076569 0.0
 162.09352 135.72142 123.92786 0.9131046 0.8373032 6.898055 13.888889
 11.037765 10.866588 9.85617 0.90701604 0.98449165 5.757969 5.882353
 128.2158 122.28772 114.717094 0.93809175 0.9537648 9.135499 17.045454
 170.40794 173.12372 162.97832 0.94139796 1.015937 9.176371 1.1363636
 162.43274 163.56682 148.55238 0.9082061 1.0069818 5.4609966 0.0
 111.26755 88.763664 81.25381 0.9153949 0.7977498 9.119531 15.909091
 178.24385 179.8444 164.89764 0.9168906 1.0089796 5.9967847 0.0
 177.2997 177.00069 163.47372 0.9235767 0.99831355 6.4954495 0.0
 161.85681 163.22675 152.73604 0.9357292 1.0084639 7.48086 0.0
 158.02498 157.7554 146.18024 0.9266259 0.9982941 9.088495 5.681818
 150.1368 149.90721 135.54562 0.9041968 0.9984709 4.912608 1.7857143
 132.40732 133.90257 124.34955 0.9286569 1.0112928 10.387256 1.1363636
 15.97521 15.11221 14.267007 0.9440715 0.9459788 9.395272 10.227273
 122.817986 124.795044 116.26389 0.93163866 1.0160974 8.777791 5.681818
 7.544677 5.818553 5.2520084 0.9026314 0.771213 3.5767388 8.333333
 106.714615 107.375656 100.92913 0.9399629 1.0061945 9.058466 12.5
 155.85219 154.66324 136.86067 0.8848946 0.99237126 3.9852655 0.0
 113.15457 93.23366 86.39094 0.9266068 0.8239496 8.654922 9.090909
 153.00784 157.75232 148.91551 0.9439831 1.031008 9.239078 0.0
 16.495825 14.057904 11.087174 0.788679 0.85220987 4.4501057 10.526316
 142.4748 140.94131 131.48317 0.93289304 0.98923683 7.606693 11.842105
 175.94571 183.89229 170.41248 0.92669725 1.045165 6.6017537 1.4705882
 170.23851 170.63068 157.20714 0.92132986 1.0023036 6.658477 4.4117646
 139.85767 149.25455 137.7457 0.9228911 1.0671889 6.739965 1.4705882
 128.57654 130.04659 118.37984 0.9102879 1.0114334 6.1243052 1.5625
 17.634148 17.678741 15.302767 0.86560273 1.0025288 5.268369 8.333333
 177.2 179.18874 161.98688 0.9040015 1.0112232 5.1130424 0.0
 156.36479 155.21806 137.26155 0.8843143 0.9926663 4.139744 10.416667
 1.0 120.76739 119.092545 110.19002 0.92524695 0.98613167 916.13715 5.6816626 47.0
