 7.8587575 6.2774715 5.664831 0.90240645 0.79878676 8.000301 14.772727
 3.8048844 3.8381734 3.5247552 0.9183418 1.008749 4.951123 13.636364
 11.8502245 11.0391245 10.262158 0.92961705 0.931554 9.834367 12.5
 1.9407852 0.6919884 0.2445718 0.35343337 0.35655075 3.3097482 16.25
 9.776716 9.092286 8.377564 0.9213925 0.9299939 9.45062 13.636364
 13.038566 8.59306 6.960326 0.8099939 0.6590495 9.881933 12.5
 4.5376396 3.078356 2.7747324 0.9013682 0.6784047 10.058732 13.636364
 1.2270327 0.38633364 0.06784034 0.17560038 0.31485197 1.8352981 23.076923
 5.401134 4.747492 4.556188 0.9597043 0.8789805 10.016991 10.227273
 3.5523734 1.3089018 0.5613184 0.4288468 0.36845842 3.4655826 18.75
 8.539182 8.167522 7.410957 0.907369 0.9564761 9.955752 10.227273
 2.3552923 0.60740006 0.10970038 0.18060647 0.25788733 1.825519 19.047619
 11.949287 10.676479 9.868379 0.9243102 0.89348245 10.150272 13.636364
 9.4961815 8.820511 8.244809 0.93473154 0.92884815 9.989009 11.363636
 6.3891683 5.7711496 5.368454 0.93022263 0.9032709 10.083663 17.045454
 15.413536 14.486041 13.567607 0.93659866 0.93982595 9.9075165 14.772727
 5.3454666 3.9959517 3.3863595 0.8474475 0.74754035 9.092578 12.5
 3.4020233 1.6964287 1.4964503 0.882118 0.49865285 10.628058 15.909091
 8.205786 7.2688847 6.80416 0.93606657 0.8858244 10.071167 9.090909
 5.9378853 5.477199 5.1199374 0.9347729 0.92241573 10.004191 11.904762
 11.154251 10.5174055 9.799742 0.9317642 0.94290555 9.979628 11.363636
 2.9677782 1.2535914 0.7377129 0.5884795 0.42240065 6.087336 16.666666
 1.7388501 0.5965596 0.12808064 0.21469882 0.34307703 2.133961 20.238094
 7.816559 6.6712117 6.1134048 0.916386 0.8534717 10.026995 11.363636
 3.0371504 1.0489019 0.6830712 0.6512251 0.34535727 4.3177867 18.75
 13.701409 12.117284 11.34957 0.93664306 0.8843823 9.833219 11.363636
 13.456764 11.055256 10.280936 0.9299591 0.821539 10.29918 11.363636
 2.3113573 0.7543971 0.26962268 0.35740155 0.32638705 3.5451384 20.833334
 7.8155036 6.8037667 6.2532167 0.91908157 0.8705475 10.566394 11.363636
 113.02241 94.69289 87.36766 0.9226423 0.837824 9.844315 18.181818
 11.544338 10.091011 9.290589 0.92067975 0.8741091 10.020683 9.090909
 56.693485 55.225464 51.372986 0.93024087 0.974106 9.9924755 4.5454545
 4.1131144 1.3371884 0.71963364 0.53816926 0.32510364 4.2102838 14.772727
 3.6159024 2.5199997 2.3845832 0.94626325 0.6969214 10.953963 17.045454
 14.983473 11.314915 9.684693 0.8559228 0.7551597 9.104105 14.772727
 4.4336267 3.5250342 3.2287107 0.9159374 0.79506785 10.005318 16.666666
 0.78422236 0.15288746 0.03814975 0.24952833 0.19495422 1.9524587 25.0
 11.772822 9.429654 8.517504 0.9032679 0.800968 9.934552 14.772727
 16.850517 14.563341 13.428195 0.9220546 0.8642667 10.169713 11.363636
 10.616397 9.524555 8.792531 0.9231435 0.89715517 10.268504 13.636364
 12.311899 10.863826 10.179143 0.93697596 0.88238424 9.969161 10.227273
 15.684458 14.452904 13.010131 0.90017414 0.92147934 4.923493 7.6923075
 2.8654544 0.8533343 0.18268606 0.21408498 0.2978007 1.9033489 19.736841
 15.443786 15.525534 13.443893 0.8659215 1.0052933 10.821544 9.090909
 1.8218309 0.49845842 0.121793784 0.24434091 0.27360302 2.310463 17.105263
 18.06811 17.63806 17.054691 0.9669256 0.9761984 10.320087 12.5
 109.05744 79.02016 73.33204 0.92801684 0.72457373 9.923647 15.909091
 4.472367 3.030806 2.6195905 0.8643214 0.6776739 9.294505 9.523809
 8.397219 4.061576 3.5105302 0.86432713 0.4836811 8.560724 17.045454
 10.575315 9.578549 8.71306 0.909643 0.905746 10.026122 6.818182
 10.236617 10.079514 9.413245 0.9338988 0.98465276 9.912944 13.095238
 7.1905193 4.588717 3.8346949 0.8356791 0.63816214 8.038313 14.772727
 6.9130464 6.9405594 6.4569783 0.9303254 1.0039799 10.734453 11.363636
 9.515181 9.213775 8.723293 0.9467665 0.9683237 9.668608 11.363636
 4.075226 1.298593 0.5031559 0.38746235 0.3186555 5.2908974 17.857143
 9.952787 9.877975 9.102472 0.9214917 0.99248326 10.101677 11.363636
 9.848879 8.697748 8.07766 0.92870694 0.88312066 9.878596 12.5
 4.5915675 1.3506849 0.36660442 0.27142113 0.2941664 2.8889356 18.181818
 21.510181 20.84266 19.79264 0.9496216 0.96896726 10.049533 9.090909
 7.748291 2.4157708 1.7956263 0.7432933 0.3117811 6.399834 12.5
 12.120392 6.968619 6.513637 0.9347099 0.57495 9.660402 15.909091
 22.171944 21.025002 19.511942 0.92803514 0.9482706 9.417441 5.681818
 11.045556 10.3069515 9.50587 0.92227757 0.93313104 6.73806 7.352941
 19.996319 21.584534 18.939169 0.87744164 1.0794253 4.352887 0.0
 1.1165148 0.45003772 0.08991863 0.19980244 0.40307364 1.8132784 25.0
 8.830383 7.0048466 6.748349 0.96338284 0.7932664 8.637907 13.75
 8.661667 7.482363 6.839538 0.91408795 0.863848 9.821185 12.5
 10.46584 6.392749 5.011773 0.7839778 0.6108204 4.503531 10.416667
 29.109282 29.985985 28.347128 0.94534594 1.0301176 10.313227 9.090909
 4.941209 3.5450916 3.2802753 0.92530054 0.7174544 10.72052 12.5
 24.762253 22.195066 20.790499 0.93671715 0.8963266 10.330693 9.090909
 4.7191296 4.1567903 3.8010688 0.91442406 0.8808383 10.636921 11.904762
 1.5987592 0.51555157 0.1409576 0.27341124 0.3224698 1.9301125 20.833334
 1.8458287 0.5403639 0.18473923 0.3418793 0.29274866 3.5211806 20.0
 2.5006723 0.5476864 0.1451487 0.26502156 0.21901564 2.6813817 18.421053
 16.695261 15.806075 15.248177 0.96470356 0.9467402 9.521785 15.909091
 3.7214525 2.1508632 1.8725046 0.8705828 0.5779634 8.512829 15.789474
 2.2774198 0.64922506 0.2083414 0.32090786 0.28507042 3.1867323 20.0
 9.131165 8.625371 8.048261 0.9330916 0.94460803 9.911972 14.772727
 3.9346073 1.1354612 0.24891499 0.21921928 0.2885831 1.7885737 17.045454
 1.7418064 0.5050105 0.23039754 0.45622328 0.2899349 5.0750527 22.058823
 4.1190987 1.7755635 1.3765595 0.77528036 0.4310563 6.2979593 15.909091
 8.288915 4.577204 3.8336802 0.83755934 0.5522079 8.493156 11.363636
 3.377977 2.0993655 1.7668693 0.8416207 0.621486 5.9566073 17.857143
 37.810917 35.867447 33.633926 0.93772846 0.9486003 9.8917885 5.681818
 8.249546 7.547929 7.010032 0.9287359 0.91495085 9.649653 12.5
 8.005264 7.8543096 7.255992 0.92382306 0.981143 10.300621 13.636364
 8.02843 7.2252235 6.672073 0.9234417 0.89995474 9.856937 12.5
 6.8972774 7.6343355 6.6866817 0.8758695 1.1068621 4.350549 2.0833333
 36.46569 37.58429 35.658474 0.94876015 1.0306754 10.00722 5.681818
 10.672532 9.674724 9.016244 0.93193823 0.9065068 9.969746 11.363636
 2.5583768 0.9079112 0.29906008 0.32939357 0.3548778 3.686605 17.045454
 8.373978 2.6144576 1.9561424 0.748202 0.31221217 8.152614 14.772727
 47.448063 49.561516 47.551735 0.9594488 1.0445424 10.315291 3.409091
 1.6236005 0.49685228 0.11241593 0.22625625 0.3060188 2.281943 19.117647
 3.4354444 1.2229671 0.51593506 0.42187157 0.35598513 3.8648102 20.238094
 1.6739635 0.31561527 0.08562415 0.2712928 0.1885437 3.0096233 15.277778
 11.245544 10.365896 9.645339 0.93048775 0.921778 10.01504 11.363636
 15.95793 13.463894 11.584216 0.8603912 0.84371185 10.088514 15.909091
 68.1286 70.885925 62.949005 0.88803244 1.0404724 4.2267227 0.0
 2.416498 0.7672906 0.32487893 0.42341056 0.31752172 5.293014 15.0
 6.21281 5.1620765 4.824094 0.9345259 0.83087623 8.8003435 10.227273
 3.799862 0.919265 0.27586365 0.30009153 0.24192064 3.3097832 17.045454
 11.2538 8.3515625 4.498627 0.53865695 0.74211043 6.209404 11.363636
 11.041573 7.298277 5.9205995 0.8112325 0.66098166 8.886763 13.636364
 3.2042718 0.5334747 0.12065287 0.2261642 0.16648859 2.1838508 15.476191
 17.768875 17.395018 16.182178 0.9302766 0.9789599 8.724542 9.090909
 2.1346614 0.6212666 0.17530496 0.28217348 0.29103753 1.6592414 20.588236
 4.876971 4.3523183 3.6870494 0.8471461 0.89242244 4.552069 8.333333
 10.173304 9.164387 8.616396 0.9402043 0.900827 10.328354 13.636364
 108.82439 94.36209 87.81872 0.93065673 0.86710423 9.936278 14.772727
 3.056313 0.72859204 0.35056236 0.48115042 0.23838921 7.4705796 18.75
 40.13614 37.657185 34.87689 0.92616826 0.9382363 10.552747 5.681818
 3.7668803 2.6012518 1.3721555 0.5274982 0.6905587 7.162037 20.238094
 66.94455 65.927765 61.480923 0.93254983 0.9848115 10.069158 3.409091
 6.3835516 4.365004 3.9447637 0.903725 0.68378925 7.630058 13.636364
 8.120627 6.8580675 6.166245 0.8991229 0.8445244 9.568255 6.818182
 0.9315203 0.25575748 0.04891145 0.19124152 0.27455923 1.7340891 25.0
 7.7520285 6.64524 5.9800005 0.89989233 0.85722595 9.863472 11.363636
 46.456173 45.624046 43.242085 0.9477915 0.98208797 10.187911 7.9545455
 7.0162654 5.018206 4.199311 0.8368152 0.7152247 10.035585 13.636364
 8.188792 7.9806414 7.493744 0.9389901 0.974581 9.429441 13.636364
 37.536697 34.47748 31.87343 0.92447096 0.9185007 10.053361 10.227273
 71.57873 69.57069 64.843056 0.9320457 0.9719463 10.132837 10.227273
 14.796454 12.835484 11.955285 0.93142456 0.8674702 10.155776 11.363636
 9.752113 9.094233 8.387005 0.92223334 0.9325397 9.442333 11.363636
 9.131648 8.173238 7.566417 0.92575514 0.8950453 9.999333 9.090909
 10.634594 5.727014 5.1957107 0.9072285 0.53852683 9.980215 15.909091
 6.0898023 4.210109 3.8514023 0.9147986 0.69133765 9.962581 12.5
 10.209659 10.373694 9.693296 0.9344113 1.0160668 9.938188 9.090909
 5.103548 4.104006 3.8556383 0.9394817 0.8041476 9.076359 13.636364
 14.495673 11.715624 11.017539 0.94041425 0.8082152 10.038327 13.636364
 11.29052 8.793169 8.003794 0.91022855 0.77880996 9.879586 13.636364
 10.380613 9.88381 7.1641836 0.7248402 0.9521412 9.861937 10.227273
 7.13063 5.6470933 5.261914 0.93179154 0.7919488 7.7973714 11.842105
 10.214152 8.704328 7.949649 0.9132985 0.85218304 9.634128 11.363636
 3.84208 1.1154207 0.7252431 0.6501969 0.29031688 6.228394 19.736841
 15.317688 14.650272 13.701876 0.9352642 0.95642847 9.996489 5.681818
 3.5866225 0.8083955 0.25990176 0.32150322 0.22539186 3.0543406 19.047619
 3.320277 1.2931429 0.5645414 0.43656537 0.3894684 4.7696 13.636364
 5.4133954 0.89173776 0.32720703 0.36693192 0.16472799 5.0017343 16.17647
 7.3227596 7.0669856 6.6149406 0.93603426 0.9650713 9.871786 9.090909
 16.744453 11.390058 9.771334 0.85788274 0.68022865 9.160058 13.636364
 5.425597 4.598328 4.157891 0.90421796 0.84752476 9.4464245 13.636364
 21.376905 20.733717 19.371403 0.93429476 0.96991193 9.791995 5.681818
 1.6697094 0.43127573 0.088099405 0.20427628 0.25829387 2.095677 21.052631
 13.10211 6.3059893 5.684347 0.9014204 0.4812957 10.274616 17.045454
 12.001089 7.837141 7.066009 0.9016054 0.6530358 10.153946 17.045454
 23.365372 19.553259 17.070826 0.87304246 0.8368477 9.243597 13.157895
 4.280985 1.200864 0.59246725 0.49336746 0.28051114 6.2113104 16.666666
 7.9254827 7.5959444 7.235828 0.9525909 0.95842046 10.092535 13.636364
 15.661427 12.395316 9.196603 0.7419418 0.7914551 5.217834 4.6875
 2.4040575 0.6928364 0.17060053 0.24623494 0.2881946 1.6958405 20.238094
 2.1450522 0.89985156 0.35447046 0.39392105 0.419501 5.27438 18.055555
 9.762571 9.539423 8.741185 0.91632223 0.97714245 9.291193 8.333333
 11.068628 7.72045 6.7204146 0.87046933 0.6975074 8.959749 16.666666
 17.133419 13.015403 11.303963 0.86850655 0.75965005 7.6391387 10.526316
 2.2557461 0.74047154 0.12042382 0.16263126 0.32826015 1.6145756 19.117647
 13.493603 7.7975655 5.663663 0.7263373 0.57787126 5.6688166 13.888889
 5.769824 3.425861 2.5787876 0.7527415 0.5937548 5.9990354 11.111111
 2.0626123 0.3879701 0.14605501 0.37645945 0.18809648 1.2307167 19.23077
 40.934616 32.785255 29.044813 0.88591087 0.8009176 5.734281 8.333333
 8.489581 2.2038746 1.7217273 0.78122747 0.25959757 4.201314 15.0
 23.465975 19.647636 17.769022 0.9043847 0.837282 5.5327196 11.666667
 20.529942 19.19714 17.490274 0.9110875 0.9350801 6.830427 11.666667
 7.5184684 3.5400043 1.4696198 0.41514632 0.47084114 2.7343597 11.666667
 15.217138 12.13259 10.797236 0.8899366 0.7972978 5.0595016 8.333333
 9.089268 5.6817927 5.103645 0.8982455 0.6251101 5.4692426 13.333333
 8.634299 7.4251785 6.612131 0.89050126 0.8599631 5.1393523 7.142857
 90.35081 56.610104 49.81408 0.8799503 0.6265589 4.434292 17.307692
 26.633413 20.48964 18.222582 0.88935584 0.76932085 4.504649 9.615385
 84.20915 72.46174 63.748985 0.8797606 0.86049724 4.1010723 12.5
 92.680855 89.628624 79.29048 0.8846558 0.96706736 4.0745506 8.333333
 0.99425286 14.447921 12.098753 10.901116 0.9010116 0.8374045 102.901886 13.31912 174.0
