 27.394 25.781384 23.960033 0.929354 0.94113255 8.048519 6.818182
 11.4233 9.393739 8.706701 0.9268622 0.8223315 8.198681 12.5
 15.352954 9.863878 8.746573 0.8867277 0.6424743 8.4525795 14.772727
 13.789726 9.096859 8.482469 0.93246126 0.6596838 8.894862 12.5
 108.567276 101.34902 94.06527 0.92813206 0.9335135 5.633611 3.3333333
 110.03949 105.61587 97.791084 0.92591286 0.9597997 5.619414 5.0
 6.7704663 4.246234 3.761453 0.8858327 0.6271701 7.9012794 15.909091
 4.992667 3.6909146 2.5355356 0.6869667 0.7392671 9.336873 11.363636
 33.611523 33.06944 31.703316 0.9586892 0.9838722 8.988118 2.2727273
 13.811846 12.452594 11.220844 0.9010849 0.9015879 8.866337 14.772727
 13.075388 11.53693 10.231701 0.8868651 0.8823395 8.864651 9.090909
 108.73067 105.894485 97.83431 0.9238848 0.9739155 5.656103 0.0
 13.690434 12.591906 11.569156 0.9187773 0.91975933 4.5571322 3.8461537
 126.87106 123.509 114.556015 0.9275114 0.9735002 5.7085557 1.6666666
 17.025488 16.344168 15.399086 0.94217616 0.95998234 8.001355 5.681818
 111.81252 80.83641 76.923935 0.9516001 0.7229638 8.8879795 17.045454
 111.00289 103.348076 95.69431 0.92594194 0.93103945 5.6486626 3.3333333
 13.820668 12.546926 11.894631 0.94801164 0.9078378 9.170231 9.090909
 91.07496 83.23987 78.55997 0.94377816 0.913971 9.924959 3.409091
 14.411582 6.8043814 5.0845814 0.7472511 0.47214672 9.914579 17.045454
 101.26934 98.3619 90.99607 0.92511505 0.97129 5.624071 10.0
 107.331406 97.188805 88.317245 0.9087183 0.905502 4.53832 9.615385
 100.229546 94.541595 86.031296 0.9099835 0.9432507 5.6078415 0.0
 3.2576952 3.1694183 3.0034397 0.9476311 0.97290206 8.483425 14.285714
 20.571 19.362373 17.729324 0.9156586 0.94124615 8.215807 6.818182
 101.33575 99.18312 94.674576 0.95454323 0.9787575 8.750312 3.409091
 124.595085 118.55307 109.46645 0.923354 0.95150685 5.5712047 1.6666666
 18.3538 17.313581 16.124964 0.9313477 0.943324 5.8106337 0.0
 6.4516087 4.206424 3.3190246 0.78903705 0.6519962 5.3058867 14.772727
 78.966835 71.102615 67.76046 0.95299536 0.9004111 8.687519 12.5
 102.0484 86.244675 82.186295 0.9529434 0.845135 8.656621 12.5
 3.1908712 0.9910034 0.4141915 0.41795167 0.31057456 2.643253 17.5
 63.518738 60.00175 56.760593 0.9459823 0.94463074 8.8426485 3.409091
 22.43049 20.407747 15.775707 0.7730254 0.90982175 9.91993 7.9545455
 121.29806 117.06835 107.98044 0.92237085 0.9651296 5.570809 6.6666665
 103.15462 95.86935 88.313896 0.9211902 0.92937523 5.6493716 1.6666666
 102.62164 96.82311 88.59718 0.9150417 0.94349605 5.582721 5.0
 125.63505 119.89489 108.9231 0.9084883 0.95431083 5.0692515 1.7857143
 122.744995 119.8765 111.43755 0.929603 0.97663045 5.60703 1.6666666
 30.2886 28.940031 27.474276 0.94935197 0.955476 8.778437 3.409091
 13.052703 11.455211 10.517323 0.9181257 0.8776121 9.461799 5.681818
 111.41372 108.11824 102.22049 0.9454509 0.9704213 8.892561 5.681818
 34.4026 31.939575 30.264704 0.9475613 0.9284059 9.089711 5.681818
 10.910453 9.261976 8.388404 0.90568185 0.8489085 6.4824495 12.5
 125.42483 107.217155 96.860664 0.90340644 0.854832 4.5717673 7.6923075
 100.79091 101.18302 97.147354 0.96011513 1.0038904 8.909506 2.2727273
 10.151712 7.199944 6.5407157 0.9084398 0.7092344 10.431681 12.5
 107.242905 90.95192 86.19193 0.9476648 0.8480926 8.814299 12.5
 102.67707 87.76616 82.59634 0.94109553 0.8547785 8.6259165 13.636364
 17.645832 10.1194515 8.3118305 0.8213717 0.5734755 4.1960955 9.615385
 20.323263 15.85852 12.545338 0.79107875 0.7803137 9.411423 11.363636
 29.306479 27.770037 26.463608 0.9529555 0.9475733 8.77068 3.409091
 87.21455 83.65046 79.64286 0.9520911 0.9591343 9.032628 3.409091
 103.6784 90.88806 82.66873 0.90956646 0.87663454 4.4736996 9.615385
 5.405217 1.9092926 0.6023215 0.3154684 0.35323143 2.0341861 21.052631
 58.901363 56.95868 54.109703 0.9499817 0.967018 9.16025 4.5454545
 13.303957 11.4837675 7.442697 0.64810586 0.86318433 6.4463925 6.818182
 98.10802 95.596115 91.67055 0.9589359 0.9743966 8.9649725 3.409091
 85.17591 81.22847 77.614975 0.9555144 0.9536555 8.881255 5.681818
 119.290276 112.39587 101.706 0.9048909 0.9422048 5.4753003 6.6666665
 31.751286 31.665909 30.567522 0.96531326 0.99731106 8.45079 12.5
 112.6531 96.73917 89.37179 0.9238428 0.8587351 5.5861444 6.6666665
 113.57067 101.78767 92.96758 0.9133482 0.8962496 5.70172 1.6666666
 121.07299 111.23361 101.39826 0.9115794 0.9187318 4.5818305 5.769231
 103.188416 98.534256 90.78837 0.92138886 0.95489645 5.6770053 0.0
 7.4496555 6.603482 5.8674636 0.8885409 0.88641435 8.095577 14.772727
 8.933042 8.779194 8.372026 0.95362127 0.98277766 8.783067 7.9545455
 105.50699 101.48566 93.9695 0.9259387 0.96188563 5.613275 3.3333333
 102.15665 78.2638 74.1306 0.9471888 0.7661156 8.725205 12.5
 53.975086 51.25492 48.716022 0.9504653 0.9496033 9.28303 4.5454545
 117.01635 114.3764 106.2607 0.9290439 0.9774395 5.5279374 5.0
 38.923477 34.21342 25.408386 0.74264383 0.8789919 7.0267773 7.9545455
 95.384895 91.705154 86.91032 0.94771457 0.9614222 8.81045 4.5454545
 119.01234 113.58233 104.75871 0.9223153 0.9543744 5.624561 1.6666666
 111.28771 106.30435 97.81925 0.9201811 0.95522094 5.5707917 11.666667
 117.199104 110.397125 102.028824 0.92419815 0.94196224 5.621624 5.0
 108.31878 103.80068 96.059135 0.9254191 0.95828885 5.630829 1.6666666
 128.1103 120.727425 110.723045 0.9171325 0.9423709 5.081511 1.7857143
 15.899458 10.596488 9.783832 0.92330885 0.6664685 9.703804 14.772727
 113.41137 109.5074 101.3646 0.92564154 0.96557695 5.626205 0.0
 107.343544 100.82246 93.17601 0.9241593 0.9392503 5.6588774 3.3333333
 104.62684 102.36194 94.28833 0.92112684 0.9783526 5.7241325 1.6666666
 82.251305 75.437035 72.06359 0.9552814 0.91715306 8.832843 5.681818
 121.61066 115.74277 107.23928 0.9265312 0.9517486 5.646475 1.6666666
 91.22656 83.327934 78.943886 0.94738793 0.91341746 9.100606 12.5
 111.564125 86.03917 79.80013 0.9274861 0.7712082 6.3790574 16.17647
 102.56355 91.21153 86.71296 0.95067984 0.8893172 8.849198 11.363636
 92.88089 88.822174 84.62701 0.95276886 0.9563019 9.10142 2.2727273
 31.037968 22.710657 19.435276 0.8557778 0.73170567 8.427503 15.789474
 22.269924 20.949743 20.148233 0.9617413 0.94071907 8.65239 10.227273
 107.3346 95.14453 89.682976 0.9425972 0.88642925 9.23797 9.090909
 6.994328 1.3771498 0.32830882 0.23839732 0.19689523 1.3867455 13.636364
 117.775215 122.65757 111.91565 0.9124235 1.0414548 5.0796347 1.7857143
 118.35278 119.89945 109.088875 0.9098363 1.0130683 5.1222854 1.7857143
 117.206985 120.58399 109.71127 0.90983284 1.0288124 5.060429 1.7857143
 119.04269 115.93731 105.19033 0.9073036 0.9739137 4.966809 5.357143
 99.70766 99.45335 88.08638 0.88570553 0.99744946 4.041536 2.0833333
 97.468155 95.926636 90.13838 0.93965954 0.9841844 8.416098 2.3809524
 123.717155 128.52873 117.06233 0.9107873 1.0388917 5.0561996 1.7857143
 107.14283 109.63442 100.05346 0.91260993 1.0232549 5.022219 1.7857143
 89.92989 94.16813 89.71275 0.95268697 1.0471282 8.3429365 3.5714285
 115.5362 115.59377 104.644966 0.905282 1.0004983 5.112485 1.7857143
 120.532845 125.52987 114.7348 0.914004 1.0414578 5.023678 0.0
 121.23259 124.85674 113.52322 0.9092277 1.0298942 5.052294 1.7857143
 94.89844 98.74509 90.03254 0.9117673 1.0405344 5.085517 7.142857
 2.4786937 0.6596489 0.24372698 0.36947986 0.26612762 4.52808 18.421053
 119.780945 124.14744 112.96451 0.9099221 1.036454 5.036377 10.714286
 98.9008 100.19651 89.34998 0.8917474 1.0131011 4.031367 2.0833333
 12.961089 12.831506 8.233003 0.64162403 0.99000216 7.7007694 10.714286
 89.18877 79.602646 74.33427 0.9338166 0.8925187 8.266342 8.333333
 98.78409 97.963905 88.4766 0.9031551 0.9916972 5.0625405 8.928572
 66.532196 65.58403 61.817955 0.9425763 0.98574877 7.5095134 8.75
 109.715675 113.238304 101.650406 0.89766806 1.0321069 4.4846625 5.769231
 112.90488 113.932144 100.4133 0.881343 1.0090985 4.1286225 0.0
 9.787151 8.399145 7.58579 0.90316224 0.85818076 6.8201685 11.111111
 11.407153 11.488113 10.264233 0.89346546 1.0070974 4.165875 10.416667
 15.538008 10.366443 4.8868423 0.47140974 0.66716677 4.480928 12.5
 92.96369 89.92094 82.56988 0.9182498 0.9672694 4.990245 7.142857
 25.00548 25.02347 22.632872 0.90446573 1.0007194 4.9083533 8.928572
 102.143364 102.19762 91.890945 0.8991496 1.0005312 4.6976314 11.538462
 105.59171 106.51808 96.03368 0.90157163 1.0087731 4.02242 6.25
 1.0 73.584595 69.44095 63.954285 0.9209881 0.9436887 440.8226 7.1869555 121.0
