 13.824949 13.531712 12.745397 0.9418909 0.97878927 10.052299 9.090909
 113.101364 114.76671 108.28516 0.9435241 1.0147244 9.381623 9.090909
 13.204678 12.072444 11.132899 0.9221744 0.9142551 9.218457 12.5
 6.2855105 4.8906403 4.464713 0.9129098 0.7780816 9.19191 13.636364
 143.71217 149.80237 134.33897 0.8967747 1.0423777 4.053848 2.0833333
 5.673387 4.2757764 3.9497938 0.92376065 0.75365496 10.240736 13.75
 6.715133 5.161005 4.5924454 0.8898354 0.7685634 9.260691 12.5
 9.103689 6.729742 6.2748866 0.93241113 0.7392325 9.507176 11.363636
 155.6799 161.7566 143.49686 0.8871159 1.0390333 4.0281186 2.0833333
 128.39136 135.4564 121.415764 0.89634573 1.0550275 4.032568 2.0833333
 146.61911 153.89253 137.90448 0.896109 1.0496076 4.0860624 2.0833333
 1.4312907 0.5217335 0.14556932 0.2790109 0.3645196 1.783582 20.3125
 151.98416 160.9907 144.6248 0.89834255 1.0592598 4.058936 2.0833333
 9.897178 8.67897 7.8779893 0.90771013 0.87691367 10.147319 7.9545455
 134.56853 141.17787 126.47523 0.89585733 1.0491151 4.099134 2.0833333
 146.24911 152.78319 135.55624 0.8872457 1.0446777 4.0803704 2.0833333
 4.5607076 2.4816527 1.0013385 0.40349665 0.54413766 4.227014 13.636364
 43.01413 43.069267 40.3767 0.93748295 1.0012819 9.655824 4.5454545
 138.38153 145.04721 130.36276 0.8987609 1.0481689 4.034065 2.0833333
 145.27724 151.71307 136.16551 0.89752 1.0443003 4.0546317 2.0833333
 138.0464 144.03636 129.27533 0.8975187 1.0433909 4.0737243 2.0833333
 4.08403 1.2325987 0.81008375 0.65721613 0.3018094 7.030719 22.368422
 16.505568 14.085843 12.411426 0.88112766 0.8533995 9.967803 9.090909
 2.1894803 0.62517184 0.11157247 0.17846689 0.28553435 2.1788516 21.25
 10.887705 10.628279 10.0555105 0.94610906 0.9761725 9.835288 4.7619047
 7.138574 4.2928715 3.4739347 0.80923337 0.6013626 11.041895 14.772727
 3.3205118 1.639783 1.1637323 0.70968676 0.4938344 7.907017 19.318182
 2.652222 1.2281326 0.9282126 0.7557918 0.46305802 8.423271 16.25
 65.92253 42.834396 38.124836 0.8900519 0.64976865 9.066694 19.318182
 150.8183 157.76495 141.69066 0.89811236 1.0460597 4.055888 2.0833333
 133.98007 139.78493 125.37211 0.8968929 1.0433263 4.085853 4.1666665
 130.12917 133.40375 119.98569 0.89941764 1.0251641 4.045176 2.0833333
 3.62097 2.6205456 2.2033958 0.8408157 0.7237137 7.782267 14.473684
 9.785888 8.634253 7.8239064 0.9061475 0.88231677 10.8312 11.363636
 123.35894 121.54699 114.53616 0.94232005 0.9853115 9.660477 0.0
 18.350916 19.739197 15.833159 0.8021177 1.0756518 8.776301 7.9545455
 2.2588627 0.8117977 0.21779181 0.26828337 0.35938334 2.7036564 21.052631
 14.284311 13.5821085 12.735792 0.9376889 0.950841 7.9000587 9.210526
 114.372696 118.42921 106.369804 0.898172 1.0354675 4.039816 2.0833333
 9.49611 9.235139 8.501846 0.92059755 0.9725182 10.099156 3.409091
 7.9406433 6.8127136 5.2188263 0.76604223 0.85795486 7.66386 14.772727
 150.55437 158.10263 141.83742 0.89712244 1.0501364 4.051042 2.0833333
 2.3294966 0.6297828 0.13145356 0.20872842 0.27035147 1.5188869 14.772727
 139.65367 146.57146 130.96043 0.89349204 1.0495353 4.052211 8.333333
 147.7926 153.2831 137.33835 0.89597845 1.03715 4.0458655 2.0833333
 54.777634 44.370247 41.515358 0.9356576 0.8100066 9.626134 14.772727
 128.29276 133.48897 119.58522 0.89584345 1.0405028 4.0312853 0.0
 18.81135 18.84412 17.034395 0.9039634 1.0017421 4.195092 5.769231
 36.527775 36.9471 34.618114 0.93696433 1.0114796 9.892569 2.2727273
 131.03221 140.82268 124.55677 0.88449365 1.074718 4.0256 4.1666665
 30.159657 30.02284 27.526194 0.9168417 0.99546367 9.787091 6.818182
 9.896286 9.169725 8.522822 0.92945224 0.9265825 6.450685 4.4117646
 18.236692 17.248606 15.923516 0.92317694 0.9458188 8.935119 6.25
 1.0 63.29969 64.36358 57.878895 0.8992491 1.0168072 322.9282 8.315696 53.0
