 91.77206 89.61913 83.99358 0.9372282 0.97654057 8.998327 7.9545455
 58.24415 63.010944 57.281483 0.909072 1.0818417 5.0241976 1.7857143
 98.21769 76.24475 69.68497 0.9139641 0.7762833 5.0710917 14.285714
 12.194994 11.824842 11.192589 0.9465317 0.9696473 9.078545 11.363636
 91.799194 61.726463 58.102703 0.9412932 0.6724075 8.957853 11.363636
 86.509544 83.1631 78.09424 0.9390492 0.96131706 8.911302 11.363636
 72.24689 51.91799 48.58007 0.9357078 0.71861905 7.962127 12.5
 50.89342 44.307194 41.632137 0.9396248 0.8705878 8.865274 12.5
 2.890432 1.06429 0.36194625 0.34008235 0.36821145 2.8674304 11.904762
 8.650996 7.9646673 7.4526114 0.9357091 0.9206648 8.907879 13.636364
 5.096567 1.2112442 0.31112543 0.2568643 0.23765884 2.05124 15.909091
 96.24413 88.55438 83.323204 0.94092697 0.9201016 8.944754 11.363636
 75.35759 64.6988 60.75485 0.9390414 0.8585571 8.992375 13.636364
 97.639244 83.69301 78.86495 0.94231236 0.85716563 8.958394 12.5
 89.64206 89.64345 84.6225 0.94398975 1.0000155 9.035333 10.227273
 92.18383 87.26018 82.19902 0.9419993 0.94658875 8.910826 4.5454545
 14.552199 11.729655 10.757989 0.9171615 0.80604 9.706819 13.636364
 10.603219 10.68272 10.18005 0.9529454 1.0074978 9.284941 9.090909
 4.0605526 3.489972 3.2533853 0.93220955 0.85948205 8.428386 16.25
 77.92094 54.544262 50.986954 0.9347812 0.699995 8.544654 18.181818
 101.10804 103.33564 98.13096 0.94963324 1.0220318 7.9916806 8.75
 76.03413 77.643166 73.95749 0.95253056 1.021162 9.115952 1.1363636
 78.73029 80.35052 76.74791 0.9551639 1.0205795 9.004257 1.1363636
 80.17999 80.07495 75.85994 0.9473617 0.99868995 9.0439825 6.818182
 5.2804875 4.6144047 4.259641 0.9231182 0.87385964 9.361582 14.772727
 3.1826663 1.7172313 1.1406294 0.6642259 0.53955746 8.606564 14.285714
 91.33338 90.27905 85.50956 0.9471694 0.98845625 8.014793 6.25
 100.82078 103.60898 98.9511 0.9550437 1.027655 8.984125 7.9545455
 82.81744 83.786865 80.03155 0.9551801 1.0117056 9.027954 7.9545455
 9.723647 10.094099 9.600694 0.9511194 1.0380981 9.154467 6.818182
 94.18817 91.58505 86.48243 0.9442854 0.9723626 8.929765 4.5454545
 96.76268 98.432686 92.393845 0.9386501 1.0172588 8.960616 3.409091
 3.3694487 1.016683 0.40930852 0.4025921 0.3017357 5.175973 18.181818
 86.015175 56.957592 52.487225 0.92151403 0.6621807 8.795592 18.181818
 101.156715 103.47188 98.664345 0.9535378 1.0228869 9.020421 1.1363636
 97.763824 101.08028 94.85431 0.93840575 1.0339231 8.9277525 0.0
 77.05327 81.18241 75.235695 0.9267487 1.0535882 5.6626005 10.0
 96.669495 98.96396 94.34502 0.95332706 1.0237352 9.01409 5.681818
 10.896044 10.637253 10.0444975 0.94427556 0.9762491 8.874034 6.818182
 92.11411 89.932465 84.594345 0.9406431 0.97631574 8.921576 13.636364
 92.2132 94.378006 88.74946 0.9403616 1.023476 8.891907 0.0
 85.765884 84.93618 79.86747 0.9403233 0.99032587 9.019172 7.9545455
 96.36321 94.984665 89.539795 0.94267625 0.9856943 8.995194 10.227273
 83.322586 85.89936 81.768486 0.95191026 1.0309253 9.134837 1.1363636
 10.559015 10.718136 10.010182 0.9339481 1.0150697 8.745407 5.681818
 2.3663647 0.5778609 0.13621753 0.23572722 0.24419773 2.8301802 18.75
 5.769493 5.796122 5.4600086 0.9420106 1.0046154 8.820206 14.285714
 86.63937 88.161766 82.153946 0.9318546 1.0175716 8.882698 4.5454545
 89.89055 87.60116 81.85265 0.9343787 0.9745313 7.9717116 12.5
 14.51113 5.6280346 2.227341 0.39575824 0.3878426 3.7970335 15.277778
 104.83305 103.2482 95.0625 0.92071825 0.9848821 6.397797 1.4705882
 108.575874 90.900566 82.12113 0.90341717 0.83720773 4.826196 17.857143
 1.0 63.514023 59.768196 56.043846 0.93768674 0.94102365 500.75348 9.63756 52.0
