 9.602385 10.242615 9.798911 0.9566807 1.066674 8.579986 12.5
 57.168137 54.267143 51.99603 0.9581493 0.94925505 8.320785 2.2727273
 83.74174 85.436615 81.27082 0.95124114 1.0202394 8.965124 4.5454545
 140.97934 140.93417 133.81345 0.9494748 0.99967957 8.966253 4.5454545
 34.98313 32.848812 31.039248 0.9449123 0.93899006 8.2687435 3.409091
 21.422735 22.102894 20.603642 0.9321693 1.0317494 5.0582566 8.333333
 26.134264 25.930597 24.293116 0.93685144 0.99220693 8.940415 6.818182
 77.122894 79.10404 73.86035 0.93371147 1.0256882 8.938928 1.1363636
 60.70164 61.84586 57.654503 0.93222904 1.0188498 9.04551 4.5454545
 17.142336 14.663496 13.297183 0.9068221 0.8553966 8.92867 10.227273
 107.75937 107.37082 101.588455 0.94614583 0.9963943 9.034931 0.0
 3.0121853 0.70588523 0.14546438 0.20607369 0.23434322 1.9199106 16.666666
 105.35972 107.34198 101.8756 0.9490751 1.0188143 9.097436 0.0
 31.664356 31.56672 28.89176 0.91526014 0.9969165 4.209427 1.9230769
 3.2633662 1.5558802 1.06997 0.6876943 0.47677156 7.549209 15.909091
 22.43721 20.630081 14.101391 0.6835354 0.9194584 8.044021 6.818182
 117.966064 117.50657 111.42208 0.94822 0.99610484 8.824631 6.818182
 116.42901 117.02451 109.39351 0.9347913 1.0051148 8.868754 9.090909
 118.161674 119.79721 113.986694 0.951497 1.0138415 9.026636 1.1363636
 128.56682 131.03697 124.22504 0.94801515 1.0192131 8.980749 7.9545455
 99.1209 99.572876 94.7059 0.9511215 1.0045599 8.750234 1.1363636
 96.71505 95.17131 89.92605 0.94488615 0.98403823 9.098045 0.0
 12.495227 10.469994 9.618861 0.91870743 0.8379195 8.351617 9.090909
 111.43898 110.592674 105.239174 0.9515926 0.9924057 8.8158245 11.363636
 101.25355 100.37102 95.02317 0.9467192 0.991284 8.75525 1.1363636
 21.876715 22.254803 17.189785 0.7724078 1.0172827 8.485817 6.818182
 51.92654 47.834923 44.500656 0.9302964 0.92120373 8.7099905 3.409091
 111.9581 113.71071 108.272026 0.9521709 1.0156542 8.807642 1.1363636
 98.00133 100.35381 92.866554 0.92539144 1.0240046 6.690763 1.3888888
 40.394806 34.26322 31.581314 0.9217263 0.8482086 8.260354 1.1363636
 17.896395 16.245678 14.706712 0.9052692 0.90776265 4.6463857 5.882353
 98.553 99.53292 93.71989 0.94159687 1.0099431 8.988013 3.409091
 112.31797 111.38361 105.82333 0.95007986 0.9916812 8.830374 2.2727273
 125.48591 131.56395 122.08174 0.927927 1.0484359 5.723884 4.6875
 132.0578 132.86813 125.932755 0.9478026 1.0061362 8.927678 12.5
 96.24099 100.33446 93.94446 0.93631303 1.0425335 6.16619 1.4705882
 103.84953 102.6097 96.42147 0.9396916 0.98806125 8.920254 1.1363636
 109.35377 111.52324 105.61882 0.94705665 1.019839 8.89863 4.5454545
 126.800896 130.43547 123.51457 0.94694006 1.0286636 8.5506935 1.1904762
 22.017328 20.83687 16.511068 0.7923967 0.946385 7.5871325 11.363636
 19.99182 19.57946 18.511047 0.94543195 0.9793735 9.015776 5.681818
 15.922923 16.379694 15.802834 0.96478194 1.0286864 8.235858 3.409091
 31.8191 31.48503 29.503819 0.93707454 0.98950094 9.076443 1.1363636
 104.37983 106.11744 101.30676 0.95466644 1.016647 8.929796 1.1363636
 108.80493 117.34541 109.32604 0.93166006 1.0784936 5.6405077 3.125
 136.88255 138.81335 131.95721 0.95060897 1.0141054 8.870375 1.1363636
 120.784904 121.969734 116.06982 0.95162797 1.0098095 8.966983 1.1363636
 30.87576 31.1509 29.741993 0.9547716 1.0089113 8.269903 6.818182
 116.10671 118.17156 111.58468 0.94425994 1.0177841 8.828994 7.9545455
 21.001236 19.37231 17.829084 0.9203386 0.92243665 5.53373 12.5
 107.09805 108.83127 101.41685 0.9318723 1.0161834 8.710994 6.818182
 106.48858 106.39157 98.72858 0.9279736 0.99908906 8.719174 1.1363636
 102.282265 102.06392 96.323395 0.9437556 0.9978653 8.8380165 1.1363636
 37.75557 23.172167 17.813988 0.7687666 0.6137417 8.604274 12.5
 2.7415469 0.6907103 0.13122287 0.18998252 0.25194183 1.8519932 21.25
 101.43267 99.30871 94.0653 0.94720095 0.97906035 8.849312 15.909091
 98.90043 99.79872 94.56308 0.947538 1.0090828 8.72253 6.818182
 30.081308 29.526958 28.007225 0.9485307 0.9815717 8.427706 3.409091
 109.8712 111.20915 104.84721 0.9427931 1.0121775 8.90443 2.2727273
 106.102554 106.87083 101.88891 0.95338374 1.0072408 8.926727 1.1363636
 142.96564 145.031 137.84084 0.95042324 1.0144466 8.879125 1.1363636
 93.228355 93.13649 86.51881 0.9289464 0.9990146 8.8199 1.1363636
 28.546425 28.541723 27.010035 0.9463351 0.9998353 8.545139 3.409091
 123.69573 123.57261 116.38809 0.94185996 0.9990046 8.746476 1.1363636
 59.432423 63.688484 60.89435 0.95612806 1.0716118 8.556702 5.681818
 15.037029 13.336358 12.3567705 0.92654765 0.8869011 9.712183 10.227273
 118.5669 119.36526 113.353325 0.9496342 1.0067334 9.029042 1.1363636
 2.6036532 0.7694358 0.23719615 0.3082728 0.29552162 3.3436043 16.666666
 116.545006 116.26634 109.466324 0.9415134 0.99760896 8.984007 0.0
 126.107445 130.42381 124.42465 0.9540026 1.0342277 8.961235 1.1363636
 81.59737 74.996796 65.48899 0.8732239 0.91910803 11.803594 7.9545455
 109.96605 110.99564 105.42951 0.94985276 1.0093628 8.929754 1.1363636
 129.65382 130.85515 124.88832 0.9544012 1.0092657 8.687871 5.681818
 96.49833 97.306564 92.3155 0.9487078 1.0083756 8.983132 12.5
 16.221025 15.799504 15.011761 0.95014125 0.9740139 9.028829 4.5454545
 130.98482 136.6625 129.752 0.94943386 1.0433462 8.415804 1.1904762
 107.87964 107.210236 98.6492 0.9201472 0.9937949 8.9859 2.2727273
 120.64995 121.75016 116.11854 0.9537444 1.009119 8.881588 11.363636
 123.91101 127.09842 119.13441 0.93733984 1.0257233 6.674231 4.1666665
 115.73472 118.96411 112.329025 0.94422615 1.0279034 8.786462 4.5454545
 20.774157 18.468946 17.297855 0.93659127 0.88903475 8.848209 11.363636
 19.16823 17.617968 16.112091 0.91452605 0.91912335 9.111056 7.9545455
 15.838463 6.35748 5.824409 0.9161505 0.40139502 1.0256311 20.0
 1.4479375 0.45530593 0.15099072 0.33162478 0.31445137 3.0462267 18.75
 31.588375 32.516827 30.632055 0.94203705 1.0293921 9.015106 1.1363636
 111.70688 111.69025 105.94592 0.9485692 0.9998511 8.983723 0.0
 26.049902 30.189909 29.11975 0.9645524 1.158926 10.443386 5.681818
 135.47212 135.46835 128.48622 0.94845927 0.99997216 8.854727 0.0
 111.21885 112.96528 102.545906 0.9077648 1.0157026 4.275559 1.9230769
 122.80364 128.93233 120.558495 0.9350525 1.0499064 6.587747 8.333333
 107.26423 107.71539 102.21683 0.9489528 1.0042062 8.971883 6.818182
 123.72785 126.56705 120.15031 0.94930166 1.0229471 8.968634 6.818182
 22.48081 19.129705 15.142338 0.7915614 0.85093486 6.6277633 12.5
 117.07456 118.164734 109.47367 0.9264496 1.0093118 8.859459 1.1363636
 99.095375 101.31928 94.562325 0.9333103 1.022442 6.706143 1.3888888
 10.976659 9.073449 8.27679 0.9121987 0.826613 8.309183 13.636364
 15.017423 14.633414 13.900992 0.9499487 0.97442913 8.871166 13.636364
 6.253001 3.8929107 2.6347437 0.67680556 0.62256676 3.9136448 10.0
 19.993864 20.161167 19.124681 0.94859 1.0083678 9.103784 2.2727273
 114.6699 114.771225 108.98231 0.9495612 1.0008837 8.938165 2.2727273
 129.54504 127.41015 113.41118 0.8901267 0.98352 3.830033 2.0833333
 62.376198 65.96034 58.89733 0.8929203 1.0574602 4.576932 1.9230769
 11.398466 9.086822 8.015645 0.88211757 0.7971969 7.6614428 13.636364
 16.345055 16.44666 15.749932 0.9576372 1.0062162 8.738694 5.681818
 118.13375 119.49486 113.08697 0.9463752 1.0115218 8.418397 0.0
 115.15812 118.51313 107.5189 0.907232 1.0291339 6.1017404 1.4705882
 124.07544 123.80194 117.07128 0.94563365 0.9977957 8.487282 1.1904762
 108.61396 111.58377 100.31344 0.8989967 1.0273428 3.6419027 2.0833333
 117.33661 117.729774 111.35497 0.9458523 1.0033507 7.9669495 8.75
 108.9393 109.78077 103.03719 0.93857235 1.0077242 8.013504 12.5
 118.79917 123.61875 111.697205 0.903562 1.0405692 3.818167 2.0833333
 106.10708 117.678345 107.8048 0.9160972 1.1090528 3.8333952 2.0833333
 22.40041 21.694227 20.475021 0.9438005 0.96847457 8.144419 2.631579
 135.71262 138.87433 132.26303 0.9523936 1.0232971 7.5832024 1.3157895
 76.70348 78.734535 73.8667 0.9381741 1.0264792 7.3207717 1.3888888
 115.24597 121.399445 113.300835 0.9332895 1.0533942 6.436325 0.0
 42.987614 43.201424 40.318752 0.9332737 1.0049738 6.267726 6.25
 112.09983 115.936 106.76021 0.9208547 1.0342209 6.2120104 3.125
 55.990852 65.180885 60.97486 0.9354715 1.1641346 6.4278765 1.6666666
 121.51557 125.07745 114.271484 0.9136058 1.0293121 5.8782353 5.0
 129.69781 138.66841 125.30094 0.90360117 1.0691655 5.417969 5.357143
 126.54567 126.61321 113.49347 0.89637935 1.0005337 5.3270707 8.928572
 117.235 117.68195 102.721146 0.87287086 1.0038126 4.6136665 7.6923075
 141.47516 141.12239 123.138626 0.87256616 0.99750656 4.648375 1.9230769
 130.70248 116.471375 101.20758 0.8689481 0.8911182 4.54113 7.6923075
 118.69924 116.775024 101.64821 0.8704619 0.98378915 4.69016 1.9230769
 103.48305 98.339325 84.900055 0.8633378 0.950294 4.565697 1.9230769
 137.571 139.0238 121.24795 0.872138 1.0105604 4.5279455 1.9230769
 114.4257 112.68899 98.05319 0.87012225 0.9848224 4.6289277 3.8461537
 127.3432 125.99475 109.83265 0.871724 0.9894109 4.6147876 3.8461537
 8.753721 5.436789 3.1687405 0.5828331 0.6210832 2.1164207 6.25
 135.14072 129.65388 111.00914 0.856196 0.95939916 3.9444387 2.0833333
 8.213482 5.7690673 3.219052 0.5579849 0.70238996 2.4898312 12.5
 1.0 81.15726 81.4541 75.63023 0.92850125 1.0036576 619.7751 5.334913 133.0
