 111.26393 104.93063 97.9328 0.93330985 0.94307864 9.072201 5.681818
 19.526659 12.619738 11.873917 0.9409005 0.64628243 7.749969 18.181818
 8.8161745 7.654552 6.884361 0.8993813 0.86823964 9.065587 12.5
 70.82652 51.278095 47.33712 0.92314506 0.7239956 7.3478465 13.157895
 84.46776 81.019295 71.21708 0.87901384 0.9591742 4.656938 0.0
 13.6329975 11.076598 9.783246 0.88323563 0.81248444 9.50144 11.363636
 99.71592 93.99 87.411865 0.93001246 0.9425776 9.0456505 3.409091
 102.43963 96.63562 88.83751 0.919304 0.94334215 8.443577 7.142857
 17.767776 17.899597 17.401615 0.9721791 1.0074191 8.9394455 11.363636
 122.69628 116.246315 104.986946 0.9031422 0.94743145 8.847229 4.5454545
 103.45841 98.11818 91.44149 0.9319526 0.94838285 9.029889 6.818182
 2.9180796 1.1853961 0.73232716 0.6177911 0.4062247 7.3896613 15.0
 25.345354 23.063082 21.359798 0.9261467 0.909953 8.115786 10.227273
 96.49543 91.70943 85.824036 0.9358257 0.9504017 8.990253 5.681818
 67.55311 59.469948 53.546505 0.90039605 0.88034356 10.815241 1.1363636
 117.37402 110.10937 102.26976 0.92880166 0.9381068 8.950376 11.363636
 89.63764 59.613018 54.34692 0.9116619 0.6650445 7.1268926 9.210526
 20.400341 17.717503 16.474356 0.92983514 0.8684905 8.7957115 11.363636
 123.72475 115.25681 106.499855 0.92402226 0.9315583 6.8874245 0.0
 6.746105 1.3138857 0.2617935 0.19925134 0.19476211 1.6405874 18.181818
 103.15594 97.38614 89.72308 0.92131263 0.9440673 7.532285 1.3157895
 117.89233 112.434074 102.98854 0.9159905 0.9537014 8.895522 9.090909
 127.795616 122.07254 114.49445 0.93792146 0.95521694 8.992789 1.1363636
 111.41409 107.83796 101.76852 0.943717 0.96790236 9.039972 0.0
 98.04919 93.04336 86.73564 0.9322067 0.9489457 9.013422 3.409091
 8.484236 7.281492 6.3433475 0.8711603 0.85823786 6.408029 13.157895
 10.587258 10.237977 8.739489 0.8536343 0.9670093 8.716631 6.818182
 3.6585078 1.0640736 0.2235174 0.21005823 0.29084906 1.3781956 17.045454
 116.50521 110.46006 103.38764 0.93597305 0.94811267 9.117301 1.1363636
 106.17563 98.92843 92.624344 0.9362763 0.93174326 8.969033 10.227273
 9.986614 6.786159 5.3264647 0.78490126 0.6795255 8.122111 13.636364
 105.04335 99.865746 91.95545 0.9207907 0.9507099 9.030733 5.681818
 120.420494 113.520805 106.133026 0.9349214 0.94270337 9.042223 17.045454
 104.27488 97.90599 90.75616 0.92697245 0.93892217 8.997148 7.9545455
 105.968834 98.10396 89.89929 0.91636765 0.9257813 9.169374 9.090909
 68.89572 56.606533 52.591354 0.9290686 0.8216263 9.105617 13.636364
 101.63331 96.36033 90.14493 0.9354984 0.9481176 9.216041 1.1363636
 45.31227 37.9495 33.791203 0.89042556 0.8375104 8.83567 6.818182
 103.16367 97.47408 88.36975 0.9065974 0.9448489 7.285272 7.894737
 102.682594 94.37652 88.37218 0.93637884 0.91910917 8.571343 6.818182
 106.19781 100.37304 93.393295 0.930462 0.9451517 8.977945 9.090909
 100.50697 94.458755 88.65121 0.93851763 0.9398229 8.853593 2.2727273
 120.55857 112.617714 102.24841 0.90792483 0.9341328 6.1585917 10.9375
 32.54717 30.901505 28.056778 0.9079421 0.9494376 5.313785 1.7857143
 97.33479 90.98126 80.50174 0.8848167 0.934725 5.0694437 0.0
 121.49108 116.32147 107.41205 0.92340696 0.9574486 7.853579 1.25
 114.73671 86.226944 78.89088 0.91492146 0.7515201 8.777093 15.909091
 12.717498 12.9040785 11.868329 0.9197348 1.0146711 9.522788 3.409091
 14.610598 12.467622 11.597968 0.930247 0.8533273 8.7119875 10.227273
 107.45767 101.06817 93.32941 0.92343026 0.94053936 8.982206 10.227273
 11.323142 10.050562 9.287982 0.9241256 0.8876125 8.93196 15.909091
 46.796814 42.951286 39.81166 0.92690265 0.91782504 9.135519 4.5454545
 105.74483 99.82135 93.13087 0.9329754 0.9439834 9.020122 1.1363636
 123.48862 117.62478 109.751076 0.9330608 0.9525151 8.449426 1.1904762
 118.08551 111.05499 103.918686 0.93574077 0.9404625 9.080535 4.5454545
 34.617176 32.31581 30.081726 0.9308671 0.93351954 9.17894 1.1363636
 87.98319 80.75719 71.974915 0.89125085 0.9178707 5.165333 0.0
 112.75399 106.31339 95.80412 0.9011482 0.9428792 8.899432 5.681818
 69.60826 37.62374 33.700165 0.89571536 0.54050684 8.333522 12.5
 106.584724 101.0879 94.697876 0.9367874 0.9484277 9.02896 1.1363636
 7.512711 3.484276 1.8802023 0.539625 0.4637841 6.8179064 15.909091
 108.18595 98.51062 91.7334 0.9312031 0.9105676 9.000029 2.2727273
 12.317632 11.390808 8.951221 0.7858284 0.9247564 9.293645 9.090909
 1.9860771 0.6057576 0.122690074 0.20253988 0.30500206 2.2611876 14.772727
 12.581389 10.789407 10.305317 0.9551329 0.85756874 6.065709 16.666666
 104.58512 100.33799 89.735275 0.89432997 0.95939064 8.942105 1.1363636
 108.67976 102.02494 94.02684 0.9216064 0.9387667 8.982449 0.0
 121.51058 115.56054 108.1863 0.93618727 0.9510327 9.039692 1.1363636
 27.41432 22.333147 20.628529 0.92367315 0.8146526 6.60349 10.294118
 110.90518 105.363884 98.66936 0.93646276 0.9500357 9.078347 1.1363636
 10.131832 9.037601 8.411522 0.930725 0.8920008 8.812663 9.090909
 109.94376 100.475235 91.505684 0.9107288 0.9138784 8.986721 0.0
 99.40983 93.54275 87.31649 0.93343943 0.94098085 9.105196 1.1363636
 117.481445 110.57185 102.08448 0.9232411 0.9411857 9.086749 3.409091
 8.701989 7.782383 7.315189 0.93996775 0.89432234 8.002965 11.363636
 23.062508 21.461298 20.111567 0.9371086 0.9305709 9.1804 4.5454545
 118.29987 109.73351 99.597824 0.9076336 0.92758775 6.167912 1.5625
 100.351875 97.308495 91.008125 0.9352536 0.9696729 8.951305 1.1363636
 10.439266 8.70945 8.062176 0.9256814 0.8342971 9.014542 11.363636
 127.89792 115.05197 103.97639 0.9037341 0.8995609 6.687182 7.352941
 8.713928 6.725414 6.0034347 0.8926491 0.7718004 8.599445 12.5
 50.60155 40.725754 36.001976 0.88401 0.80483216 8.188249 9.090909
 120.50196 110.49111 99.8164 0.9033885 0.91692376 6.1989965 0.0
 80.89748 60.84875 50.267532 0.82610625 0.75217116 8.2223 9.090909
 113.58533 107.32437 100.51446 0.93654835 0.9448788 8.997883 3.409091
 110.657745 104.16305 97.458855 0.9356375 0.94130826 9.019107 9.090909
 107.037285 83.55519 77.23382 0.92434496 0.7806176 8.460592 14.285714
 1.9520475 0.5935086 0.20670253 0.34827217 0.30404413 4.361916 16.17647
 106.58437 103.34623 97.33947 0.9418773 0.969619 8.541412 0.0
 94.622246 92.00246 86.65179 0.9418421 0.9723132 8.122626 1.25
 10.766599 8.497864 7.845756 0.9232622 0.78928024 7.71765 12.5
 76.10651 59.013535 54.87219 0.9298238 0.77540725 7.892861 13.75
 118.94069 115.25917 108.50754 0.94142216 0.9690475 8.131712 1.25
 118.82957 110.687004 101.05777 0.9130048 0.93147695 6.9606566 8.333333
 116.08469 111.83626 103.44825 0.92499745 0.9634023 6.8784566 5.5555553
 107.413155 97.44958 84.67553 0.86891633 0.9072406 3.9073057 4.1666665
 5.0376587 1.6451259 0.8056886 0.48974285 0.32656556 4.157488 12.5
 97.90704 102.16076 92.392624 0.9043847 1.0434465 4.100007 2.0833333
 93.87331 97.25796 88.21722 0.90704376 1.0360554 4.02269 4.1666665
 111.74294 110.245995 99.05913 0.89852816 0.9866036 4.0809784 0.0
 1.0 76.14307 69.964294 64.34905 0.9197414 0.9188531 565.9713 7.0484643 100.0
