 31.792309 31.41566 29.603884 0.9423289 0.9881528 9.365853 0.0
 91.96263 97.14995 92.77531 0.9549702 1.0564069 9.726134 10.227273
 20.921734 22.203333 21.149313 0.9525288 1.0612569 9.243866 11.363636
 44.533527 48.857624 46.350994 0.94869524 1.0970975 9.435089 1.1363636
 28.906437 28.925581 27.184067 0.9397932 1.0006623 9.519301 15.909091
 20.319754 20.431757 19.211811 0.94029164 1.005512 9.68935 5.681818
 117.57901 124.47065 117.879684 0.947048 1.0586128 9.450657 2.2727273
 2.4803262 0.6620003 0.16218182 0.24498753 0.2669005 2.305039 18.055555
 17.789831 18.590889 17.733849 0.95390004 1.0450289 9.156107 3.409091
 61.16999 57.572056 52.253777 0.90762395 0.94118136 4.396342 7.6923075
 27.218616 30.385077 28.189009 0.92772543 1.1163343 4.946749 1.7857143
 42.129063 43.508896 40.84845 0.93885285 1.0327525 9.521615 1.1363636
 29.285303 28.680151 26.88206 0.9373054 0.97933596 9.630694 5.681818
 2.065871 0.53228474 0.10049714 0.18880334 0.25765637 1.7983533 17.105263
 16.131962 17.207186 16.228977 0.9431511 1.0666518 9.888937 4.5454545
 18.579012 19.785147 18.571287 0.93864787 1.0649194 10.113074 5.681818
 2.428696 0.9652228 0.2644013 0.27392772 0.39742428 1.8175402 18.181818
 37.020523 38.681225 36.739132 0.9497923 1.0448589 9.226283 10.227273
 103.00395 110.40888 103.80246 0.94016397 1.0718899 9.07972 1.1363636
 23.566568 23.305471 21.808752 0.9357782 0.98892087 7.88687 5.681818
 22.08901 22.73318 20.86413 0.9177832 1.0291624 8.285486 7.9545455
 33.209923 34.42437 32.549946 0.9455495 1.0365688 9.684709 1.1363636
 42.979263 45.989944 43.377655 0.9431987 1.0700495 9.567653 3.409091
 108.12548 115.5278 109.92078 0.951466 1.0684605 9.399379 1.1363636
 43.480198 47.138264 43.70368 0.92713803 1.0841317 5.0177517 5.357143
 28.396078 29.115295 27.562597 0.9466707 1.025328 9.51123 13.636364
 125.55507 135.16905 127.561005 0.94371456 1.0765718 7.049758 9.722222
 18.485764 21.25526 19.94883 0.93853605 1.149818 5.2052546 5.0
 20.941864 20.040285 19.200441 0.9580922 0.95694846 9.314858 4.5454545
 6.809004 2.0003245 0.8846331 0.4422448 0.2937764 1.1318527 18.181818
 46.253994 45.386642 42.652187 0.93975204 0.9812481 9.592777 2.2727273
 53.577785 59.179153 55.82955 0.943399 1.1045464 8.316657 7.5
 109.600395 81.00591 73.75213 0.91045356 0.7391024 9.376142 18.181818
 10.754345 10.572713 8.717323 0.82451147 0.98311085 7.0272875 11.363636
 83.49699 71.04392 66.84717 0.9409273 0.85085607 9.626841 10.227273
 22.511528 23.614021 22.216026 0.9407981 1.0489746 9.5110235 9.090909
 81.497986 87.82652 84.578316 0.9630156 1.0776527 9.373978 1.1363636
 7.845506 8.135347 7.904842 0.97166616 1.0369436 8.924628 10.714286
 24.087055 24.43077 22.666056 0.92776674 1.0142697 9.03391 10.227273
 17.593199 18.533472 17.561035 0.9475308 1.0534452 9.049205 10.227273
 52.29279 46.53994 42.02115 0.90290505 0.8899877 8.898597 4.7619047
 37.58198 39.887238 37.861362 0.94921 1.0613394 9.397076 3.409091
 10.229781 10.214881 8.185753 0.8013557 0.99854344 7.3953066 13.75
 59.220047 68.571236 64.84183 0.9456127 1.1579057 11.2138815 4.5454545
 121.20594 127.57931 116.44724 0.912744 1.052583 9.21323 4.5454545
 97.39635 101.08609 96.595055 0.9555722 1.0378838 9.30459 3.409091
 117.539474 122.37976 109.38605 0.89382464 1.04118 9.098985 0.0
 100.71748 106.63502 101.53975 0.9522177 1.0587537 9.450697 0.0
 51.899357 31.101685 27.202744 0.874639 0.59926915 3.8888185 5.769231
 98.90186 107.71533 101.12595 0.93882596 1.0891132 5.9392185 1.5625
 39.449192 42.508423 40.29266 0.9478747 1.0775486 9.576938 0.0
 45.59435 48.53452 46.1455 0.95077693 1.0644853 10.111912 0.0
 56.511475 58.73279 55.35506 0.94248986 1.0393074 9.241052 1.1363636
 134.60602 145.78197 132.21416 0.9069308 1.0830271 7.499511 2.631579
 22.023333 22.84652 21.694752 0.94958675 1.037378 9.34816 4.5454545
 109.720085 116.08668 109.759514 0.94549626 1.0580257 9.920114 3.409091
 54.47662 54.789536 49.318806 0.9001501 1.005744 8.827218 7.9545455
 41.20082 43.37273 41.02041 0.945765 1.0527151 9.313363 1.1363636
 30.381786 32.25249 30.684483 0.9513834 1.0615733 9.8063755 11.363636
 106.68682 112.14129 106.204735 0.94706184 1.051126 9.372125 5.681818
 27.558083 29.126123 27.928495 0.9588813 1.0568995 7.999555 3.409091
 33.266663 33.83489 32.26933 0.9537295 1.0170809 9.487491 5.681818
 27.75185 29.235031 27.242939 0.9318594 1.0534444 5.7837234 7.8125
 83.64789 39.905533 30.936827 0.77525157 0.47706562 8.2916975 15.909091
 23.449791 23.772385 22.21005 0.9342795 1.0137568 9.319155 10.227273
 25.172215 29.294905 27.422659 0.9360897 1.1637794 4.5706506 7.6923075
 19.90131 20.730919 20.087172 0.9689474 1.0416862 8.349548 3.409091
 25.856953 26.20775 24.937038 0.95151395 1.0135669 9.628674 5.681818
 23.03112 17.436022 15.4540825 0.8863307 0.7570636 8.49187 11.904762
 21.43165 24.004389 22.615356 0.94213426 1.1200439 9.957695 3.409091
 11.535901 10.39587 6.2886596 0.604919 0.9011753 7.3742404 10.227273
 11.139146 9.604049 8.797028 0.9159707 0.862189 10.925634 7.9545455
 114.913574 118.74731 110.69821 0.9322166 1.0333619 9.653925 6.818182
 16.12132 16.556095 15.561625 0.93993324 1.0269688 8.777226 5.681818
 63.560585 65.77505 62.257393 0.94652 1.0348401 9.264866 7.9545455
 19.316175 17.4719 15.60764 0.8932995 0.90452176 5.0138893 5.357143
 117.44963 124.9513 119.359726 0.95525 1.0638714 9.428318 0.0
 26.1076 27.30498 25.959877 0.95073783 1.0458634 9.003614 5.681818
 118.07524 121.51826 116.05831 0.95506895 1.0291595 9.719546 2.2727273
 112.6864 124.04349 112.63183 0.90800273 1.1007849 5.4372334 3.3333333
 32.977543 33.882656 31.783207 0.93803763 1.0274463 9.296968 11.363636
 119.48381 131.51088 120.30741 0.9148096 1.1006585 4.5483446 3.8461537
 113.71625 123.24446 114.25824 0.9270862 1.0837895 7.5934052 5.263158
 95.24718 104.51933 97.45085 0.9323715 1.0973485 6.21729 4.6875
 18.16738 18.773691 17.016996 0.90642786 1.0333736 8.084895 7.9545455
 55.248207 56.107433 52.977318 0.9442121 1.0155522 9.975857 1.1363636
 120.296455 124.76182 117.898445 0.9449882 1.0371196 9.468493 12.5
 21.04429 21.959425 17.325167 0.7889627 1.0434861 8.776723 7.9545455
 16.645597 16.119335 14.870835 0.9225464 0.9683844 9.438773 7.9545455
 35.947865 36.89771 34.865376 0.9449198 1.0264229 9.791235 2.2727273
 125.61198 131.57515 118.232155 0.8985903 1.047473 4.097286 2.0833333
 21.240002 21.825281 20.819397 0.95391196 1.0275555 8.9382715 3.409091
 107.4587 118.785446 110.23973 0.92805755 1.1054056 4.9056087 5.357143
 18.384888 15.849958 12.020373 0.7583852 0.86211884 7.3686333 10.227273
 105.30897 111.48941 105.509224 0.9463609 1.0586886 9.556861 10.227273
 36.679234 35.113857 31.022215 0.883475 0.9573226 9.154435 5.681818
 43.17178 47.296814 44.090538 0.93220943 1.0955493 4.1193786 2.0833333
 40.256714 41.68814 37.517838 0.8999642 1.0355575 9.096837 3.409091
 37.89721 40.205467 38.4341 0.9559422 1.0609084 9.433096 7.9545455
 73.96544 65.95887 62.256344 0.94386613 0.8917526 8.855243 9.523809
 18.933313 18.80333 17.301872 0.9201494 0.9931347 9.616015 6.818182
 31.880688 31.669483 29.77811 0.94027776 0.9933752 9.173464 9.090909
 70.499855 48.19954 43.39736 0.9003688 0.6836828 4.5929947 17.307692
 28.232582 29.752106 27.63923 0.92898405 1.0538216 9.166053 3.409091
 71.81196 62.68211 58.233124 0.929023 0.87286454 9.839385 11.363636
 24.693752 25.076778 23.033411 0.91851556 1.015511 4.3354673 0.0
 120.77128 125.50163 115.30931 0.91878736 1.0391679 9.358185 1.1363636
 22.247988 22.623257 21.18573 0.936458 1.0168675 8.931739 10.227273
 1.5066254 0.42082778 0.098154366 0.23324117 0.27931812 2.3219697 20.588236
 73.04119 75.22557 70.963036 0.94333667 1.029906 9.670008 0.0
 115.39712 123.76232 118.4458 0.95704246 1.0724906 9.5169935 1.1363636
 127.49339 138.35472 127.78236 0.92358506 1.0851914 6.2705746 1.5625
 62.297333 58.079906 50.8009 0.87467253 0.9323017 13.151438 11.363636
 104.59022 109.19322 103.14301 0.9445917 1.0440099 9.439036 1.1363636
 11.996835 10.572182 5.966768 0.56438375 0.88124764 7.8298626 14.772727
 122.764595 136.15218 126.56064 0.92955285 1.1090509 5.5153913 1.6666666
 4.8772726 0.95654136 0.17020279 0.17793562 0.1961222 1.3844253 20.238094
 4.8673854 1.0190684 0.12099102 0.118727095 0.20936668 0.9424842 18.181818
 2.647026 0.7350472 0.12401691 0.16871965 0.27768797 1.4662211 19.736841
 2.9488196 0.5763826 0.15464436 0.26830158 0.19546212 2.4598486 19.318182
 112.97236 119.741196 113.30302 0.94623256 1.0599159 9.651998 1.1363636
 1.7341685 0.5953739 0.09473647 0.15912096 0.3433195 1.9109075 23.4375
 23.47513 24.028429 22.809464 0.94926983 1.0235695 8.8017645 6.818182
 92.66495 100.82585 94.62134 0.9384631 1.0880688 7.1142306 0.0
 135.97076 144.37085 136.76486 0.94731635 1.0617785 8.292026 7.5
 114.298485 123.08988 115.8525 0.94120246 1.0769161 7.2086873 0.0
 107.07598 117.10527 109.688576 0.9366664 1.0936652 9.697575 0.0
 1.085148 0.3897972 0.09686703 0.24850622 0.35921112 2.0583198 29.545454
 29.875505 23.719501 19.385607 0.81728554 0.79394484 3.8779387 6.25
 28.812464 29.702547 26.915628 0.9061724 1.0308923 4.0179176 8.333333
 124.18065 135.52914 118.87691 0.87713164 1.091387 3.9753492 0.0
 58.600708 66.029816 60.67455 0.9188962 1.1267751 9.299497 3.5714285
 27.546268 31.827425 28.970505 0.9102372 1.155417 4.166762 3.5714285
 123.12501 130.04874 116.02141 0.8921378 1.0562334 8.054996 5.0
 116.27001 126.24605 115.54957 0.9152728 1.0858005 5.5635753 1.6666666
 51.857277 43.746475 34.97018 0.7993828 0.8435938 11.040315 7.142857
 113.19826 116.11984 106.68617 0.91875917 1.0258095 8.2875395 5.0
 13.288143 10.347091 3.68266 0.35591263 0.7786709 4.1042027 13.75
 31.685356 33.08948 30.431324 0.91966754 1.0443146 7.9265385 0.0
 126.21217 126.01118 117.15013 0.9296805 0.9984074 7.2350063 8.333333
 25.136671 19.718246 15.99874 0.81136733 0.7844414 6.9525495 5.5555553
 105.85916 103.69179 95.856285 0.92443466 0.97952586 6.8480325 1.4705882
 130.84909 126.061676 116.08347 0.92084664 0.9634127 6.8097906 0.0
 107.683105 99.57553 92.13873 0.925315 0.92470896 6.7367215 1.4705882
 120.62125 117.05857 108.51309 0.9269982 0.970464 6.4061146 3.125
 19.451397 17.910784 16.504374 0.9214769 0.92079675 6.5162816 7.8125
 52.51763 41.86306 35.667557 0.85200554 0.7971239 6.884325 6.25
 102.1179 102.16588 95.52615 0.9350104 1.0004698 6.309306 0.0
 89.262596 84.32468 78.063194 0.9257456 0.944681 6.099122 6.25
 100.077 97.352936 88.95578 0.9137453 0.9727803 6.3711762 3.125
 100.19447 98.33777 91.29543 0.9283863 0.981469 6.3115234 1.5625
 18.68771 11.440871 9.554656 0.8351336 0.6122137 6.4285417 6.6666665
 130.45267 125.26599 113.91037 0.90934795 0.96024096 5.797195 1.6666666
 73.80727 68.04401 62.236683 0.9146534 0.9219147 5.929452 0.0
 132.81912 129.80946 117.97331 0.90881896 0.9773402 5.835246 3.3333333
 19.064888 20.345366 18.764387 0.922293 1.0671641 5.988744 3.3333333
 113.0558 111.46348 99.35412 0.8913603 0.9859156 5.2442107 1.7857143
 117.21571 111.99495 99.003815 0.8840025 0.9554602 5.320494 1.7857143
 26.06993 23.494507 20.278133 0.863101 0.901211 4.5181427 3.8461537
 127.65475 124.23367 109.33363 0.88006437 0.9732006 4.667173 0.0
 124.35396 123.946815 108.971634 0.8791806 0.9967259 4.6656585 1.9230769
 44.85295 44.574623 39.52908 0.8868068 0.9937946 4.389813 3.8461537
 25.201653 22.258282 17.90779 0.80454504 0.8832072 4.8829007 3.8461537
 12.717589 11.569217 9.928077 0.85814595 0.909702 4.8274684 11.538462
 26.90524 22.517134 19.705208 0.8751207 0.8369051 4.6736054 15.384615
 3.8994968 2.4883437 1.9893702 0.7994756 0.6381192 4.425427 9.615385
 121.53256 121.346214 103.01022 0.8488952 0.99846673 3.9720201 2.0833333
 22.144045 24.374996 21.896067 0.8983003 1.1007472 4.137562 6.25
 73.475494 61.67591 51.704575 0.83832693 0.8394079 3.9163675 4.1666665
 115.56894 111.03728 94.05282 0.8470382 0.96078825 3.9446015 2.0833333
 27.58192 32.605988 29.465738 0.903691 1.1821507 3.9844973 2.0833333
 36.198128 34.171864 29.33935 0.85858214 0.9440229 3.8936627 2.0833333
 110.67937 104.65144 87.18664 0.83311456 0.94553703 3.812091 2.0833333
 19.35225 15.144162 11.886663 0.7849007 0.7825531 3.4652147 4.1666665
 1.0 58.21278 58.629517 53.859165 0.9186357 1.0071589 442.63354 6.2825084 174.0
