 99.786606 92.50508 86.66404 0.93685704 0.9270291 9.084393 0.0
 128.73186 120.94997 113.31899 0.936908 0.93954957 9.090431 1.1363636
 126.005745 116.25539 104.839645 0.9018046 0.9226197 6.133598 3.125
 28.705667 28.282248 25.109272 0.8878103 0.98524964 5.6599813 6.818182
 124.2839 114.45591 102.28199 0.8936366 0.92092305 6.1909394 3.125
 15.262519 12.087929 10.655582 0.8815061 0.7920009 9.387216 10.227273
 5.8824325 3.6840622 2.7727592 0.7526363 0.6262821 7.085978 14.705882
 13.526438 14.18398 13.4125 0.9456091 1.0486116 10.26345 10.227273
 123.1802 115.45638 107.80837 0.9337585 0.9372966 9.052956 12.5
 120.368095 112.92716 105.55132 0.934685 0.9381818 8.982493 3.409091
 124.11226 115.73259 108.463135 0.9371875 0.93248314 9.016464 14.772727
 3.2568657 1.4623274 0.7572164 0.51781595 0.44899836 4.7074103 19.318182
 125.222626 119.70755 110.7566 0.9252265 0.95595783 7.9846525 1.25
 129.29071 121.21263 105.76784 0.872581 0.93751997 3.9408476 2.0833333
 117.58757 109.84728 95.273926 0.8673308 0.93417424 3.8682442 6.25
 5.1208525 3.4872067 2.8402557 0.8144787 0.68098164 3.9390154 9.090909
 121.28205 107.57261 94.73192 0.88063234 0.8869623 4.2924604 1.9230769
 115.42388 106.266266 91.62879 0.86225665 0.920661 3.9380422 2.0833333
 124.13006 121.33367 112.60711 0.928078 0.97747207 6.7795577 12.5
 16.85884 15.29756 13.951129 0.9119839 0.90739095 6.125037 12.5
 124.4654 123.46658 110.66963 0.8963529 0.9919751 4.2886314 0.0
 111.99923 116.25778 105.508804 0.9075419 1.038023 4.960161 1.7857143
 112.21099 114.47768 103.31351 0.9024773 1.0202003 4.959277 0.0
 114.37477 116.117165 105.334366 0.90713865 1.015234 4.959518 1.7857143
 122.99852 125.23864 112.89185 0.90141386 1.0182126 4.9002695 3.5714285
 1.0 90.16273 85.930626 77.87642 0.90627086 0.9530615 537.9538 6.167539 25.0
