 16.73751 18.01197 16.092993 0.893461 1.0761439 4.092288 5.769231
 27.28812 27.26262 24.533669 0.89990133 0.9990656 8.266839 9.090909
 0.9356535 0.20863199 0.03309486 0.15862793 0.22297998 1.4318792 23.4375
 16.533993 14.908344 13.872791 0.9305387 0.90167844 8.441063 9.090909
 14.58198 14.647228 13.918401 0.95024127 1.0044746 8.710568 13.636364
 153.84229 140.15253 135.56604 0.967275 0.9110143 3.915782 0.0
 11.042115 8.875962 5.3704977 0.6050609 0.8038281 5.65587 13.636364
 12.692846 12.728647 12.340912 0.9695384 1.0028205 8.375725 10.227273
 18.797346 16.702427 15.539309 0.9303623 0.8885525 8.14199 9.090909
 25.525717 23.032028 21.033968 0.9132486 0.90230685 7.1405687 3.409091
 24.008879 22.863472 19.239706 0.84150416 0.9522923 8.650306 12.5
 21.845436 21.409382 17.949545 0.8383962 0.9800391 7.780482 3.409091
 22.58003 21.125294 19.251766 0.9113135 0.93557423 8.141255 4.5454545
 22.5394 22.528193 20.637629 0.9160801 0.9995027 9.274239 1.1363636
 23.545107 21.766872 19.492834 0.89552754 0.92447543 7.6340218 5.681818
 3.4774427 1.1712035 0.48852342 0.41711232 0.33680025 4.50311 16.25
 22.483883 22.549923 20.7656 0.92087233 1.0029372 9.624649 5.681818
 20.776743 21.338495 17.920748 0.8398318 1.0270376 7.428174 9.090909
 20.588247 21.445042 19.947123 0.93015075 1.0416157 8.417618 7.9545455
 2.9152858 1.5671695 1.3426023 0.8567052 0.5375698 8.972924 16.666666
 21.385603 18.728117 16.295315 0.8700989 0.8757348 7.3988056 5.681818
 25.220026 22.564722 19.456697 0.8622618 0.8947145 7.959779 6.818182
 24.137547 21.437483 19.016314 0.88705903 0.8881385 8.969165 3.409091
 9.8043 8.502352 6.358207 0.74781746 0.8672064 7.3248963 6.818182
 8.270391 5.9686246 5.4702997 0.9165093 0.7216858 6.981349 14.772727
 11.638609 3.1470509 0.98077595 0.31164923 0.2703975 2.2732143 18.181818
 10.796191 8.572691 7.2676477 0.8477673 0.7940478 7.8080664 17.045454
 18.52386 18.455683 15.633426 0.8470793 0.9963194 8.737477 5.681818
 5.798707 3.6972675 3.19661 0.8645871 0.6376021 8.357466 17.045454
 29.76731 21.360674 14.446277 0.67630243 0.71758837 5.515879 10.227273
 22.370989 18.778803 14.397837 0.7667068 0.8394266 4.548809 7.142857
 15.744989 13.572257 10.856298 0.7998889 0.8620049 7.92692 5.952381
 20.564533 20.167768 19.076338 0.94588244 0.9807064 7.6549277 6.818182
 18.260523 17.59327 15.857606 0.901345 0.96345925 5.4517803 4.1666665
 108.676254 111.15546 103.90922 0.93480986 1.0228127 8.410137 4.5454545
 28.595295 19.611767 13.647059 0.6958608 0.68583894 5.3361316 6.818182
 32.791393 26.881962 22.74491 0.846103 0.8197871 7.5539036 9.090909
 7.14996 2.676595 1.1679358 0.4363514 0.37435105 1.620159 18.75
 20.93363 21.722511 20.431622 0.94057363 1.0376849 7.735279 7.9545455
 45.24071 46.073048 43.21274 0.937918 1.0183979 9.482056 7.9545455
 26.190428 27.103844 22.3001 0.8227652 1.034876 6.6379066 4.5454545
 13.380113 6.5691566 5.2723985 0.80259895 0.49096423 7.099475 15.909091
 32.930298 34.26954 33.12008 0.96645826 1.040669 8.456038 8.333333
 18.698624 19.956512 18.620777 0.93306774 1.0672717 8.275664 5.5555553
 160.32855 174.36452 161.37407 0.92549825 1.087545 5.0564213 1.7857143
 172.65558 161.44649 58.63515 0.3631863 0.9350783 2.7249365 5.0
 155.86621 171.30415 161.96494 0.94548166 1.0990462 7.0869846 1.3888888
 155.4214 172.50781 162.75514 0.94346535 1.109936 6.0886936 1.5625
 146.16046 158.5304 145.87563 0.9201744 1.0846325 7.1833997 4.1666665
 147.39761 162.43097 154.03015 0.9482807 1.1019918 7.177166 0.0
 148.87279 165.48305 157.05392 0.94906354 1.1115735 7.1810384 1.3888888
 135.26804 149.28175 141.88986 0.9504836 1.1035995 7.1809816 1.3888888
 147.3212 158.93567 149.655 0.94160736 1.0788378 7.13755 1.3888888
 147.12909 163.9525 155.91316 0.9509654 1.1143446 7.194554 1.3888888
 150.57083 167.98334 159.04112 0.94676733 1.1156433 7.1434174 4.1666665
 157.82915 159.57999 129.43329 0.81108725 1.0110933 6.550379 1.4705882
 29.541275 26.320414 24.438074 0.92848366 0.89097077 7.4093604 9.722222
 154.24411 170.46698 161.64525 0.9482496 1.1051767 7.1572323 1.3888888
 155.00269 170.28783 158.73442 0.9321537 1.0986121 5.038602 0.0
 146.30122 162.72856 154.48415 0.94933647 1.1122843 7.019639 1.3888888
 36.742466 38.43051 36.69739 0.9549025 1.0459425 6.96565 5.5555553
 132.87625 144.23349 135.89174 0.94216496 1.0854723 7.4565687 1.3888888
 150.35837 148.36818 109.56656 0.73847747 0.9867638 4.9641223 8.928572
 156.40875 171.56409 152.27258 0.8875552 1.0968957 7.018806 1.3888888
 125.25734 136.50465 123.61301 0.9055589 1.0897937 7.1629 2.7777777
 151.29266 168.87268 158.6225 0.93930227 1.1161988 7.166628 1.3888888
 177.9948 192.70662 176.62592 0.9165534 1.0826532 5.1499395 7.142857
 161.45938 179.7088 170.4544 0.9485034 1.1130279 7.179797 1.3888888
 149.92201 164.46169 155.54524 0.9457841 1.0969816 7.1651692 1.3888888
 154.09471 172.18565 163.27779 0.94826597 1.1174015 7.1087427 0.0
 151.49257 169.02084 160.17282 0.9476513 1.1157038 7.2768345 1.3888888
 142.68407 158.8511 151.2317 0.9520344 1.1133065 7.180782 1.3888888
 155.94739 173.49231 160.42116 0.9246586 1.1125053 4.929331 1.7857143
 138.12921 151.54091 142.13966 0.9379623 1.0970953 7.1548486 5.5555553
 154.67426 171.78091 161.64986 0.94102335 1.110598 6.075551 1.5625
 149.6225 166.90544 157.52194 0.9437795 1.1155103 7.243436 0.0
 152.28517 169.6113 161.19984 0.9504075 1.1137742 7.152701 1.3888888
 158.51671 174.27034 158.9717 0.91221315 1.0993814 5.0073323 1.7857143
 148.64786 162.05331 148.70003 0.9175995 1.0901825 4.9908423 1.7857143
 153.78067 174.81795 160.27219 0.9167948 1.1368005 4.0311937 2.0833333
 127.867676 128.44884 115.82543 0.9017243 1.004545 7.025393 5.5555553
 153.91278 169.89551 153.5937 0.904048 1.1038427 6.5569277 1.4705882
 154.45827 173.94144 160.67007 0.9237022 1.1261387 6.113465 1.5625
 24.636297 18.31957 11.512912 0.6284488 0.7436008 5.8521066 10.0
 163.56216 165.31987 145.1894 0.8782332 1.0107465 4.7351384 1.9230769
 1.0 81.13109 86.04439 78.07809 0.90741634 1.06056 558.06024 5.9730225 85.0
