 18.005653 17.579313 16.51672 0.93955433 0.9763219 9.2802305 10.227273
 11.666222 10.056171 9.4450245 0.9392267 0.8619904 8.73491 11.363636
 14.18224 13.372875 12.425403 0.9291497 0.9429311 8.638228 15.909091
 26.655289 26.755913 25.53624 0.9544148 1.003775 9.240007 7.9545455
 8.838387 5.21305 4.420104 0.84789217 0.5898192 7.4615846 14.772727
 21.729582 18.747776 17.646715 0.94126976 0.8627767 8.994476 12.5
 18.434944 18.230928 17.296717 0.94875675 0.98893315 9.447897 5.681818
 11.726516 9.188423 8.501067 0.92519325 0.78355956 8.96795 19.318182
 8.791043 3.5906827 2.8178403 0.7847645 0.40844786 7.126128 17.045454
 11.270735 6.687756 5.764304 0.86191905 0.59337354 8.569438 17.045454
 8.670774 5.141848 4.0799236 0.7934742 0.5930091 8.4502735 17.045454
 9.6463785 9.708356 9.086742 0.9359713 1.0064249 9.326941 5.681818
 13.392603 11.323092 10.533662 0.9302814 0.8454736 9.058255 12.5
 11.195349 7.167331 6.6626177 0.9295814 0.64020616 8.643823 15.909091
 67.963615 61.772614 57.977547 0.93856394 0.9089071 9.124108 13.636364
 8.961128 3.9902525 2.679905 0.67161286 0.44528463 6.7819195 17.045454
 22.96148 23.323483 22.193096 0.95153445 1.0157657 9.0880165 7.9545455
 18.206034 17.555387 16.609556 0.94612306 0.96426207 9.145194 4.5454545
 14.27647 13.044241 12.080494 0.926117 0.9136881 10.025237 9.090909
 13.671005 8.732168 8.167774 0.93536615 0.6387363 9.018822 17.045454
 4.173132 1.0813894 0.19049117 0.17615409 0.25913137 1.8957357 14.772727
 12.730707 11.521463 10.806761 0.93796766 0.9050136 10.00481 11.363636
 14.415326 13.137847 11.897657 0.90560174 0.9113805 9.696533 6.818182
 8.725415 2.5482674 1.4242517 0.5589099 0.2920511 5.9309587 14.772727
 5.0045156 2.8019857 2.1950428 0.7833883 0.55989146 8.309732 15.909091
 7.156125 6.735951 6.292213 0.934124 0.94128466 9.2975025 10.227273
 9.892476 6.3340535 2.1213799 0.33491662 0.64029 3.73982 12.5
 99.79276 102.88216 97.60699 0.94872606 1.030958 9.171277 1.1363636
 7.7057567 2.9541018 0.83335155 0.2820998 0.38336298 1.6217774 12.5
 22.271893 21.574228 20.49978 0.95019764 0.96867514 9.277311 13.636364
 30.864141 14.284487 12.408013 0.8686356 0.4628182 8.9414 17.045454
 19.645924 17.733637 16.950714 0.95585096 0.90266246 7.6831264 14.473684
 17.308142 17.329607 16.322454 0.94188267 1.0012401 9.657 11.363636
 15.86749 16.084795 8.148098 0.5065715 1.013695 6.9033422 11.363636
 36.43086 8.487047 4.703687 0.5542195 0.23296314 4.08828 17.045454
 8.467326 6.5266805 5.8474135 0.89592457 0.7708077 7.09381 9.090909
 8.732341 3.9242175 0.8887479 0.22647773 0.44938895 2.896262 13.636364
 20.66612 19.59055 18.616726 0.9502911 0.94795483 9.348789 9.090909
 105.9862 104.94352 99.220726 0.9454679 0.99016213 9.30373 0.0
 14.635841 13.238783 12.3657055 0.9340515 0.9045454 8.833033 12.5
 9.777517 6.584751 3.0360606 0.46107444 0.6734584 5.192779 13.636364
 20.01053 17.317902 16.12534 0.9311371 0.8654394 9.194762 7.9545455
 26.942091 26.489763 25.050138 0.9456535 0.98321116 9.603337 12.5
 17.625565 16.73972 15.805378 0.9441842 0.9497408 8.93991 11.363636
 18.418966 17.743818 16.568182 0.9337439 0.963345 9.019657 13.636364
 10.971068 11.097013 10.362118 0.93377537 1.0114797 9.487307 9.090909
 11.968712 12.51938 11.922088 0.9522906 1.046009 9.106362 4.5454545
 99.73496 102.46719 97.43932 0.95093197 1.0273949 9.272786 1.1363636
 8.996649 3.8233936 3.0258555 0.7914057 0.42497975 8.031355 14.772727
 9.764079 8.324667 7.6245337 0.91589653 0.85258085 9.308221 10.227273
 8.054962 7.3149166 6.9437275 0.94925594 0.90812546 9.369876 14.285714
 20.966766 19.65829 18.770824 0.9548554 0.93759286 9.461082 5.681818
 10.747739 9.677294 8.911831 0.92090124 0.9004027 9.74883 12.5
 20.939331 19.636328 18.560764 0.9452259 0.93777245 9.348708 7.9545455
 91.380516 92.76884 87.69009 0.9452537 1.0151927 8.754724 10.714286
 11.030819 8.660032 7.9524126 0.918289 0.7850761 8.863585 12.5
 9.493726 5.719257 4.879739 0.85321206 0.60242486 6.522683 15.909091
 46.352505 47.212776 45.07309 0.9546799 1.0185593 9.719413 12.5
 11.816905 11.049071 10.3284025 0.9347756 0.9350224 9.259317 7.9545455
 17.606573 10.585505 8.6238 0.8146801 0.60122454 7.442913 12.5
 6.70445 5.672131 5.3452377 0.9423685 0.8460248 9.640187 13.636364
 13.149148 12.171456 11.426777 0.93881756 0.925646 9.207184 10.227273
 27.25506 27.502644 25.928373 0.9427593 1.009084 6.8880663 6.5789475
 17.808191 15.045942 14.247886 0.94695866 0.84488887 8.98343 14.772727
 9.616158 4.8067565 3.9800098 0.8280032 0.4998625 8.01892 19.318182
 86.23872 82.99025 77.81866 0.93768436 0.9623316 9.085407 10.227273
 32.746075 33.772343 32.063164 0.9493912 1.0313402 9.435618 3.409091
 19.306816 18.216837 17.109478 0.9392123 0.9435443 9.185584 11.363636
 17.765892 15.839084 14.88978 0.94006574 0.8915445 9.213398 17.045454
 17.867699 17.013205 16.174206 0.95068544 0.9521766 9.308292 15.909091
 18.05315 19.289364 18.049574 0.93572676 1.0684763 9.4186945 10.227273
 10.8706 7.9700756 7.2477655 0.9093722 0.7331772 8.811588 14.772727
 97.75321 98.01767 93.486824 0.9537752 1.0027053 9.346327 3.409091
 16.066793 14.986849 14.098655 0.9407351 0.93278414 9.277293 5.681818
 8.601384 7.159385 6.4803224 0.9051507 0.83235264 9.320645 12.5
 28.65765 26.402037 24.077534 0.91195744 0.92129105 8.310716 13.636364
 11.492125 9.844543 9.062019 0.9205119 0.8566339 10.380025 13.636364
 17.550573 16.090538 15.191563 0.9441302 0.91680986 9.413614 12.5
 109.44231 89.193115 83.5315 0.93652403 0.81497836 9.33449 15.909091
 9.946034 9.737436 9.243459 0.9492702 0.9790271 9.100954 11.363636
 13.734959 12.388913 11.6614485 0.94128096 0.9019985 9.334016 9.090909
 7.2154546 4.6451774 4.146903 0.89273304 0.64378166 8.106377 17.045454
 17.69126 16.9486 15.92691 0.9397183 0.9580212 8.755005 12.5
 8.178347 6.5095115 5.8417745 0.89742136 0.79594463 9.1457 10.227273
 26.148186 26.287344 24.70259 0.93971425 1.0053219 9.263143 3.409091
 11.6489315 9.841287 9.309679 0.945982 0.8448231 9.18753 13.636364
 21.066767 16.24825 14.84801 0.9138222 0.771274 8.666695 11.363636
 16.025642 15.6467705 14.878226 0.9508816 0.97635835 9.397557 6.818182
 2.3515093 0.84754944 0.27024385 0.3188532 0.36042783 2.1914957 15.909091
 4.195402 1.0395336 0.5040513 0.48488218 0.24777925 4.025283 15.0
 11.217619 7.8285823 7.055955 0.90130687 0.6978827 9.261278 9.090909
 57.509743 34.222374 30.931196 0.9038297 0.5950709 8.706064 13.636364
 12.362672 11.939429 11.446899 0.9587476 0.96576446 9.641723 9.090909
 7.41075 5.1299295 4.3547153 0.8488841 0.69222814 8.809077 14.772727
 7.29246 3.26566 2.664892 0.81603473 0.4478132 8.350387 13.636364
 9.930544 5.8169317 5.341685 0.9182994 0.5857616 8.730993 15.909091
 7.3694253 4.3604703 4.0395083 0.9263929 0.59169745 8.222456 12.5
 40.389782 40.493626 38.474693 0.95014197 1.002571 9.480224 12.5
 21.241812 20.124712 19.226118 0.9553487 0.9474103 9.153579 14.772727
 8.162372 8.068459 7.7575297 0.9614637 0.9884944 8.843379 7.9545455
 9.772028 4.53859 3.8618116 0.8508836 0.46444708 7.821735 18.181818
 19.347683 19.533895 18.566126 0.950457 1.0096246 9.300598 3.409091
 12.221574 10.715131 9.884551 0.92248535 0.876739 9.619019 13.636364
 25.50887 25.56969 24.534475 0.95951396 1.0023843 9.430814 4.5454545
 11.84194 7.305623 6.1856823 0.84670156 0.6169279 8.590577 17.045454
 8.585687 8.757051 8.259468 0.94317913 1.0199592 9.4255295 10.227273
 48.265404 52.305344 49.191418 0.9404664 1.0837026 10.221283 6.818182
 17.568096 14.018377 12.895945 0.91993135 0.79794514 8.006129 6.5789475
 11.108523 10.444335 10.021483 0.9595138 0.9402091 8.122493 10.526316
 25.019535 26.946827 25.740276 0.95522475 1.0770315 7.714384 12.5
 91.17163 88.16081 83.05491 0.9420842 0.9669764 6.826809 3.125
 103.16189 85.147354 77.250854 0.90726084 0.8253761 7.00293 17.647058
 18.58221 12.979063 11.7186165 0.9028861 0.69846714 4.231963 15.625
 103.72588 106.784065 94.39434 0.883974 1.0294833 6.372892 1.5625
 3.507461 2.438058 1.4622567 0.5997629 0.6951062 6.178561 15.0
 15.23619 16.176355 14.31705 0.8850603 1.0617061 6.169961 12.5
 11.999105 9.814245 8.731072 0.88963264 0.8179148 6.016308 12.5
 15.385272 15.972416 14.100105 0.88277847 1.0381627 6.457157 7.8125
 95.53222 61.57857 51.78823 0.8410106 0.64458436 5.3410745 13.333333
 21.42329 18.535618 16.317041 0.8803073 0.86520875 3.8358817 6.25
 1.0 23.752651 21.01152 19.329891 0.9199663 0.8845969 179.71016 11.472459 120.0
