 125.20119 124.2706 117.30509 0.94394886 0.99256724 8.929256 4.5454545
 90.57397 92.091095 82.68776 0.8978909 1.0167501 4.546104 5.769231
 43.231388 44.91243 40.606876 0.90413445 1.0388848 5.625495 1.6666666
 110.54501 110.07815 103.7329 0.94235694 0.9957767 8.789472 3.409091
 118.733604 119.842255 113.578926 0.9477369 1.0093373 8.78982 12.5
 107.63727 105.48594 97.89763 0.92806333 0.9800132 8.182134 2.5
 104.54316 97.67396 90.9756 0.9314212 0.93429315 8.817231 14.772727
 98.61207 101.362946 91.7541 0.9052035 1.027896 5.5294156 5.0
 8.493951 7.696999 3.2198718 0.4183282 0.90617424 3.1344543 12.5
 17.71542 17.15058 15.274415 0.89060634 0.96811587 9.002511 9.090909
 88.75103 86.62159 80.69799 0.93161523 0.97600657 8.182094 3.75
 108.065575 105.742455 96.63403 0.91386217 0.9785027 8.66859 0.0
 94.48744 100.985 93.27371 0.92363924 1.0687664 6.5518637 0.0
 85.959465 85.972336 77.909096 0.9062112 1.0001497 5.5750813 3.3333333
 88.75548 88.02673 82.95576 0.94239277 0.9917893 8.849428 7.9545455
 92.31295 92.85548 87.248375 0.9396147 1.005877 8.810141 6.818182
 85.70183 83.62183 75.01207 0.89703923 0.9757299 5.609999 5.0
 111.74134 111.44716 103.11616 0.9252471 0.9973673 8.751608 5.681818
 125.45679 120.00372 112.643875 0.93866986 0.9565344 8.708068 10.227273
 122.41414 123.57501 115.84478 0.937445 1.0094832 7.892761 5.0
 88.17728 86.52675 79.50693 0.9188711 0.98128176 6.754537 7.352941
 18.984917 16.344963 14.778282 0.904149 0.8609447 9.294611 13.636364
 109.50354 108.73357 103.047646 0.9477078 0.99296856 8.667535 5.681818
 93.12104 84.211 38.60088 0.45838284 0.9043177 4.3428435 11.764706
 14.600128 13.590601 11.19383 0.82364494 0.93085486 9.727226 14.772727
 91.51451 86.813194 81.85051 0.9428349 0.94862765 8.766255 6.818182
 105.056244 78.36696 24.785875 0.31627968 0.7459524 3.3900943 15.909091
 92.59452 94.9627 87.03313 0.91649806 1.0255759 6.728952 1.4705882
 8.720818 4.424886 2.7561133 0.6228665 0.5073935 5.266918 16.071428
 108.48519 112.19382 105.903824 0.94393635 1.0341855 8.771398 7.9545455
 90.01126 87.27454 80.07847 0.91754663 0.9695959 7.611764 3.9473684
 96.19453 95.0722 86.03237 0.90491617 0.98833275 5.6121035 16.666666
 14.340895 12.794994 10.527821 0.8228078 0.89220333 8.710954 11.363636
 97.549644 94.97869 86.259674 0.9082003 0.9736447 6.0027733 4.6875
 114.682045 113.30925 106.417786 0.93918 0.98802954 8.644505 10.227273
 17.248964 15.66549 13.487366 0.86096036 0.9081989 9.593798 10.227273
 94.14335 92.88593 87.642746 0.94355243 0.9866436 8.159232 1.1363636
 22.322449 21.992146 20.636791 0.93837106 0.985203 8.847106 3.409091
 107.07936 105.004715 97.146515 0.9251633 0.9806252 8.5823555 4.5454545
 117.53231 114.84253 107.54651 0.9364694 0.97711456 9.092248 12.5
 76.04156 72.881874 67.9911 0.93289447 0.95844793 8.498733 9.090909
 97.411026 95.952934 88.432396 0.9216226 0.9850316 7.097849 1.3888888
 97.60957 98.76449 92.56898 0.9372698 1.011832 8.642762 0.0
 19.515867 13.139286 11.473219 0.8731996 0.6732617 8.082505 12.5
 15.014949 10.269032 9.0124 0.877629 0.6839205 9.286989 14.772727
 96.39283 95.458015 87.43664 0.9159696 0.99030197 8.43272 1.1363636
 115.40094 116.8977 109.916405 0.94027865 1.0129701 8.53621 3.409091
 124.66184 122.80774 115.8732 0.94353336 0.9851269 8.753779 6.818182
 16.673079 15.460597 14.1048565 0.91230994 0.9272791 7.717806 5.952381
 75.93222 76.8532 72.526306 0.9436992 1.0121291 8.574717 7.9545455
 91.21218 89.696495 82.56352 0.9204766 0.9833829 8.695578 10.227273
 97.70391 96.10306 89.29428 0.9291513 0.9836153 7.112674 12.5
 87.72432 89.013275 81.810936 0.91908693 1.0146933 6.6812053 4.4117646
 119.92503 119.46351 111.758415 0.9355025 0.99615157 8.14063 6.25
 111.95398 109.61942 103.44776 0.9436992 0.9791472 8.646403 7.9545455
 98.696205 100.57273 89.5329 0.8902303 1.0190132 4.4856076 9.615385
 122.37801 122.12778 114.996765 0.9416103 0.9979552 8.694844 2.2727273
 90.9547 88.72264 83.09555 0.93657666 0.97545964 8.778251 5.681818
 86.56911 85.57255 80.702805 0.9430922 0.98848826 8.477987 5.681818
 95.73694 95.25181 89.89171 0.9437271 0.9949326 8.913936 1.1363636
 103.66586 97.030235 90.09444 0.9285192 0.9359902 8.739102 13.636364
 83.73963 82.49906 76.40875 0.9261772 0.98518544 7.768413 3.9473684
 106.577446 106.693436 101.37193 0.95012337 1.0010884 8.661821 12.5
 107.8032 108.67536 102.79704 0.9459094 1.0080904 8.789814 5.681818
 106.656204 103.476654 96.332016 0.93095404 0.9701888 8.461135 13.095238
 98.990845 97.779495 92.437706 0.945369 0.98776305 8.487742 5.681818
 99.399414 82.54527 75.11438 0.909978 0.8304402 6.557727 13.235294
 99.9867 96.1356 90.2693 0.9389789 0.9614839 8.743219 12.5
 98.580444 97.59602 91.18395 0.9342999 0.9900141 8.982627 10.227273
 46.607075 38.391872 32.977585 0.858973 0.8237348 8.287486 10.227273
 106.066475 106.77281 98.68962 0.9242954 1.0066594 8.862222 6.818182
 110.40693 105.09589 98.85941 0.9406593 0.9518957 8.830265 9.090909
 79.798096 58.82274 53.997646 0.9179723 0.73714465 8.6118965 17.045454
 113.7968 109.72337 102.08189 0.9303568 0.96420443 8.810707 13.636364
 109.669235 107.13867 98.80908 0.9222542 0.9769255 8.801764 7.9545455
 110.74097 107.65027 101.07023 0.9388758 0.9720907 8.81111 15.909091
 109.442055 105.51418 98.00763 0.9288574 0.96411 8.646589 10.227273
 106.81887 104.99142 99.22846 0.9451102 0.9828921 8.5927305 5.681818
 84.63742 86.15689 82.099655 0.9529087 1.0179527 8.277892 5.681818
 113.25378 112.47649 104.295395 0.927264 0.9931367 8.684537 5.681818
 13.767774 11.803463 10.772008 0.9126142 0.8573255 7.1442394 11.363636
 41.48424 37.092346 33.91162 0.91424847 0.894131 5.497783 6.6666665
 11.175964 8.35998 7.159614 0.85641533 0.74803203 10.288982 16.666666
 12.722219 8.255426 4.9560895 0.6003433 0.6488983 5.509503 12.5
 104.504974 102.397125 96.648 0.94385463 0.9798302 8.662725 5.681818
 34.576176 18.943714 12.176929 0.64279526 0.54788345 8.180776 15.0
 111.19005 108.549355 101.455 0.9346439 0.97625065 8.476051 7.9545455
 105.803406 108.585884 98.402275 0.906216 1.0262986 5.560221 10.0
 101.75074 100.34485 92.45824 0.9214049 0.986183 8.546869 5.681818
 113.94625 116.24647 109.91703 0.9455516 1.0201869 8.7297945 7.9545455
 93.173134 65.0979 59.743023 0.9177411 0.69867676 8.553768 14.772727
 14.109265 15.086965 13.641903 0.90421784 1.0692948 7.801881 13.636364
 107.061035 105.45303 96.19341 0.91219205 0.98498046 8.524349 5.681818
 90.52983 86.04158 79.31631 0.9218369 0.95042247 8.002777 3.75
 103.15475 100.901215 93.20445 0.9237198 0.97815394 8.730841 5.681818
 106.676796 101.80022 94.35754 0.9268893 0.95428646 8.756681 6.818182
 90.97346 86.23438 80.36651 0.9319543 0.9479071 7.451304 11.842105
 111.73904 109.39125 101.25794 0.92564934 0.9789887 8.629838 6.818182
 105.66939 104.24052 96.234055 0.92319244 0.9864779 8.592127 9.090909
 95.68651 88.65831 81.449814 0.9186935 0.9265498 7.158735 11.111111
 83.37194 82.777374 78.193436 0.94462323 0.99286854 8.902924 12.5
 97.52592 91.51099 84.16096 0.9196815 0.93832475 8.866656 12.5
 94.82243 99.17158 89.8611 0.90611744 1.0458663 5.057743 5.357143
 29.960245 23.433046 18.220888 0.77757233 0.782138 5.7432084 11.363636
 110.12056 106.87824 99.353806 0.9295981 0.9705566 8.704902 7.9545455
 96.9364 90.647606 84.69296 0.93431 0.9351245 8.955582 12.5
 97.7963 99.80153 92.123146 0.92306346 1.0205041 8.28107 10.0
 93.61736 92.44486 86.89616 0.9399782 0.98747563 8.466399 7.9545455
 109.36317 105.537575 98.06401 0.92918575 0.96501935 8.663366 9.090909
 92.876396 87.93861 81.888016 0.9311953 0.94683486 8.692071 11.363636
 112.832436 111.68077 102.39673 0.9168698 0.9897931 8.693073 3.409091
 86.39562 81.45876 76.445175 0.9384525 0.9428575 8.544875 5.681818
 106.77631 104.68568 94.55355 0.9032138 0.98042035 8.667539 7.9545455
 83.57436 84.90769 76.164246 0.8970241 1.0159538 5.139673 8.928572
 110.07692 105.81113 97.5289 0.9217263 0.9612472 8.7919235 9.090909
 16.858076 15.666664 14.532828 0.9276275 0.92932695 9.234575 12.5
 104.56091 104.56297 97.16817 0.92927897 1.0000197 8.64234 13.636364
 96.50755 104.4251 98.42125 0.94250566 1.0820408 9.081363 5.681818
 122.62056 125.24957 116.49775 0.93012494 1.0214401 8.682662 5.681818
 87.19825 71.46341 66.65305 0.9326878 0.81955093 8.877823 15.909091
 109.72002 110.334366 104.13793 0.94383943 1.0055993 8.679504 1.1363636
 97.14599 95.077385 87.08752 0.9159646 0.97870624 8.594895 5.681818
 106.06852 102.715034 94.47887 0.91981536 0.9683838 8.679923 9.090909
 18.325144 16.151325 13.948709 0.86362624 0.88137513 9.717578 11.363636
 106.486336 108.84844 102.156525 0.9385208 1.0221822 9.084891 4.5454545
 11.594868 10.70886 9.586654 0.8952077 0.92358625 8.489927 9.090909
 104.49336 99.94201 91.50472 0.9155782 0.9564436 7.0711546 6.9444447
 105.75001 106.54266 95.26422 0.89414155 1.0074955 4.460292 1.9230769
 89.917114 87.6036 82.370445 0.9402632 0.97427064 8.730694 13.636364
 107.54339 102.1324 95.21819 0.9323015 0.9496855 8.56115 15.909091
 18.910583 19.954893 18.599562 0.9320802 1.0552236 8.578301 12.5
 11.247663 5.7516313 2.7126234 0.4716268 0.5113623 3.645946 18.181818
 1.4150717 0.2956152 0.03415817 0.11554943 0.20890476 1.2747236 21.875
 1.7698759 0.43307722 0.053310923 0.12309796 0.24469356 0.96495265 22.368422
 7.2383847 5.3847413 4.538933 0.8429249 0.7439148 9.593818 13.636364
 15.090872 12.79453 11.105479 0.86798656 0.8478324 10.765242 11.363636
 98.978806 95.16868 88.45577 0.9294631 0.9615056 8.81931 10.227273
 100.80845 102.55302 92.838974 0.90527785 1.0173057 5.5570407 10.0
 85.99167 83.483734 77.65716 0.9302071 0.9708351 8.802682 11.363636
 98.21192 91.275505 79.75733 0.87380874 0.92937297 3.97915 8.333333
 23.461021 22.735899 17.52212 0.7706807 0.9690924 8.996711 5.263158
 77.35125 69.769424 64.83494 0.9292743 0.9019819 8.604587 13.636364
 91.097115 92.90742 82.967834 0.8930163 1.0198722 4.4707074 9.615385
 97.614456 93.450615 87.875534 0.94034195 0.957344 8.295779 12.5
 95.2244 99.487045 92.91677 0.93395853 1.0447642 7.3654633 4.1666665
 22.210617 7.3104887 2.1949704 0.30024946 0.32914388 3.1452568 15.476191
 120.60056 122.435875 115.607155 0.94422615 1.0152181 8.436198 2.3809524
 94.10458 93.58855 87.389305 0.9337607 0.99451625 8.447488 3.5714285
 108.553764 110.24439 103.70954 0.940724 1.0155741 8.54623 3.5714285
 96.74588 95.79819 90.24081 0.94198865 0.99020433 8.418402 10.714286
 101.789154 97.29879 90.82823 0.9334981 0.95588565 8.212404 2.3809524
 101.70573 96.93387 90.10069 0.92950684 0.95308167 7.241414 6.9444447
 62.118942 37.92111 35.127747 0.9263376 0.6104597 7.582152 13.095238
 108.26305 109.76398 102.67122 0.93538165 1.0138638 7.7265615 2.5
 87.89701 89.31631 82.11921 0.91942006 1.0161473 7.5595374 5.0
 91.93512 90.92164 84.930336 0.93410474 0.9889761 7.633088 11.25
 39.490818 36.933353 33.8061 0.9153271 0.93523896 7.2108965 3.75
 102.22354 101.64129 93.61417 0.921025 0.99430406 7.689034 3.75
 102.05131 103.782524 93.45121 0.9004523 1.0169642 6.08371 1.5625
 116.95849 115.07594 101.46093 0.88168675 0.9839041 4.9788294 10.714286
 8.980043 6.9239726 6.182996 0.8929839 0.77104 6.3244834 9.210526
 103.63246 101.74046 91.669235 0.9010106 0.9817432 4.1285815 2.0833333
 107.46704 104.93906 98.14761 0.935282 0.97647667 6.7017703 8.333333
 18.209738 14.311719 13.295638 0.9290036 0.78593767 5.909 16.666666
 106.14829 101.591675 95.79327 0.9429243 0.95707315 6.69843 4.1666665
 86.96594 79.00712 74.03278 0.93703943 0.9084834 6.8276024 11.111111
 101.257866 94.62396 88.45147 0.93476814 0.9344851 6.8581815 1.3888888
 124.85507 122.98781 115.297455 0.9374706 0.9850446 6.854538 6.9444447
 110.71452 103.85243 97.41885 0.9380508 0.93801993 6.80766 6.9444447
 86.918015 88.149216 79.007835 0.89629656 1.014165 4.1216674 12.5
 95.9617 77.88232 66.54233 0.8543958 0.811598 4.7640233 7.142857
 116.86903 108.61402 98.34196 0.90542597 0.9293653 6.2783666 10.294118
 95.689285 89.520935 82.7896 0.9248071 0.9355377 6.0720305 1.4705882
 102.56901 94.67382 85.85522 0.9068528 0.9230256 5.525371 12.5
 120.69518 113.40986 103.11609 0.9092339 0.9396387 5.5734262 1.5625
 98.0757 93.80161 85.519646 0.91170764 0.9564206 5.674459 10.9375
 100.177826 94.51738 85.71831 0.90690523 0.94349605 5.4536576 0.0
 92.9606 81.33162 72.77106 0.894745 0.87490416 5.00533 3.3333333
 114.56786 104.215546 94.14578 0.9033756 0.9096403 5.189501 5.0
 92.27282 83.149796 77.47936 0.9318046 0.9011299 5.2886133 10.0
 109.364746 105.94922 96.65225 0.9122507 0.96876943 5.218464 10.0
 111.24924 106.84673 98.744194 0.92416674 0.9604267 5.1852303 6.6666665
 110.39413 109.97177 102.45723 0.93166846 0.9961741 5.2476525 1.6666666
 101.26265 96.326744 88.68977 0.920718 0.9512564 5.2423615 8.333333
 120.45068 119.538055 108.54595 0.9080451 0.99242324 4.543536 0.0
 110.67552 110.074776 101.585594 0.922878 0.99457204 5.236144 6.6666665
 118.290215 112.71018 104.61508 0.9281778 0.9528276 5.2469926 0.0
 111.32599 103.44794 93.10217 0.8999906 0.9292344 4.080626 2.0833333
 124.83415 122.50161 113.76274 0.9286632 0.9813149 5.2584724 6.6666665
 88.18406 82.15757 73.5388 0.89509463 0.9316602 4.0548 2.0833333
 108.60237 107.11553 97.82705 0.91328543 0.98630935 4.5778933 5.769231
 72.57695 66.599525 60.973682 0.9155273 0.91764015 4.3899455 7.6923075
 97.531296 92.93725 86.28559 0.92842853 0.9528967 5.199413 6.6666665
 100.063705 91.863014 85.86281 0.93468314 0.9180453 5.2154083 13.333333
 97.35715 89.63597 81.20283 0.9059179 0.92069227 5.3337255 8.333333
 116.15212 114.482506 106.53721 0.93059814 0.9856256 5.2054377 3.3333333
 89.93081 88.11473 81.45639 0.92443556 0.9798058 5.223512 6.6666665
 112.68314 111.12038 103.887695 0.9349113 0.9861313 5.234581 5.0
 98.32545 90.90437 81.61578 0.89782023 0.9245254 4.540955 8.928572
 92.92639 90.10099 81.14545 0.9006055 0.96959525 4.541461 3.5714285
 19.593374 18.897976 13.519666 0.71540284 0.96450853 5.5600896 12.5
 22.209646 18.148445 16.516302 0.9100671 0.8171424 5.3128915 10.714286
 97.28154 92.771736 84.63462 0.91228884 0.9536417 4.4477572 8.928572
 1.6666183 0.25336108 0.08573864 0.33840495 0.15202105 1.3401148 14.583333
 102.91471 99.50275 90.12413 0.9057451 0.9668467 4.045548 7.6923075
 115.27249 115.30941 104.915634 0.90986186 1.0003202 3.7236295 2.0833333
 107.94621 104.716286 95.182884 0.9089597 0.97007835 3.7582927 6.25
 94.42858 88.44608 79.88888 0.9032495 0.9366452 3.7036815 12.5
 15.157963 9.563658 8.353691 0.8734828 0.6309329 2.6268098 10.416667
 116.231964 118.37619 108.561295 0.91708726 1.0184479 3.6676495 2.0833333
 107.63631 107.7407 98.19182 0.9113717 1.0009699 3.7262287 2.0833333
 100.43634 100.69415 91.4838 0.90853137 1.0025669 3.77418 2.0833333
 110.997 106.39357 96.11684 0.9034083 0.9585265 3.7177548 2.0833333
 113.022545 105.085594 95.03795 0.90438604 0.92977554 3.7321088 6.25
 1.0 86.9556 83.94742 76.98669 0.9170822 0.9654056 600.83685 8.041713 214.0
