 7.352083 3.3293467 0.80151135 0.24074134 0.452844 2.5199766 13.636364
 10.950261 9.329198 8.724053 0.93513435 0.8519612 8.487755 15.909091
 36.162334 32.562744 30.223986 0.9281768 0.90046024 9.052431 5.681818
 77.74463 71.39367 66.88518 0.93685025 0.91831 8.459509 10.227273
 20.613543 19.937508 18.645967 0.9352206 0.96720433 9.31046 10.227273
 12.777105 10.383067 9.487147 0.9137134 0.81263065 9.174811 12.5
 22.85511 21.320162 20.056995 0.9407525 0.93284005 8.854213 13.636364
 26.625084 23.59899 22.15649 0.9388746 0.88634425 8.933415 9.090909
 57.81087 52.784725 49.31048 0.93418086 0.9130588 8.432162 3.409091
 9.45584 8.517332 7.985284 0.93753344 0.9007484 8.377187 7.9545455
 27.492987 24.833094 23.701714 0.9544406 0.9032519 7.879606 10.227273
 11.637952 7.664851 7.0010085 0.91339135 0.65860826 7.7588005 14.772727
 41.581413 32.364506 29.749002 0.91918606 0.77834064 8.784681 13.636364
 119.876335 79.62041 73.17556 0.91905534 0.6641879 8.435673 14.772727
 18.724031 17.830256 16.786182 0.94144374 0.9522658 8.614852 13.636364
 89.01209 72.83164 67.762375 0.93039745 0.8182218 8.502946 14.772727
 113.121666 91.61163 85.19988 0.9300117 0.8098504 8.462943 13.636364
 10.603978 8.229143 7.7708855 0.9443129 0.776043 8.424973 12.5
 31.794218 29.692694 27.612333 0.92993695 0.9339023 8.231688 12.5
 60.10565 58.665047 55.36453 0.9437396 0.9760321 8.660745 11.363636
 12.9776325 8.378837 7.4097605 0.8843424 0.6456368 8.00169 18.181818
 14.087334 12.094019 10.8667755 0.8985247 0.85850304 8.8517 13.636364
 89.38736 62.927864 55.68666 0.8849285 0.70399064 8.168885 17.045454
 12.561292 9.41106 8.452729 0.8981697 0.7492112 7.766536 14.772727
 16.521503 13.167063 12.2020035 0.92670655 0.7969652 8.285096 14.772727
 9.084495 5.412431 4.390484 0.81118524 0.5957877 6.4919066 18.181818
 18.937046 14.7868185 13.878127 0.9385472 0.7808408 8.691036 17.045454
 26.794546 22.971638 20.535675 0.8939578 0.85732514 5.1043086 8.333333
 5.4488363 3.389201 3.144763 0.9278774 0.62200457 8.685284 13.636364
 30.001343 29.684092 27.578121 0.9290539 0.9894255 8.648169 3.409091
 8.628703 6.0356073 5.3247447 0.8822218 0.69948024 5.0725665 11.666667
 58.68005 54.88904 51.21424 0.9330504 0.93539524 8.694187 9.090909
 16.329847 15.116214 14.132408 0.93491715 0.9256801 8.604542 4.5454545
 94.23724 58.924683 52.848717 0.8968859 0.62528026 8.1316185 17.045454
 25.09822 20.319168 18.681519 0.91940373 0.80958605 7.675973 17.045454
 6.004334 4.877162 4.4566693 0.9137834 0.81227356 8.246021 14.772727
 94.779205 59.15526 54.19303 0.9161152 0.6241375 8.071212 17.045454
 81.0316 52.856377 49.035736 0.9277166 0.6522933 8.4289875 18.181818
 54.148537 48.704544 45.628548 0.9368437 0.89946187 8.746142 4.5454545
 12.199601 11.257037 10.539961 0.93629974 0.92273813 8.973271 7.9545455
 39.31488 36.064045 33.412174 0.92646784 0.9173128 8.126291 6.818182
 13.695332 11.278079 10.528895 0.93357164 0.8234981 8.552869 12.5
 50.67467 47.94561 44.88794 0.93622625 0.9461455 8.649733 10.227273
 39.594746 38.38637 36.12875 0.9411869 0.9694814 9.372462 2.2727273
 13.524733 8.438961 7.7157254 0.91429806 0.6239651 7.807762 14.772727
 40.709026 37.36436 35.089943 0.9391287 0.9178397 8.512677 13.095238
 79.3243 74.54935 70.26696 0.9425564 0.9398046 8.451693 3.409091
 136.26093 98.71174 91.48682 0.9268079 0.72443175 8.43832 17.045454
 6.4390974 5.915774 5.618093 0.94968015 0.9187272 8.438985 5.681818
 111.86533 88.49733 78.77128 0.8900978 0.7911059 4.8258486 10.714286
 33.607845 33.24087 30.624674 0.92129576 0.9890807 6.868722 6.9444447
 8.866539 6.007288 5.779735 0.96212053 0.67752343 8.265128 10.227273
 33.098026 27.635181 25.395914 0.9189704 0.8349495 9.410331 7.9545455
 10.811892 4.180173 3.6222112 0.8665219 0.38662735 7.5573087 20.454546
 102.457924 92.65528 86.786514 0.9366601 0.90432525 8.447417 11.363636
 27.918776 25.5127 24.268385 0.9512276 0.9138187 8.130723 5.681818
 13.435973 11.141313 10.210168 0.9164241 0.82921517 6.484557 9.722222
 8.667593 4.59891 4.1633306 0.9052863 0.5305868 9.415339 15.909091
 17.43879 13.498485 12.73065 0.9431169 0.77404946 8.912859 11.363636
 10.721207 3.6666603 2.9206262 0.7965358 0.34200072 8.4777775 15.909091
 8.765914 7.060222 6.287638 0.89057225 0.8054177 8.305507 7.9545455
 16.17835 14.249855 11.709501 0.82172775 0.8807978 5.1589236 12.5
 11.173074 8.886361 8.110745 0.9127184 0.7953372 8.651466 15.909091
 52.54541 41.44503 37.783314 0.9116488 0.78874695 8.154053 15.909091
 12.17767 10.535181 9.454839 0.89745384 0.8651229 7.550254 13.636364
 27.793543 25.38691 23.711767 0.9340155 0.9134103 8.969524 9.090909
 96.141785 66.76815 61.55884 0.9219791 0.69447595 8.469851 14.772727
 8.982213 7.3901196 6.7561245 0.91421044 0.82275045 8.06241 13.636364
 23.969154 21.885347 20.328054 0.92884314 0.91306293 8.353419 7.9545455
 13.212698 11.8009205 11.028825 0.9345733 0.8931499 8.692138 7.9545455
 6.580661 2.8544557 2.3098686 0.80921507 0.4337643 7.810855 14.772727
 8.14485 2.3587227 1.870753 0.7931212 0.28959686 6.6682897 18.181818
 95.38639 68.65133 64.29265 0.9365099 0.71971834 8.624532 18.181818
 8.613496 2.8426516 0.74145347 0.26083165 0.330023 2.0950973 14.772727
 3.3654397 0.9743047 0.2661825 0.27320254 0.28950292 1.2683554 13.461538
 50.339184 44.678673 41.571056 0.9304452 0.88755256 8.676157 3.409091
 17.534336 15.495939 14.129163 0.91179776 0.8837483 8.381373 9.090909
 55.886944 51.332806 47.63615 0.92798644 0.91851157 8.8020935 7.9545455
 4.975788 1.4326876 0.53129405 0.37083733 0.2879318 1.8698862 17.105263
 107.267456 85.52418 79.86482 0.9338274 0.79729843 8.538209 13.636364
 1.801951 0.44237697 0.13887016 0.31391814 0.2454989 3.1345973 18.055555
 82.544075 66.38172 61.742573 0.93011403 0.8041973 9.063375 13.636364
 11.040957 5.0555015 3.548425 0.70189375 0.45788616 7.3495526 13.636364
 85.02144 72.65928 67.82696 0.9334934 0.8545995 8.493527 10.227273
 30.769001 26.917402 25.279308 0.93914366 0.8748221 9.211437 14.772727
 16.79608 13.821155 12.959659 0.93766826 0.82287985 8.403599 9.090909
 19.386278 15.120653 14.01236 0.9267033 0.7799668 8.325573 17.045454
 20.646679 18.740517 17.6316 0.9408278 0.90767705 8.732703 11.363636
 1.4078475 0.2917483 0.05741403 0.19679302 0.20723003 1.6098124 25.0
 10.208493 6.7272344 6.322203 0.93979234 0.65898407 8.31634 17.045454
 8.743019 5.611116 5.1140313 0.91141075 0.6417824 7.9794674 12.5
 2.081793 0.4309181 0.15249349 0.35388044 0.20699373 4.4184313 17.857143
 17.932732 14.836718 13.846733 0.93327475 0.82735395 8.616283 9.090909
 15.3792715 9.953659 7.977832 0.8014974 0.6472127 9.4466505 13.636364
 25.882235 23.067469 21.67322 0.93955773 0.8912472 8.55556 11.363636
 15.3131 13.291549 12.334212 0.9279741 0.8679855 8.849928 9.090909
 99.9648 92.912605 83.47735 0.8984502 0.92945325 8.308389 4.5454545
 122.23251 93.70291 87.47619 0.9335483 0.7665956 8.483701 17.045454
 7.679447 6.291544 5.620268 0.89330506 0.81927043 8.328189 14.772727
 66.00151 60.09255 56.52297 0.94059867 0.9104723 8.776937 2.2727273
 11.8065 10.399625 9.733999 0.9359952 0.88083893 8.55537 10.227273
 17.026552 14.463457 13.484643 0.93232507 0.84946483 8.368546 13.636364
 13.659444 9.792267 8.622108 0.8805018 0.71688616 8.095531 12.5
 17.952028 13.666652 12.778846 0.9350385 0.76128733 8.822327 11.363636
 23.75071 21.361275 19.995113 0.93604493 0.89939517 8.46066 5.681818
 23.753653 21.606703 20.46961 0.94737315 0.90961605 8.505393 14.772727
 4.9993854 1.4566532 0.6126112 0.42056075 0.29136646 5.3433185 18.181818
 10.869732 9.886863 9.216528 0.9321995 0.9095774 8.832494 12.5
 60.164383 56.165882 49.314938 0.878023 0.9335404 4.843771 1.7857143
 11.101328 8.873523 8.057361 0.90802276 0.7993209 8.1411915 15.909091
 104.088165 70.31103 61.24452 0.87105143 0.6754949 4.732972 14.285714
 3.1628325 0.690346 0.17387705 0.2518694 0.21826828 2.2779386 15.476191
 17.164232 11.978289 9.704075 0.8101387 0.69786334 4.747662 7.142857
 36.846004 32.305008 29.930813 0.92650694 0.8767573 8.742891 7.9545455
 100.037796 68.53569 63.41009 0.92521274 0.68509793 8.383324 17.045454
 12.5558195 9.680515 9.063332 0.93624467 0.77099836 8.50028 11.363636
 49.384964 42.86073 39.85626 0.9299015 0.86789024 8.303431 7.9545455
 20.994831 19.844131 18.130997 0.9136705 0.94519126 9.017964 14.772727
 106.74134 71.18775 65.433334 0.9191657 0.6669183 8.392924 14.772727
 13.954218 11.197149 10.213733 0.9121726 0.8024204 8.43878 14.772727
 30.179564 27.541403 25.893074 0.94015086 0.9125845 8.858053 9.090909
 27.009453 25.981909 24.737656 0.9521107 0.9619562 8.596637 10.227273
 61.94532 58.977833 55.495937 0.9409626 0.9520951 8.536997 3.409091
 104.922005 84.92706 79.17381 0.9322565 0.8094304 8.440207 13.636364
 8.695738 6.3167443 5.6103454 0.8881704 0.72641844 7.9001765 13.636364
 11.768513 6.638044 5.998923 0.9037185 0.56405115 8.608799 17.045454
 69.05671 62.001064 57.809452 0.9323945 0.8978283 8.837716 7.9545455
 18.068813 15.56104 14.387738 0.92460006 0.8612098 8.578671 15.909091
 15.66397 14.189709 13.361094 0.9416046 0.90588194 8.7368145 10.227273
 12.139075 9.147322 8.674013 0.9482571 0.75354356 8.729929 13.636364
 28.789967 25.657822 23.8788 0.9306636 0.8912071 8.484496 7.9545455
 59.423626 57.1896 53.76782 0.9401678 0.9624051 7.267677 3.9473684
 59.267517 62.026005 55.596584 0.8963431 1.046543 4.1021204 4.1666665
 0.9925373 35.702824 29.026077 26.740599 0.92126125 0.8129911 236.24315 11.969489 134.0
