 133.27658 130.83504 121.23212 0.9266029 0.98168063 6.372266 5.5555553
 105.26504 95.60352 90.42792 0.94586384 0.90821725 7.9546456 10.227273
 131.97266 130.03606 120.29568 0.9250947 0.98532575 5.6788306 6.25
 119.826126 124.7428 119.15877 0.95523566 1.0410317 8.127352 0.0
 113.033394 87.05951 82.23563 0.944591 0.77021056 8.125181 13.636364
 112.88466 113.21988 105.490585 0.931732 1.0029695 6.441296 1.3888888
 4.7827806 2.2744882 1.2243891 0.53831416 0.4755577 6.1585097 16.666666
 129.41878 125.811386 116.462524 0.9256914 0.9721262 5.7198653 3.125
 128.15408 123.44569 113.727356 0.9212745 0.9632598 5.6617484 7.8125
 122.435715 117.62445 108.80549 0.9250244 0.9607038 5.7105823 1.5625
 16.165092 14.740333 12.92298 0.87670887 0.91186196 8.462607 4.5454545
 118.52597 119.01114 104.11087 0.8747994 1.0040933 4.0761437 0.0
 115.676834 112.260826 102.739655 0.9151871 0.97046936 5.7437882 0.0
 104.948875 90.08601 84.02321 0.9326998 0.85838 7.738401 12.5
 117.08249 119.13621 111.52372 0.9361026 1.0175408 7.071511 1.25
 124.79091 121.57815 111.01189 0.91309077 0.97425485 5.6472683 1.5625
 135.30783 130.59645 118.65659 0.9085744 0.96518034 6.365298 2.7777777
 145.35567 141.9333 130.43738 0.91900474 0.97645515 5.6265717 6.25
 124.39201 129.6788 117.935394 0.9094423 1.0425011 7.9998565 1.1363636
 92.42473 81.05733 76.807945 0.94757557 0.87700915 8.137724 14.772727
 127.615616 125.124596 118.327065 0.9456739 0.9804803 8.271098 6.818182
 113.606544 101.72224 96.43028 0.94797647 0.8953907 7.914713 10.227273
 118.89055 122.15767 113.97987 0.9330554 1.0274801 8.253485 2.2727273
 128.00853 123.657425 113.03969 0.9141359 0.9660093 5.702018 1.5625
 128.28607 124.6219 114.05607 0.91521686 0.9714376 5.723417 1.5625
 128.8542 122.104324 115.51834 0.9460627 0.94761616 8.065279 12.5
 119.97786 125.270744 117.937706 0.94146246 1.0441155 8.077004 2.2727273
 135.96718 132.17505 122.32373 0.9254676 0.97211003 5.8126903 1.5625
 127.32669 124.20045 116.80001 0.9404153 0.9754471 6.454358 9.722222
 122.8335 125.54019 115.72551 0.92182034 1.0220355 7.9723277 3.409091
 111.47367 109.51205 101.33278 0.92531174 0.9824028 5.7679415 0.0
 110.52671 96.82425 91.281746 0.94275707 0.8760258 8.232922 12.5
 109.33033 89.871086 85.421326 0.95048726 0.8220142 7.929493 6.818182
 3.2459123 0.9888255 0.42455077 0.42934853 0.30463716 2.3966525 19.117647
 116.54182 114.896126 108.83598 0.94725543 0.985879 7.8924503 9.090909
 97.594986 67.73734 59.709877 0.8814913 0.6940658 4.931478 14.285714
 113.46147 114.7141 109.282425 0.95265025 1.0110402 8.328884 3.409091
 117.83936 115.18232 104.84969 0.9102933 0.977452 5.704141 1.5625
 114.25602 110.248566 104.52265 0.9480636 0.9649257 8.043635 10.227273
 120.98037 94.324455 85.69754 0.90854 0.7796674 5.5502176 10.9375
 99.89453 101.91267 97.357834 0.9553065 1.0202028 8.098212 1.1363636
 123.67719 119.74787 114.215385 0.9537989 0.9682292 8.022178 11.363636
 132.95934 125.7857 115.600685 0.9190288 0.94604635 5.4838977 1.5625
 115.776474 94.983536 89.48688 0.94213045 0.8204044 7.9605975 11.363636
 107.81004 66.31049 62.500397 0.94254154 0.61506784 8.17323 14.772727
 128.38193 95.01378 89.13218 0.9380974 0.7400869 8.120407 13.636364
 130.13486 99.032135 93.760155 0.9467649 0.7609962 8.011721 17.045454
 130.35898 134.84247 128.29108 0.95141447 1.0343934 7.7763724 1.1904762
 111.641594 115.68725 109.62723 0.94761723 1.036238 7.818078 4.5454545
 109.62847 77.35548 72.16779 0.93293715 0.7056148 8.016691 17.045454
 99.48567 100.418465 95.00955 0.9461363 1.0093762 8.026807 2.2727273
 112.75416 112.7677 104.83909 0.9296908 1.0001202 5.731898 4.6875
 115.35999 106.26693 93.37123 0.87864804 0.9211767 4.6201043 5.769231
 121.27227 117.55366 105.24359 0.8952813 0.9693367 5.7122183 1.5625
 119.07745 109.08526 101.19642 0.92768186 0.91608655 5.865798 8.823529
 130.96591 128.21747 118.145515 0.9214463 0.97901404 5.129125 1.6666666
 125.835686 96.97484 90.36755 0.931866 0.7706465 7.903217 14.285714
 118.21088 123.4245 117.922195 0.95541966 1.0441045 7.5903864 1.1904762
 133.56297 134.38226 124.26553 0.9247168 1.0061342 5.2683496 1.6666666
 83.929214 68.66022 63.49741 0.9248065 0.81807286 6.853416 14.473684
 120.431694 127.2304 118.6128 0.9322678 1.0564528 6.757013 1.3157895
 105.02781 108.327934 101.448425 0.9364937 1.0314214 5.8169765 0.0
 121.2445 110.01436 98.376045 0.89421093 0.9073761 4.068393 9.615385
 134.28673 142.64444 134.05688 0.9397974 1.0622379 5.909351 1.4705882
 128.71085 148.02754 137.3783 0.928059 1.1500783 4.5297213 3.8461537
 127.97632 147.87741 134.61705 0.9103287 1.155506 4.166211 2.0833333
 129.36658 142.71765 118.18001 0.8280687 1.1032033 3.710139 2.0833333
 1.0 114.62836 109.057724 101.095436 0.92699015 0.95140266 719.98816 6.2888575 67.0
