 94.161064 95.92774 92.06029 0.95968366 1.0187622 9.205902 1.1363636
 63.361954 45.03762 41.948345 0.93140674 0.71079916 8.978811 13.636364
 27.985708 26.594658 24.965675 0.93874776 0.95029426 9.472084 5.681818
 83.52747 82.73175 78.103676 0.94405925 0.99047357 9.191657 3.409091
 13.084784 12.645922 11.854502 0.937417 0.9664601 9.991253 9.090909
 12.628687 12.570658 12.014601 0.9557655 0.99540496 9.233542 10.227273
 9.118266 8.252514 7.789072 0.9438424 0.9050529 8.98861 10.227273
 11.707316 11.091612 10.694517 0.96419865 0.94740856 8.665653 6.818182
 4.424602 3.0881066 2.8831859 0.93364185 0.69794 8.419283 13.636364
 91.565895 93.43885 89.73956 0.9604095 1.0204546 9.202686 0.0
 10.653537 9.105747 8.639721 0.94882065 0.8547158 8.922648 15.909091
 90.55199 93.32894 87.41988 0.9366857 1.030667 5.5193357 10.0
 77.80638 82.594894 76.434906 0.9254193 1.0615441 7.122595 0.0
 6.0710206 4.4810295 3.900981 0.8705546 0.7381015 7.2311807 18.055555
 1.0 42.617764 41.492146 39.174923 0.9441527 0.9735881 343.96368 8.416306 14.0
