 9.732888 10.423746 10.005038 0.95983136 1.0709817 7.439208 11.842105
 13.449515 12.036488 11.206146 0.9310147 0.89493835 7.1376495 10.0
 14.699372 12.723165 11.316813 0.88946533 0.8655584 7.7834406 11.363636
 4.4961762 1.3256886 0.17335236 0.13076401 0.29484802 1.3616918 20.0
 21.953772 8.77144 5.285824 0.6026176 0.39954138 7.159475 15.909091
 24.043716 21.34424 20.085705 0.94103634 0.8877263 8.228439 10.227273
 31.550919 17.523617 15.011366 0.8566363 0.55540746 7.2439933 15.909091
 15.9393 15.264638 14.378337 0.9419377 0.9576731 8.427432 9.090909
 36.75692 25.135033 22.546501 0.89701504 0.68381774 8.077062 17.045454
 45.251755 28.550886 25.394907 0.8894612 0.63093436 8.832023 14.772727
 63.954845 32.64545 28.522228 0.8736968 0.51044536 8.0602665 18.181818
 26.992071 9.043724 7.0276046 0.77706975 0.33505115 7.242414 14.772727
 33.37653 11.675587 8.405318 0.71990544 0.34981427 5.433593 17.045454
 80.27464 48.209316 42.087315 0.873012 0.60055476 6.285318 16.666666
 2.5912974 0.71358335 0.17029688 0.23865029 0.27537686 2.0107963 17.857143
 32.95941 20.28101 17.716698 0.8735609 0.61533284 7.8431053 13.636364
 37.14804 17.469616 14.249884 0.8156953 0.47027016 7.9253 17.045454
 11.8685 9.413472 8.484232 0.9012861 0.7931476 8.849264 13.636364
 79.09882 55.32072 50.64957 0.9155624 0.69938743 8.299714 17.045454
 23.244217 18.21099 16.764729 0.92058295 0.78346324 8.938088 15.909091
 1.3491595 0.32629117 0.10379563 0.31810737 0.24184774 2.1690106 22.222221
 49.398087 49.29872 46.828556 0.94989395 0.9979885 8.818509 6.818182
 8.98569 8.057152 7.503197 0.9312468 0.8966648 7.4483576 13.636364
 3.5872102 2.1437075 1.4073786 0.65651613 0.59759736 5.4586544 16.25
 1.9877385 0.4913937 0.11997839 0.2441594 0.24721245 2.1106143 16.666666
 48.371944 42.50701 39.337383 0.92543286 0.8787534 8.535459 13.636364
 71.849174 50.581356 44.653282 0.8828011 0.70399356 6.491102 16.666666
 48.100285 30.601545 27.59814 0.9018545 0.636203 7.8281283 17.045454
 2.7003353 1.0602578 0.36366808 0.34299967 0.3926393 3.2512963 15.0
 13.116388 11.083608 10.383137 0.93680125 0.8450198 8.260458 12.5
 11.18632 9.86978 9.288215 0.9410763 0.88230795 8.524183 11.363636
 13.438932 8.672144 7.8462586 0.9047657 0.64530003 7.983529 12.5
 1.0999688 0.2530527 0.06285624 0.2483919 0.23005445 1.6716489 22.916666
 41.816456 18.341467 14.744915 0.80391145 0.4386184 7.347753 17.045454
 58.953205 30.374857 26.65023 0.8773779 0.51523674 7.756093 17.045454
 35.61969 31.584156 28.366283 0.8981175 0.886705 8.058144 14.772727
 62.805344 38.503384 34.037224 0.884006 0.61305904 8.148701 12.5
 12.556945 12.471835 11.687935 0.9371464 0.99322206 8.624289 13.636364
 47.69759 45.30106 42.54882 0.9392456 0.9497558 8.517762 9.090909
 7.734363 6.6148453 6.2259154 0.9412035 0.85525405 8.43664 12.5
 10.810078 10.320687 9.66373 0.9363455 0.9547283 8.491642 15.909091
 42.65562 22.572218 20.54305 0.91010326 0.5291734 8.353214 17.045454
 2.3224459 0.6976126 0.14185 0.20333634 0.30037838 2.348742 19.736841
 41.76044 39.732384 38.07228 0.9582179 0.9514359 8.871613 9.090909
 3.0790865 0.91233236 0.20225416 0.22168912 0.29629967 2.0502715 17.045454
 3.6858978 0.89702106 0.16443755 0.18331516 0.24336569 1.9601116 17.045454
 32.757607 24.685507 23.226137 0.9408815 0.7535809 7.11263 10.227273
 76.56144 54.94072 49.39727 0.89910126 0.71760297 7.580699 14.772727
 26.86912 22.034145 19.722443 0.89508545 0.82005465 5.965999 6.6666665
 2.0791025 0.52639586 0.1171382 0.22252873 0.25318417 2.066435 19.318182
 42.54993 34.36848 32.02034 0.9316775 0.8077212 8.510683 11.363636
 23.76909 17.59214 15.761783 0.8959559 0.7401268 6.784927 10.227273
 4.4272 1.3178476 0.3811517 0.28922293 0.2976707 3.1655157 17.857143
 34.184174 14.815637 12.151566 0.8201852 0.43340632 5.744798 11.363636
 18.426777 16.750008 15.055374 0.8988279 0.9090037 8.516959 9.090909
 43.600292 33.81213 30.631062 0.9059193 0.7755024 8.00541 13.636364
 20.568897 17.159689 15.188525 0.88512826 0.8342542 6.3105803 15.277778
 24.759895 9.788998 7.2350597 0.7391012 0.395357 7.49648 15.909091
 64.45967 39.3072 34.64958 0.8815071 0.6097953 8.067421 17.045454
 13.692947 12.090307 11.3352995 0.93755263 0.8829587 8.742844 14.772727
 46.382217 24.328234 21.432838 0.8809862 0.5245164 7.9843173 15.909091
 15.647115 14.896637 13.798416 0.9262772 0.9520373 8.51244 6.818182
 10.190368 9.262376 9.028241 0.97472197 0.9089344 7.3301444 12.5
 72.8801 40.82091 36.709927 0.89929223 0.5601105 8.047384 18.181818
 4.078177 1.7972014 1.5045644 0.8371707 0.44068748 6.6581087 14.772727
 45.467358 35.247227 32.783806 0.9301102 0.77522045 8.533397 14.772727
 11.615828 10.692698 9.936566 0.9292853 0.92052823 8.28304 12.5
 44.96753 26.20407 22.812113 0.8705561 0.58273315 7.819653 17.045454
 10.468538 9.270875 8.644534 0.9324399 0.885594 8.036003 13.636364
 3.3491569 0.80610985 0.108444594 0.13452831 0.24069038 1.3475685 17.857143
 6.046726 5.1863527 4.825501 0.93042284 0.85771245 8.296434 17.857143
 28.504168 14.687561 12.658977 0.8618842 0.5152777 8.075092 17.045454
 6.272408 3.3703346 2.8723812 0.85225403 0.5373271 8.474059 18.181818
 70.05933 49.128464 44.89639 0.913857 0.7012408 8.024708 13.636364
 4.4751277 1.0396696 0.18728666 0.18014054 0.23232178 1.1536353 17.1875
 67.59928 38.04959 33.232746 0.87340605 0.5628698 7.7943797 13.636364
 74.41098 59.50585 54.74977 0.9200737 0.79969186 8.373873 12.5
 7.4588766 6.265599 5.7690635 0.9207521 0.8400191 8.753182 14.772727
 24.536161 9.883887 7.921014 0.80140674 0.4028294 6.546525 17.045454
 35.96881 30.043959 27.689434 0.9216306 0.83527803 8.555542 9.090909
 6.150641 4.007318 3.5929725 0.89660275 0.65152854 9.258783 17.045454
 12.070869 9.182194 8.2913 0.90297586 0.7606904 8.880292 13.636364
 2.6920717 0.9552384 0.6189998 0.6480055 0.35483396 5.7054367 19.736841
 71.02684 60.110672 55.602436 0.925001 0.84630924 8.420325 10.227273
 4.5599318 1.2375745 0.7005702 0.5660833 0.27140197 3.8274715 15.909091
 51.518795 45.645363 42.428787 0.92953116 0.8859944 8.3553505 10.227273
 5.9790955 4.1853385 3.7825868 0.90377086 0.6999952 7.148136 12.5
 9.564966 4.5311885 2.2745607 0.5019788 0.47372758 3.9448407 18.181818
 11.949067 10.38408 9.670694 0.9313001 0.8690285 8.43818 13.636364
 33.728638 26.935064 23.778845 0.8828212 0.7985814 5.663493 17.1875
 60.07864 35.715668 31.763527 0.88934433 0.59448195 7.727691 15.909091
 58.277084 26.406263 22.267975 0.84328383 0.45311573 7.7806196 14.772727
 4.690744 1.3597488 0.287377 0.21134564 0.28987914 2.3556542 19.318182
 6.621354 5.2240767 4.575254 0.8758014 0.7889741 5.47211 10.9375
 71.24357 46.60501 42.214733 0.90579814 0.6541645 6.3738327 11.111111
 62.680702 41.200672 37.323616 0.9058983 0.6573103 7.595035 12.5
 22.929981 22.157953 20.156757 0.9096849 0.96633106 3.727916 2.0833333
 16.318895 15.223519 14.391329 0.94533515 0.9328769 6.1349173 13.235294
 5.636224 4.830611 4.456824 0.9226211 0.85706514 5.365781 16.17647
 13.988177 11.884745 10.933782 0.9199846 0.8496278 5.7382674 13.333333
 70.84282 51.12474 47.299927 0.92518663 0.72166437 5.6217613 12.5
 35.90068 25.531197 22.565853 0.8838541 0.7111619 5.7504907 15.625
 13.516546 12.852077 11.267426 0.87670076 0.9508403 4.0430818 4.1666665
 1.0 28.418465 19.478828 17.443762 0.89552414 0.6854286 148.60196 14.369669 103.0
