 3.7373147 2.8508584 2.4991329 0.87662464 0.76280934 9.541345 14.285714
 5.2240386 1.5278852 0.31429365 0.20570503 0.29247203 1.9990458 13.636364
 11.594672 8.701523 8.152984 0.9369606 0.7504759 8.180239 10.227273
 21.167286 23.719826 10.658371 0.4493444 1.1205889 3.5675864 6.818182
 0.8301822 0.2987348 0.17188989 0.5753929 0.35984245 3.0305972 20.833334
 3.490153 1.0309922 0.36344266 0.35251737 0.29540026 3.6760046 15.476191
 3.9111948 3.051577 2.8845751 0.9452735 0.78021604 12.271176 17.857143
 9.788852 9.9648905 9.304667 0.9337451 1.0179836 9.98365 13.636364
 3.3816655 0.85379034 0.2955983 0.34621882 0.25247627 3.5475976 19.736841
 3.2573626 1.1460879 0.3195348 0.2788048 0.35184535 2.2998214 17.045454
 2.7351182 0.58335036 0.24879049 0.42648554 0.21328159 2.852775 19.117647
 20.069874 21.627861 20.486399 0.9472226 1.0776283 9.776686 11.363636
 2.485202 1.4929374 0.39452538 0.26426113 0.60073084 3.398885 12.5
 3.4503882 2.2164388 1.7657228 0.79664856 0.6423738 5.243449 12.5
 3.51242 0.99863404 0.2237617 0.22406776 0.2843151 2.595278 15.909091
 2.3343854 0.5791175 0.2178587 0.37619087 0.24808134 3.202106 13.636364
 2.228551 0.43925825 0.08394793 0.19111292 0.19710487 1.738904 25.0
 1.6038519 0.3978424 0.111849986 0.28114143 0.24805434 3.4410496 23.61111
 2.912785 1.2269201 0.50063646 0.4080432 0.42121893 3.455417 17.045454
 3.9801686 0.8610828 0.16761334 0.19465415 0.2163433 1.4094785 19.047619
 22.430954 23.355536 21.879221 0.9367896 1.041219 9.98109 5.681818
 2.3550231 0.7493268 0.4429495 0.5911299 0.31818238 6.9759793 19.736841
 1.6467402 0.44630378 0.087309994 0.19562906 0.2710226 1.8916395 20.588236
 11.284618 11.904167 11.126717 0.93469095 1.0549021 9.765503 3.409091
 11.144752 9.610428 8.491302 0.8835508 0.8623277 10.9407215 15.909091
 2.6314347 0.6915285 0.17260185 0.24959469 0.26279524 2.5182765 18.181818
 2.9067626 0.81184155 0.14975668 0.18446541 0.27929404 1.8884578 14.772727
 2.6027942 0.8503509 0.1192565 0.14024386 0.32670695 1.5425769 20.0
 2.1393838 0.7640727 0.15647443 0.20478997 0.35714617 1.1426274 14.772727
 2.9019115 0.80294496 0.2080121 0.25906146 0.2766952 2.5551486 17.5
 3.3186324 0.9179026 0.15773998 0.17184828 0.27659062 1.8228004 20.0
 24.073782 11.790505 6.283874 0.53296053 0.4897654 9.137759 18.181818
 10.044674 1.9184629 0.24737096 0.12894227 0.19099304 1.227701 18.181818
 1.6997024 0.5153667 0.12333078 0.23930684 0.30320996 3.0918498 20.833334
 2.6045167 0.6327358 0.12092883 0.19112058 0.2429379 1.671302 17.857143
 2.7264907 0.9301658 0.25348437 0.27251527 0.34115863 2.8111062 19.047619
 1.7639074 0.46970934 0.12817845 0.27288887 0.26628911 2.620818 17.857143
 6.8518662 1.9313052 0.94609946 0.4898757 0.28186557 5.165569 14.772727
 4.387488 3.361006 3.0617232 0.91095436 0.7660434 6.685378 13.636364
 4.1251135 4.0748754 3.8229992 0.9381881 0.98782134 7.3626914 10.526316
 2.6228313 0.815455 0.25226268 0.30935204 0.31090638 2.4118433 17.5
 13.22208 13.529453 12.434842 0.9190942 1.023247 9.792188 12.5
 2.0364976 0.44049126 0.120021194 0.27247122 0.21629845 2.8438225 17.045454
 2.1661355 0.6812652 0.24990216 0.3668207 0.3145072 4.0413375 22.222221
 4.0223646 1.5439352 0.7215527 0.46734652 0.3838377 4.686841 11.363636
 1.9409282 0.49280024 0.20908357 0.42427653 0.25389928 5.834905 19.047619
 1.736513 0.48940173 0.23828599 0.4868924 0.28183016 3.962319 19.736841
 6.9733605 6.261324 5.729527 0.91506636 0.8978919 9.096051 7.9545455
 2.1772497 0.43489724 0.07946413 0.18271932 0.19974616 1.7971039 19.736841
 11.845561 12.3777075 11.376356 0.91910046 1.0449237 10.149754 10.227273
 37.16976 39.324173 33.79303 0.8593449 1.0579615 9.704819 6.818182
 1.2059848 0.49945337 0.20679402 0.4140407 0.41414562 3.6920397 19.642857
 1.3682215 0.3899751 0.11082636 0.2841883 0.28502336 2.800678 23.333334
 6.1132164 4.0867157 2.1498005 0.52604604 0.668505 2.773744 12.5
 5.8143344 1.4851766 0.36834154 0.24801196 0.25543362 2.5363991 17.857143
 48.233093 37.61079 30.589542 0.81331825 0.77977145 7.7384543 9.375
 1.7252147 0.5240111 0.13578658 0.2591292 0.30373672 1.2077297 12.5
 5.4279118 1.0433655 0.3481561 0.33368564 0.19222227 1.1431489 12.5
 1.0 6.7437463 4.864285 3.7285948 0.76652473 0.7213031 38.80026 15.734334 58.0
