 13.387988 12.6034975 11.938336 0.94722414 0.9414034 8.39328 11.363636
 12.535102 11.843611 11.315955 0.95544803 0.94483566 8.273901 11.363636
 10.056568 3.25639 1.6548313 0.50817966 0.3238073 3.3518724 17.045454
 11.687777 5.2070227 4.4515967 0.85492176 0.4455101 7.4893575 17.045454
 7.109933 3.8718522 2.6814868 0.6925592 0.54456943 6.6226115 17.045454
 16.637856 14.611682 13.762469 0.94188124 0.87821907 8.491403 15.909091
 9.731409 6.532792 6.041407 0.9247818 0.67130995 8.076404 14.772727
 12.615428 11.139505 9.962718 0.8943591 0.8830065 4.109364 15.384615
 13.478899 11.846389 11.182693 0.94397473 0.878884 8.699338 15.909091
 11.340394 10.521439 9.976414 0.9481986 0.9277842 8.3996935 12.5
 5.0068693 1.2401075 0.21923235 0.17678496 0.2476812 1.401251 15.909091
 10.815364 7.452659 6.999075 0.93913794 0.6890807 7.104246 15.909091
 28.167265 19.078632 16.621035 0.8711859 0.6773335 4.533565 13.461538
 21.179205 15.521018 14.643382 0.943455 0.7328424 8.621187 19.318182
 11.291 10.391659 9.762897 0.93949354 0.9203488 8.413842 5.681818
 19.394384 16.37099 15.4413395 0.9432135 0.8441098 8.335029 17.045454
 15.89677 11.76964 11.046521 0.9385607 0.74037933 8.348704 14.772727
 10.457938 8.995054 8.4665365 0.9412435 0.8601173 8.589796 9.090909
 9.891379 6.9349046 5.8834577 0.84838337 0.7011059 8.250167 12.5
 10.009096 5.375025 4.984875 0.9274143 0.537014 8.181544 15.909091
 6.052368 3.4823577 2.0039694 0.5754634 0.5753711 4.9722886 17.045454
 13.311649 3.2522848 0.69161606 0.21265544 0.2443187 3.1480148 20.454546
 11.503942 9.949606 9.560662 0.96090865 0.86488664 8.342785 9.090909
 10.355883 4.114874 3.624912 0.88092905 0.39734653 6.8842387 13.636364
 8.177354 4.5788813 3.9851406 0.87033063 0.5599466 8.402243 17.045454
 12.372673 9.362435 8.818369 0.9418883 0.7567027 8.534864 14.772727
 16.38299 13.451434 12.585979 0.9356608 0.8210611 8.1785965 11.904762
 6.865886 4.927272 4.262718 0.86512744 0.71764547 7.3210926 13.636364
 15.294823 12.50168 11.810559 0.94471776 0.8173799 8.387124 10.227273
 25.012241 21.931124 20.821878 0.9494214 0.8768157 7.9849005 14.772727
 84.48101 54.978683 50.40854 0.91687423 0.6507815 8.436917 17.045454
 11.319311 6.805068 4.337 0.63731915 0.601191 6.39189 14.772727
 12.495667 11.547854 10.933719 0.9468182 0.9241487 8.51056 12.5
 8.974152 8.614703 8.139733 0.9448652 0.95994616 8.129659 13.75
 13.641732 12.023347 11.153981 0.9276936 0.8813651 6.3087635 18.181818
 11.973413 8.677906 7.483395 0.86235034 0.7247646 7.94139 10.227273
 7.615807 4.6939054 4.275913 0.9109499 0.6163372 7.9379845 14.772727
 16.900513 13.154091 12.316058 0.9362911 0.77832496 7.915841 12.5
 9.109028 5.4360886 5.015277 0.92258924 0.59678036 7.8671966 17.045454
 37.805927 40.025646 39.277306 0.9813035 1.0587134 7.7547965 7.9545455
 12.1902275 9.065344 8.057194 0.8887907 0.74365664 8.032026 12.5
 14.8842535 9.768857 9.048388 0.9262484 0.6563216 9.071625 18.181818
 12.821227 10.421106 9.536382 0.91510266 0.812801 8.253424 14.772727
 47.129265 36.925232 34.94856 0.9464682 0.78348845 8.339205 14.772727
 3.3242412 1.3078408 0.99712753 0.7624227 0.39342538 7.0326924 18.75
 10.114333 6.109146 5.377253 0.8801972 0.6040088 7.2641864 15.909091
 7.1109896 3.6443143 2.0986063 0.57585764 0.51249045 3.6165464 16.071428
 57.071186 57.570145 55.52112 0.96440816 1.0087427 8.401036 5.681818
 9.467601 4.0175157 2.919983 0.7268131 0.4243436 7.541547 15.909091
 8.495077 6.2478676 5.722582 0.9159256 0.73546916 8.089503 13.636364
 12.099998 10.945329 10.188448 0.930849 0.9045727 5.358441 6.25
 12.5412035 10.38023 9.686598 0.93317753 0.8276901 7.432451 11.363636
 25.132668 17.85601 16.758717 0.9385477 0.71047014 8.695587 14.772727
 6.2762475 4.735968 4.403344 0.9297664 0.754586 8.115799 12.5
 8.084873 6.803533 6.0085516 0.8831517 0.8415139 8.129676 11.363636
 6.077747 5.4821043 5.2132487 0.9509576 0.9019962 8.646058 10.227273
 9.957332 7.5680375 7.247056 0.95758724 0.7600467 8.460775 15.909091
 13.868698 12.801658 12.138803 0.9482212 0.92306125 8.658977 12.5
 6.9661365 7.23407 6.83826 0.9452853 1.0384623 9.058596 9.523809
 28.717684 25.984444 24.250557 0.9332721 0.90482384 9.24962 10.227273
 9.387925 2.7724528 1.6781236 0.60528475 0.29532117 5.9310865 15.909091
 86.77212 64.96365 60.085552 0.9249103 0.7486697 8.270379 17.045454
 13.662753 10.763157 10.257234 0.95299494 0.78777367 8.427617 7.9545455
 48.546444 48.835117 46.614616 0.95453066 1.0059463 8.60041 3.409091
 14.245081 11.476658 10.813127 0.94218427 0.8056576 8.678635 15.909091
 17.603327 8.572997 8.103832 0.9452741 0.48701006 9.32317 18.181818
 12.550237 9.811742 9.259233 0.94368905 0.78179735 8.352038 17.045454
 11.657203 10.734267 10.2163315 0.9517493 0.9208271 8.518418 11.363636
 14.825912 13.956493 13.28764 0.9520758 0.94135815 9.043841 14.772727
 13.605859 11.881215 10.865987 0.91455185 0.87324256 9.1003065 10.227273
 6.223213 4.807932 4.405542 0.9163071 0.77258027 8.627886 13.636364
 8.435704 7.509943 6.9300804 0.92278737 0.89025676 7.9680567 17.045454
 14.141532 12.839177 12.177869 0.94849294 0.9079057 8.224897 7.9545455
 9.493147 2.9772568 1.9387786 0.6511963 0.3136217 6.8499246 18.181818
 9.280763 8.349154 7.7281375 0.9256192 0.8996194 8.458147 12.5
 8.176362 7.068173 6.73292 0.95256865 0.8644643 9.057984 11.363636
 15.358708 12.553936 12.012468 0.9568687 0.8173823 8.31924 17.045454
 13.544794 9.570454 8.963584 0.93658924 0.706578 8.360848 15.909091
 8.186334 7.4340296 6.955307 0.93560386 0.9081024 8.388939 15.909091
 81.29386 68.14601 64.244606 0.9427493 0.8382676 8.173912 10.227273
 10.348227 8.052171 4.8754883 0.60548747 0.7781208 6.6642523 13.636364
 13.28484 10.498803 9.911418 0.94405216 0.7902845 7.9929547 13.636364
 13.243906 11.98093 11.4143915 0.95271325 0.9046373 7.859018 11.363636
 9.718467 7.565525 7.1049013 0.93911546 0.77846897 8.280957 14.772727
 10.949884 8.650099 8.243119 0.95295084 0.7899717 7.888967 14.772727
 10.67532 8.591615 8.197006 0.95407045 0.804811 8.335061 13.636364
 10.321504 8.933297 7.952979 0.8902625 0.86550343 9.082104 12.5
 15.494453 8.366194 7.3283157 0.8759438 0.5399477 7.4450326 15.909091
 13.049146 8.925844 8.3012905 0.93002856 0.68401754 8.111846 14.772727
 15.291725 14.659934 13.856566 0.9451998 0.9586841 8.4096155 4.5454545
 7.794956 5.216003 4.656692 0.8927702 0.66915107 8.326251 17.045454
 7.445375 6.02556 5.767764 0.95721626 0.80930245 8.630352 13.636364
 14.781285 13.771328 13.290129 0.96505785 0.9316733 8.234494 14.772727
 10.748435 5.603834 5.0422215 0.8997807 0.52136284 7.954628 18.181818
 19.677078 19.222206 18.110071 0.94214314 0.9768831 8.747778 5.681818
 18.489206 17.16961 16.249834 0.9464301 0.92862874 8.529889 7.9545455
 11.541942 8.069082 7.538539 0.9342498 0.6991097 8.4844265 17.045454
 7.3103724 5.9760656 5.164137 0.86413664 0.8174776 7.719382 12.5
 15.35322 8.7905035 3.0964916 0.35225418 0.57255113 3.5269504 15.909091
 3.381663 0.86088586 0.16540925 0.19213842 0.2545747 1.7423087 18.75
 16.774109 11.160069 9.978799 0.89415205 0.66531515 8.465407 15.909091
 25.313152 25.215832 23.84735 0.9457292 0.9961553 8.732308 10.227273
 11.153585 10.236443 9.732817 0.9508007 0.91777146 8.349727 11.363636
 8.8309355 5.800264 5.247827 0.9047566 0.65681195 8.028828 17.045454
 13.016938 9.372307 8.655543 0.92352325 0.7200085 8.455093 17.045454
 32.27301 31.25773 28.582039 0.9143991 0.96854085 9.608992 6.818182
 13.4027815 9.81318 9.0115185 0.9183077 0.7321749 4.984947 14.772727
 10.648705 7.217103 6.273003 0.8691857 0.6777447 7.056872 17.045454
 14.982948 14.76281 14.0819025 0.95387685 0.9853074 8.351939 7.9545455
 5.67466 4.521749 4.238342 0.9373236 0.7968317 8.224348 17.857143
 4.882641 2.489761 1.6587911 0.6662451 0.509921 7.423217 17.045454
 17.199408 16.252808 15.513758 0.95452785 0.9449633 8.605017 10.227273
 8.250594 6.6140614 6.260461 0.9465381 0.8016466 8.401535 10.227273
 14.0785675 11.610224 10.9135475 0.9399946 0.82467365 8.304903 12.5
 20.742126 19.321522 18.453398 0.95506954 0.93151116 8.335821 11.363636
 25.908695 23.091702 21.807793 0.9443995 0.89127225 7.9949865 12.5
 15.299939 9.945192 8.460324 0.85069484 0.6500152 7.2946463 17.045454
 18.29305 18.85417 17.930614 0.95101583 1.030674 8.272517 4.5454545
 39.769333 33.978607 31.71277 0.93331575 0.8543922 7.285265 7.5
 13.564193 11.162837 10.536069 0.94385225 0.82296365 8.453119 6.818182
 5.5302806 1.8042128 1.1532085 0.6391754 0.32624254 4.9638395 17.045454
 11.919398 2.923931 0.9403817 0.32161558 0.2453086 2.6578743 18.181818
 12.4574795 10.565885 9.851005 0.93234074 0.8481559 8.384073 17.045454
 8.130338 7.6623936 7.1681647 0.9354994 0.9424446 6.9384737 12.5
 29.978952 29.408611 28.067627 0.9544017 0.9809753 7.4262958 5.681818
 9.88474 7.370245 6.988381 0.94818836 0.7456185 8.792983 18.181818
 15.863112 15.116106 14.513647 0.9601445 0.95290923 8.141614 12.5
 12.252399 10.477271 9.879103 0.94290805 0.85511994 8.680812 13.636364
 97.79404 68.87971 64.845505 0.9414312 0.70433444 8.490323 12.5
 27.299711 26.361319 25.129862 0.9532855 0.9656263 8.440218 10.227273
 7.1790795 3.4251983 3.0256972 0.8833641 0.4771083 8.4695425 14.772727
 8.67118 6.630042 6.23604 0.9405733 0.76460665 8.207656 9.090909
 9.546438 2.774753 1.7239331 0.6212925 0.29065844 7.4123216 17.045454
 3.4287243 0.97345567 0.6947294 0.7136734 0.2839119 6.488731 18.181818
 19.231432 15.9126005 14.996663 0.9424395 0.8274267 8.16896 13.636364
 19.361744 16.53914 15.561667 0.9408994 0.8542175 9.066857 7.9545455
 6.0099077 2.3565357 1.7921312 0.760494 0.39210844 8.615538 17.045454
 11.843854 5.837561 4.7138057 0.8074957 0.49287683 6.2857275 18.181818
 21.00001 20.198349 19.307348 0.9558874 0.9618257 8.6807785 9.090909
 24.65846 25.009012 23.656298 0.9459109 1.0142163 8.220926 9.090909
 11.990767 11.837556 11.179748 0.94443035 0.9872227 8.496941 10.227273
 11.570256 10.271824 9.632125 0.93772286 0.8877784 8.439215 13.636364
 10.150285 7.8148518 7.1173058 0.91074103 0.76991445 7.35206 17.045454
 17.286972 10.084496 9.4175 0.9338592 0.58335817 8.73939 19.318182
 10.472538 7.0469747 5.3544555 0.7598233 0.6729004 5.6819882 14.772727
 23.083775 22.478224 21.469164 0.9551095 0.9737672 8.358587 6.818182
 21.970667 20.77696 19.75191 0.95066404 0.94566816 8.676881 4.5454545
 7.8649445 6.5595326 5.951011 0.9072309 0.8340215 7.5295196 11.363636
 20.270718 9.946 9.230582 0.9280699 0.4906585 7.9731765 15.909091
 15.832177 14.019277 13.257934 0.9456932 0.8854927 8.029539 13.636364
 7.08321 2.146225 1.0655931 0.49649644 0.30300173 4.0563717 20.454546
 9.38412 9.39765 8.943241 0.95164657 1.0014417 8.259029 9.090909
 6.0872464 3.4703443 2.3868282 0.6877785 0.57010084 6.3018985 17.045454
 8.230405 7.8251896 7.435743 0.9502316 0.950766 8.484638 13.095238
 14.008186 12.849014 11.680595 0.90906554 0.9172504 7.7072635 9.090909
 13.633182 11.790896 11.169014 0.94725746 0.86486757 8.501842 14.772727
 8.649946 4.5594683 3.6427095 0.798933 0.5271094 7.560137 14.772727
 5.0423193 3.0050015 2.8095753 0.9349663 0.59595627 8.911829 15.909091
 29.595963 29.505 28.299587 0.9591455 0.99692655 8.171636 4.5454545
 9.157757 7.18434 6.598283 0.9184258 0.7845087 8.961756 13.636364
 9.202509 7.8395343 7.4532485 0.950726 0.8518909 8.254596 10.227273
 9.309265 4.850199 4.45954 0.91945493 0.5210078 8.140975 18.181818
 11.612386 10.493457 9.960949 0.9492533 0.90364355 8.175598 10.227273
 12.081379 12.044207 11.470614 0.9523761 0.9969232 8.555881 12.5
 14.475241 10.190816 9.489212 0.93115336 0.70401704 8.545488 17.045454
 6.229443 3.8881094 3.3862503 0.8709246 0.62415045 7.3335924 14.772727
 12.00538 7.7930226 6.8975234 0.8850896 0.64912754 8.645298 14.772727
 13.856588 11.876822 11.052929 0.93063015 0.85712457 8.441288 13.636364
 13.00244 8.214219 7.679883 0.9349499 0.6317444 7.814727 13.636364
 5.6599755 1.8878595 1.5357884 0.8135078 0.3335455 9.56783 18.181818
 9.350468 8.280379 7.7228684 0.93267083 0.8855578 6.2623973 14.705882
 13.600918 12.046892 11.298568 0.93788236 0.8857411 8.21127 17.045454
 18.58614 18.312046 17.127048 0.9352886 0.9852528 9.194158 12.5
 37.55474 35.56878 34.286198 0.9639408 0.9471183 8.271163 4.5454545
 9.350916 5.364082 2.2682426 0.42285758 0.5736424 4.0102816 14.772727
 11.47176 10.495509 9.402762 0.89588434 0.9148996 5.2151527 11.666667
 5.717839 2.9784253 2.4231381 0.8135635 0.52090055 7.1180844 15.909091
 12.256329 9.374432 8.505834 0.9073439 0.7648645 5.106859 11.666667
 5.2438717 2.3125665 1.8823454 0.81396383 0.44100365 6.2492886 13.235294
 38.367466 33.388653 31.65931 0.94820565 0.8702335 8.769426 4.5454545
 13.808895 12.050856 11.577028 0.96068096 0.87268794 8.629359 15.909091
 13.4417095 9.853454 8.664404 0.8793266 0.73305064 6.976707 12.5
 6.9622884 6.0161443 5.559162 0.9240407 0.86410445 8.131324 9.090909
 7.5655646 3.1711318 1.7109632 0.5395434 0.41915336 5.53384 18.181818
 12.272707 12.92624 12.14262 0.9393776 1.0532509 5.506497 8.333333
 10.768358 9.157527 8.642001 0.94370466 0.85041076 8.1006365 12.5
 84.13558 55.078 51.609337 0.93702275 0.6546339 8.370745 10.227273
 25.410524 26.428171 25.126097 0.95073164 1.0400482 8.601741 11.363636
 9.306555 7.564734 7.018246 0.9277585 0.81283927 8.280163 9.090909
 17.288177 13.051887 11.97011 0.9171172 0.7549602 5.9943995 10.294118
 14.407487 14.035201 13.398258 0.95461816 0.9741603 8.615111 6.818182
 9.141283 6.208227 5.8015413 0.93449247 0.67914176 8.029504 13.636364
 13.69064 11.266166 10.632788 0.94378054 0.8229101 8.3481 11.363636
 14.545 13.686431 12.922008 0.9441473 0.9409715 8.315884 9.090909
 7.9572253 3.4684663 2.8537264 0.8227632 0.4358889 8.595913 15.909091
 8.018245 8.156196 7.812898 0.95790964 1.0172045 8.368373 12.5
 8.409252 2.2626922 1.4431903 0.63781995 0.26907176 4.5467486 15.909091
 13.033393 11.993127 11.209768 0.9346827 0.9201845 8.2565975 7.9545455
 10.461416 9.385591 8.949635 0.95355046 0.89716256 8.861915 7.9545455
 4.901815 4.0836296 3.8593028 0.94506675 0.83308524 8.635385 13.636364
 14.828314 12.55207 11.500821 0.91624904 0.84649336 10.114574 13.636364
 10.954436 10.381779 9.844094 0.9482088 0.9477237 9.071562 6.818182
 7.341119 4.6091976 4.087968 0.8869153 0.62786037 8.973713 15.909091
 11.356462 8.047463 6.487537 0.8061592 0.7086242 7.6291666 15.0
 10.434082 5.860363 5.172052 0.8825481 0.5616558 8.438238 15.909091
 12.407861 6.039244 4.797193 0.7943367 0.48672727 6.963282 19.318182
 14.794206 14.039931 13.3597765 0.9515557 0.94901556 8.619905 9.090909
 9.631132 8.025384 7.007277 0.8731391 0.8332753 8.3679905 11.363636
 8.516249 4.228462 3.9012997 0.9226285 0.49651697 8.8558235 17.045454
 10.281874 7.831319 7.43554 0.94946206 0.76166266 8.663223 13.636364
 4.982761 4.0487704 3.887426 0.9601497 0.8125557 6.1383076 12.5
 7.644374 5.1838083 4.674117 0.90167624 0.67812073 8.097359 14.772727
 9.237326 3.9809406 1.3878747 0.34862986 0.43096244 4.556883 17.5
 7.366224 2.9316463 1.6039965 0.54713166 0.39798495 5.615782 13.636364
 13.139588 12.490197 11.91568 0.95400256 0.95057756 8.589298 10.227273
 5.074877 4.362924 4.1218166 0.9447371 0.85971034 8.641729 14.772727
 7.6993155 7.3703027 6.917592 0.9385764 0.9572672 8.152777 14.772727
 10.20662 9.852815 9.320565 0.94598 0.9653356 8.746566 11.363636
 11.896489 9.066548 8.499747 0.93748426 0.7621197 8.569327 14.772727
 12.469672 11.35598 10.837554 0.9543478 0.9106879 8.130715 3.409091
 11.487506 8.928001 8.210885 0.91967785 0.7771923 8.449943 13.636364
 11.2827635 7.7567825 6.6670923 0.85951775 0.68748957 8.241743 13.636364
 8.047699 3.713211 3.1121671 0.83813363 0.46140036 7.6572623 17.045454
 12.860155 10.426536 9.790825 0.9390296 0.8107628 8.858267 13.636364
 11.3937435 7.073311 6.6075807 0.9341567 0.6208066 5.9093585 15.277778
 8.708077 7.489175 6.938055 0.92641115 0.86002624 8.314299 14.285714
 12.162406 9.525434 9.004681 0.9453303 0.78318655 8.025922 17.045454
 12.380824 8.874732 8.1263275 0.91567016 0.71681273 8.3593025 15.909091
 9.129835 7.8672953 7.4991813 0.9532096 0.8617127 8.277205 15.909091
 11.855736 9.304758 8.671252 0.93191594 0.78483176 8.632002 7.9545455
 12.057079 11.360616 10.86301 0.9561991 0.94223607 8.286432 11.363636
 12.408067 10.170762 9.416453 0.9258356 0.8196895 8.833735 6.818182
 7.489604 4.89615 4.7792835 0.9761309 0.6537262 8.6909 15.909091
 8.138179 4.1177535 2.4486642 0.5946602 0.5059797 5.668599 13.636364
 10.086788 9.858973 9.379341 0.9513508 0.9774144 8.519361 9.090909
 12.037319 9.630306 9.098814 0.9448105 0.80003744 8.149005 10.227273
 14.326933 13.232141 12.398812 0.93702245 0.923585 8.830166 14.772727
 11.352052 6.0376687 5.474693 0.9067561 0.5318571 7.162307 19.318182
 12.101074 11.442936 10.945819 0.95655686 0.9456132 8.496361 14.772727
 12.062315 10.354306 9.763339 0.94292545 0.85840124 8.367577 12.5
 14.854972 13.788347 13.01166 0.94367075 0.92819744 8.498986 10.227273
 7.731048 6.318156 5.8955836 0.93311787 0.8172444 9.625755 10.227273
 8.541194 6.4174223 5.9384184 0.92535883 0.7513495 7.489149 10.227273
 82.67431 55.291203 50.51272 0.91357607 0.66878337 5.729111 7.8125
 12.983698 10.375122 9.545899 0.92007583 0.7990884 8.340789 15.909091
 9.944746 7.528671 7.13667 0.9479323 0.75705004 8.322986 11.363636
 19.792732 20.080027 18.448208 0.9187342 1.0145152 5.8514524 1.5625
 10.201404 8.989225 8.517841 0.94756114 0.8811754 8.711762 10.227273
 6.247819 6.1820245 5.824729 0.94220406 0.9894693 8.474035 9.090909
 4.892371 2.0093837 0.6206385 0.30887005 0.41071776 3.4474056 13.636364
 11.098544 8.344112 7.6528783 0.917159 0.75182045 8.283058 13.636364
 8.278239 5.6705904 5.1205783 0.90300626 0.6849996 8.066297 13.636364
 8.841403 5.5860868 5.0001926 0.89511544 0.63180995 7.4391823 17.045454
 8.415419 4.0218434 3.6277952 0.90202296 0.47791362 8.636316 17.045454
 7.1766324 4.5554695 4.009512 0.8801534 0.6347642 7.0613203 17.045454
 10.296142 10.259259 9.81868 0.95705545 0.9964178 10.549132 7.9545455
 23.469126 22.852644 21.483223 0.940076 0.9737323 9.5292845 4.5454545
 12.070746 10.002364 9.340668 0.933846 0.82864505 8.1071 13.636364
 11.372129 9.943111 8.585543 0.8634663 0.87434036 7.4512143 15.909091
 11.959532 5.5699286 4.4562764 0.8000599 0.4657313 6.959043 19.318182
 9.3327675 3.1838388 2.4005556 0.7539815 0.34114626 7.414836 15.909091
 6.2906604 4.242819 3.8632696 0.91054314 0.67446315 9.006605 14.772727
 17.606958 16.7101 16.090614 0.9629275 0.9490622 8.915367 6.818182
 12.351434 5.484978 4.8323717 0.8810193 0.44407624 8.020043 15.909091
 6.9784985 1.976488 1.5233287 0.77072495 0.2832254 7.3850527 17.045454
 13.705164 5.1575847 4.2615566 0.82626987 0.37632418 7.028 17.045454
 5.593174 4.9250607 4.648143 0.94377375 0.8805484 8.495266 11.363636
 14.086283 12.736783 12.029383 0.9444601 0.9041976 8.534353 10.227273
 10.049269 9.281527 8.714831 0.93894374 0.92360216 8.557445 9.090909
 11.645875 9.179053 8.485719 0.9244655 0.7881807 8.5576935 18.181818
 14.150537 12.929432 12.396496 0.9587811 0.9137061 8.6603 7.9545455
 5.980629 2.347968 1.8273513 0.77826923 0.3925955 7.6293845 14.772727
 11.690511 9.7048235 8.9266205 0.9198128 0.8301453 4.6820006 11.538462
 10.229392 5.539911 4.9770036 0.8983906 0.5415679 7.8820877 10.714286
 12.345108 11.886164 11.191906 0.94159114 0.9628238 7.8103294 8.75
 10.520091 5.7514596 5.1126976 0.88893914 0.546712 4.497711 10.714286
 60.212105 63.507126 60.05018 0.945566 1.0547235 6.7069287 5.0
 8.081622 7.0538177 6.31902 0.89582974 0.872822 6.5376635 13.888889
 11.114573 9.325359 8.949988 0.95974725 0.8390209 6.8132873 8.333333
 12.285822 7.629715 6.6003723 0.8650877 0.6210179 6.272293 15.277778
 15.321353 14.9597845 13.845974 0.92554635 0.97640103 6.4175234 7.352941
 10.378365 8.305309 7.685772 0.9254046 0.80025226 5.7728806 12.5
 10.3070755 9.932459 8.842206 0.89023334 0.96365446 5.328758 11.666667
 10.850536 6.8457975 5.922022 0.86505944 0.6309179 5.3956184 15.0
 26.83495 27.445192 24.958117 0.90938026 1.0227406 4.6268816 11.666667
 13.018583 11.968971 11.0226555 0.9209359 0.91937584 5.464316 10.0
 8.784289 5.1307945 4.396726 0.8569289 0.58408755 3.9468977 13.461538
 1.0 14.525109 11.493588 10.58474 0.9209256 0.791291 91.29964 13.062889 287.0
