 26.373774 25.689571 24.2441 0.94373316 0.97405744 9.419991 6.818182
 13.437162 10.517759 7.558036 0.71859753 0.7827366 7.9195437 13.636364
 102.640335 95.4344 89.82513 0.94122374 0.9297943 9.360007 1.1363636
 13.801747 11.45551 10.729144 0.9365924 0.8300044 9.083976 11.363636
 48.43385 40.434044 37.262573 0.9215644 0.8348302 8.405822 13.636364
 12.802675 7.1215925 5.5546837 0.77997774 0.5562582 8.636319 18.181818
 87.147125 79.69046 74.63343 0.9365416 0.91443586 9.356535 7.9545455
 91.4522 83.767525 78.75724 0.9401882 0.91597056 9.388215 2.2727273
 29.73393 26.912683 25.35344 0.94206285 0.9051169 9.620889 5.681818
 19.529896 17.8683 16.83084 0.9419385 0.9149204 9.355092 11.363636
 81.9313 74.97184 70.685814 0.9428315 0.9150574 9.373243 6.818182
 86.37958 73.37692 68.3072 0.9309085 0.8494707 9.333434 12.5
 26.407658 24.778044 23.269243 0.93910736 0.9382901 9.214398 14.772727
 102.377655 95.147026 87.93648 0.9242168 0.92937297 9.296263 5.681818
 95.26836 85.748116 80.03806 0.93340904 0.90006924 9.326492 12.5
 66.58816 62.7842 58.09423 0.9253002 0.9428733 9.341119 0.0
 3.5407693 1.137272 0.38153 0.33547822 0.3211935 3.6844342 21.25
 16.296717 13.525958 12.408446 0.9173802 0.8299806 9.992509 14.772727
 2.0359979 0.43716118 0.079972304 0.18293552 0.21471593 1.7349778 19.318182
 16.234526 15.329582 14.214524 0.92726105 0.9442581 8.288981 6.818182
 103.05171 95.70335 87.07323 0.90982425 0.92869246 5.6192904 10.0
 102.66076 95.39297 89.84259 0.9418156 0.9292058 9.379382 5.681818
 95.53139 88.50684 82.52176 0.93237716 0.92646873 9.634341 7.9545455
 5.5682755 3.5655198 2.9100406 0.8161617 0.64032745 9.554173 16.666666
 84.84005 77.86547 73.0221 0.93779826 0.9177914 9.323067 3.409091
 17.873161 16.596947 15.566665 0.9379234 0.9285961 9.4094515 12.5
 21.247763 19.896935 19.074953 0.95868796 0.936425 8.849701 12.5
 100.789665 88.29995 78.941696 0.89401746 0.87608135 4.084132 8.333333
 24.362757 21.618288 20.102596 0.9298884 0.8873499 9.632407 14.772727
 15.176463 12.759515 11.4166 0.8947519 0.84074366 5.714559 8.333333
 17.013866 15.270027 14.459753 0.94693696 0.8975048 9.3533535 3.409091
 59.890087 49.986263 45.162212 0.9034925 0.8346333 12.154886 12.5
 82.90423 76.45471 72.115166 0.9432403 0.92220515 9.248135 5.681818
 95.32964 82.68233 77.32089 0.9351562 0.8673307 9.433977 7.9545455
 12.404495 5.8600035 4.6469135 0.7929881 0.4724097 7.9003315 20.454546
 25.337852 23.277985 21.919538 0.94164246 0.918704 9.845841 3.409091
 109.77482 94.447075 86.47881 0.9156325 0.86037105 6.1353283 6.25
 9.431601 8.14855 7.5121684 0.9219024 0.86396265 9.597544 5.681818
 22.430042 17.706867 15.997064 0.9034384 0.7894264 9.667996 11.363636
 2.7123573 0.56646156 0.118371986 0.20896739 0.20884474 1.7480572 15.789474
 17.932522 14.025725 13.160866 0.93833756 0.782139 9.298241 9.090909
 28.373737 26.843126 25.000973 0.93137336 0.94605535 9.199566 7.9545455
 86.439156 80.135345 75.69392 0.94457585 0.92707235 9.438035 10.227273
 14.4010105 12.010321 11.139862 0.92752415 0.83399147 9.547885 12.5
 16.053793 14.068528 13.23513 0.9407615 0.8763367 9.357911 9.090909
 97.841354 74.51546 67.332436 0.90360355 0.7615947 6.173761 14.0625
 32.12997 28.826717 27.158665 0.94213516 0.897191 9.433516 7.9545455
 32.879158 27.30875 25.992216 0.9517908 0.83057934 9.713108 9.090909
 86.321236 78.383446 73.75614 0.9409658 0.90804356 9.446285 15.909091
 15.666675 12.905347 11.930258 0.92444295 0.82374513 8.449673 14.772727
 90.96889 84.433784 79.73355 0.9443323 0.92816114 9.310327 6.818182
 8.714186 4.200668 2.6998408 0.64271706 0.48204938 6.1559067 14.772727
 12.544771 10.934017 10.187864 0.93175864 0.87159956 9.451106 9.090909
 71.16988 67.172134 60.54297 0.90131074 0.94382817 4.644452 1.9230769
 1.043007 0.23574078 0.08051521 0.3415413 0.22602034 2.468219 27.272728
 15.41818 11.187795 8.555515 0.7647186 0.72562355 4.395712 15.909091
 96.34868 85.59107 79.93185 0.9338806 0.88834715 9.308767 7.9545455
 27.546331 25.38088 23.7709 0.93656725 0.92138875 9.136713 4.5454545
 15.485263 12.948975 11.897863 0.9188267 0.83621275 8.51013 14.772727
 32.2867 22.32584 19.81681 0.88761765 0.6914872 9.369505 6.818182
 17.865376 15.126106 14.114161 0.9330994 0.8466716 9.169457 12.5
 13.417585 10.285265 8.986654 0.8737407 0.76655114 8.940618 11.363636
 100.337074 82.93886 77.891655 0.9391455 0.8266024 9.444691 11.363636
 88.82586 82.72833 77.612206 0.9381575 0.93135417 9.449146 3.409091
 99.47108 91.17303 84.60845 0.9279987 0.91657823 9.292312 4.5454545
 102.58534 94.62053 88.89748 0.9395157 0.9223591 9.34958 0.0
 25.827602 18.110474 14.824582 0.818564 0.7012062 7.21075 9.375
 14.776742 13.168682 12.400382 0.941657 0.8911763 9.893382 10.227273
 27.832933 26.62096 25.480865 0.95717305 0.9564554 9.412153 11.363636
 104.59208 96.759346 91.164 0.9421725 0.92511165 9.461599 1.1363636
 18.026274 11.98055 11.049767 0.92230886 0.664616 9.592359 18.181818
 100.41557 77.61782 69.902916 0.90060395 0.77296597 9.206315 15.909091
 16.29418 9.180515 7.4166155 0.80786484 0.563423 9.465024 15.909091
 84.84563 77.821625 73.15239 0.9400008 0.91721433 9.417415 11.363636
 94.59177 87.56153 81.49049 0.9306655 0.92567813 7.887821 0.0
 89.1512 81.54841 76.053406 0.93261665 0.9147203 9.2703085 5.681818
 99.94196 92.19614 85.833916 0.93099254 0.92249674 9.532147 10.227273
 82.381676 76.78249 72.37749 0.9426301 0.93203366 9.169384 3.409091
 12.805169 8.7391205 8.094248 0.92620856 0.6824681 9.492038 14.772727
 26.075312 24.882814 23.68543 0.951879 0.9542672 9.648308 10.227273
 16.18718 15.918555 14.662687 0.92110664 0.9834051 9.534276 4.5454545
 107.75708 96.60312 90.39504 0.9357363 0.8964898 9.411608 2.2727273
 98.49489 89.83019 84.25262 0.9379098 0.91202897 9.321239 0.0
 100.53301 94.57759 87.10674 0.92100835 0.94076145 6.249398 1.5625
 10.447388 7.467797 6.7203555 0.8999114 0.71480036 6.0800586 13.636364
 5.6813903 1.5496064 0.4211977 0.2718095 0.27275127 2.2453434 14.473684
 17.422253 12.267043 9.533717 0.7771814 0.704102 9.76195 12.5
 21.359545 18.106869 17.078571 0.94320947 0.84771794 9.326851 10.227273
 40.659485 37.376953 35.30869 0.9446647 0.9192678 9.042454 12.5
 83.59529 79.17289 74.75891 0.9442488 0.94709754 9.309708 6.818182
 12.562984 5.2877984 4.1229777 0.77971536 0.42090306 8.444187 15.909091
 29.432415 26.352926 24.364735 0.92455524 0.89537084 9.276904 5.681818
 93.284706 73.01014 54.642075 0.7484176 0.78265923 5.925437 10.227273
 103.70315 96.52993 87.496475 0.9064181 0.9308293 4.490182 1.9230769
 15.098907 9.341653 6.8618927 0.73454803 0.6186972 8.841122 13.636364
 92.326355 77.1551 58.92501 0.7637215 0.835678 6.4234366 12.5
 63.140224 63.947147 61.18691 0.9568356 1.0127798 7.1863728 5.952381
 27.710594 24.616444 23.009415 0.9347173 0.88834053 8.572234 9.523809
 78.27975 71.14313 65.915886 0.92652494 0.90883183 8.708329 9.523809
 12.891376 9.548197 6.2094617 0.6503282 0.7406655 9.065401 13.095238
 92.628555 91.48967 86.20727 0.94226235 0.9877048 8.205384 1.25
 108.08908 105.11171 98.09803 0.93327403 0.9724544 8.431099 1.25
 104.99712 100.54904 94.319626 0.938046 0.9576362 8.234427 1.25
 102.13535 100.139435 93.62145 0.9349109 0.98045814 8.186618 5.0
 96.93762 95.41326 88.98507 0.932628 0.98427474 8.26394 0.0
 104.63663 99.040344 91.3097 0.9219445 0.94651693 7.9903107 1.25
 101.038895 98.21965 91.45173 0.931094 0.97209746 8.187498 1.25
 107.46188 104.43883 98.348564 0.94168586 0.9718686 8.361415 3.75
 105.19423 102.20027 95.45649 0.9340141 0.9715388 8.316701 2.5
 110.969826 107.55034 96.749146 0.8995708 0.9691855 5.1186337 5.357143
 106.28338 104.45287 95.36331 0.9129793 0.98277706 6.199041 12.5
 97.06836 95.106636 88.95029 0.93526894 0.97979033 8.314674 1.25
 99.25953 93.75579 87.43401 0.9325719 0.94455206 8.326875 1.25
 106.02772 102.06961 95.230705 0.93299764 0.96266913 8.360272 1.25
 107.47898 103.09132 95.918434 0.93042207 0.95917654 8.386619 3.75
 99.366104 92.963936 83.28663 0.8959026 0.93556994 4.564719 9.615385
 100.949905 97.53116 90.41219 0.92700833 0.96613425 7.312036 4.1666665
 116.776375 113.94166 104.61134 0.91811323 0.97572523 6.850384 0.0
 105.801704 102.5242 94.21568 0.91896045 0.9690222 6.729731 0.0
 109.42189 105.940285 98.82757 0.9328611 0.9681818 8.28678 0.0
 93.28989 88.68047 81.886955 0.92339325 0.95059043 8.078328 10.0
 102.95469 100.88796 93.09306 0.92273706 0.9799259 7.649607 0.0
 103.56043 99.67533 91.75896 0.9205784 0.9624847 7.6963596 1.3157895
 88.92215 84.66735 74.91864 0.8848587 0.95215136 4.9769716 5.357143
 13.390312 12.158336 10.919916 0.89814234 0.9079949 7.570856 12.5
 91.96847 76.067635 70.7832 0.9305298 0.82710564 6.559627 13.235294
 94.11333 90.82143 83.121284 0.91521674 0.96502197 6.7249336 1.4705882
 72.27918 69.51366 63.68325 0.9161257 0.9617383 6.637946 4.4117646
 61.449223 47.02807 41.93716 0.8917475 0.76531595 6.8702617 4.6875
 81.79491 80.450775 72.58962 0.9022862 0.98356706 5.7601027 1.6666666
 9.046293 7.5988955 6.4374905 0.8471613 0.84000105 5.612335 10.0
 17.065123 12.21777 10.651803 0.8718288 0.71594965 4.463822 14.583333
 77.28732 74.88322 67.024216 0.89505 0.9688939 5.805052 5.0
 79.55482 78.541534 69.5193 0.8851279 0.987263 4.989685 7.142857
 29.730743 26.536116 23.032402 0.8679643 0.892548 4.446481 8.928572
 24.34745 20.613665 18.08433 0.8772982 0.84664565 4.4833226 7.6923075
 26.337002 18.73675 13.830312 0.7381383 0.711423 4.0776954 12.5
 1.0 59.49308 54.22206 49.883686 0.91998875 0.91140115 435.91467 8.425254 137.0
