 13.261589 8.827326 7.8725863 0.89184266 0.6656311 9.251409 17.045454
 9.132152 7.1749334 5.1594224 0.7190899 0.78567827 6.724081 10.227273
 7.696513 2.0477207 1.0728177 0.52390826 0.26605824 4.587072 18.181818
 76.71471 44.27709 39.580463 0.89392656 0.57716554 8.322291 15.476191
 99.114944 85.415215 55.955353 0.65509814 0.8617794 7.7268066 12.5
 13.452866 10.257623 9.016587 0.8790133 0.7624861 7.4991107 13.636364
 10.422283 8.076516 7.529381 0.932256 0.77492774 8.745766 14.772727
 15.44839 12.850376 12.015257 0.93501204 0.83182627 8.866627 17.045454
 99.010086 69.06419 63.41106 0.91814667 0.6975471 8.856745 17.045454
 9.451077 5.153408 4.2884655 0.83216107 0.54527205 6.0249357 15.909091
 114.1283 106.73683 94.071556 0.8813411 0.9352354 3.7218368 6.25
 25.436504 22.832327 21.072903 0.92294157 0.89762044 8.259156 11.363636
 115.36414 109.94734 103.3455 0.9399545 0.9530461 9.044959 2.2727273
 9.591663 7.824083 7.2429676 0.92572737 0.815717 8.774556 11.363636
 18.800087 17.7767 16.684408 0.9385549 0.94556475 9.237244 7.9545455
 11.118524 10.449451 9.740313 0.93213624 0.9398237 9.052373 12.5
 47.90803 39.85305 35.74553 0.8969333 0.8318657 4.5213437 5.357143
 10.465009 9.82179 9.122739 0.9288265 0.93853617 8.884325 10.714286
 83.68818 64.86059 60.509266 0.9329127 0.77502686 9.08032 15.909091
 24.231106 23.132479 21.728897 0.93932426 0.9546605 9.0812645 3.409091
 102.39269 95.82314 89.87208 0.93789536 0.93583965 9.069178 9.090909
 11.30771 11.297623 10.757884 0.95222545 0.99910796 8.896425 10.227273
 9.841946 8.676035 8.103203 0.93397534 0.8815366 9.148499 9.090909
 16.668945 14.889606 13.7799015 0.9254711 0.8932543 8.92543 7.9545455
 94.098495 88.9875 83.63245 0.9398224 0.9456847 9.04439 3.409091
 27.919813 24.227324 22.762625 0.9395435 0.8677466 9.454144 13.636364
 21.835705 18.26825 16.930376 0.9267652 0.8366228 3.7192311 14.583333
 13.510201 11.731295 9.769017 0.8327314 0.86832863 3.495557 8.333333
 92.500275 85.494286 79.69261 0.9321396 0.92425984 9.222224 10.227273
 1.4052421 0.28784263 0.070034176 0.24330717 0.20483491 1.9012508 18.421053
 10.881799 9.385374 8.707858 0.9278115 0.86248374 9.257149 12.5
 7.5521364 2.845035 1.7296448 0.607952 0.37671927 7.4357057 18.181818
 6.1497293 4.474983 3.9745986 0.8881818 0.72767156 8.661024 14.772727
 5.75384 1.2403415 0.21699132 0.17494482 0.21556762 1.0167291 12.5
 15.56758 15.563068 13.218903 0.8493764 0.9997102 7.7033544 7.9545455
 101.96962 67.33558 61.296837 0.9103187 0.6603494 8.845942 14.772727
 10.985211 9.901768 9.246928 0.9338664 0.90137255 9.78593 10.227273
 2.279496 0.638442 0.3835624 0.60077876 0.28008032 3.4466794 19.318182
 11.701006 8.174672 6.666262 0.81547755 0.6986299 7.545547 14.772727
 7.504788 5.8282356 5.207409 0.8934795 0.77660227 8.407126 12.5
 68.99897 60.36964 56.00802 0.92775136 0.8749354 8.648072 12.5
 87.973114 70.03077 64.86187 0.926191 0.79604745 9.223455 11.363636
 9.905644 6.669078 6.0281854 0.90390086 0.6732604 9.339862 14.772727
 84.09943 78.108604 74.213936 0.9501378 0.92876494 8.033429 5.681818
 92.7852 70.07097 64.63826 0.9224685 0.7551955 8.854712 14.772727
 11.535339 5.704389 3.154185 0.55294 0.4945142 4.4337463 15.909091
 7.9596925 5.5887074 5.0675807 0.90675366 0.702126 9.489933 15.909091
 12.11864 11.03728 9.596736 0.86948377 0.91076887 9.70764 13.636364
 12.172981 9.144272 8.596545 0.9401016 0.7511941 8.736428 17.045454
 19.882542 15.763861 14.374332 0.9118536 0.79284936 10.081057 13.636364
 22.134878 20.39292 19.24391 0.94365644 0.92130256 9.140632 6.818182
 105.82637 83.45518 77.643745 0.93036467 0.78860474 8.869516 13.636364
 18.868734 15.298076 14.159592 0.9255799 0.8107632 8.428422 10.227273
 6.1992383 2.8359787 2.5269709 0.89104015 0.45747212 7.7865596 17.045454
 94.23808 88.539314 83.03866 0.93787324 0.939528 9.076093 4.5454545
 23.315586 21.814838 20.739292 0.9506966 0.9356333 8.797923 7.9545455
 12.012431 6.8630557 2.3517735 0.34267148 0.5713295 2.7807963 13.888889
 39.956745 31.388494 29.157328 0.92891765 0.78556186 8.6195135 5.681818
 18.053497 17.502901 16.383644 0.93605316 0.96950185 6.3641424 6.9444447
 12.929556 11.384168 10.695671 0.93952155 0.8804763 9.227009 14.772727
 112.27345 105.99785 99.70342 0.9406174 0.9441043 9.064844 2.2727273
 12.452128 11.866205 11.177839 0.9419894 0.95294595 9.286946 11.363636
 59.70386 40.781586 37.372467 0.9164055 0.68306446 8.899685 13.636364
 10.93984 8.728442 7.8001614 0.89364874 0.7978583 9.174988 14.772727
 3.3581522 0.80739063 0.22614452 0.28009307 0.24042706 2.443179 12.5
 13.049363 11.697129 11.044124 0.9441739 0.8963755 8.641614 7.9545455
 81.91049 64.51088 59.776894 0.92661726 0.78757775 8.569922 17.045454
 12.0701 11.307908 10.57027 0.9347679 0.93685293 8.985966 6.818182
 8.029405 7.3241153 7.2730126 0.99302274 0.9121617 9.13568 18.75
 8.406646 7.4164786 6.9752192 0.9405029 0.8822161 9.40313 12.5
 10.966096 9.571326 8.803803 0.91981024 0.8728107 9.171297 11.363636
 58.878803 28.967619 25.889566 0.89374155 0.49198723 8.3652725 15.909091
 50.52328 38.618652 36.02439 0.93282354 0.7643734 8.801593 13.636364
 6.270375 1.8853204 0.6016652 0.31913152 0.3006711 2.6547675 18.181818
 83.64632 65.13228 60.905754 0.9351086 0.77866286 9.094236 14.772727
 26.08315 22.508612 21.117159 0.9381813 0.86295605 8.557485 11.363636
 20.918724 19.109259 17.98338 0.941082 0.91350013 8.982562 5.681818
 9.614396 6.6183276 6.1267767 0.9257288 0.68837684 8.6037855 17.045454
 7.0062456 3.4228728 0.89629346 0.26185414 0.48854592 2.975767 17.857143
 5.04831 1.2970711 0.6085674 0.46918586 0.25693178 4.690684 17.045454
 55.252266 40.94052 38.02103 0.9286895 0.7409745 8.9432 14.772727
 88.15415 39.74683 33.568314 0.84455323 0.45087868 8.49451 18.181818
 12.400717 10.257733 9.486077 0.9247732 0.82718873 9.488148 14.772727
 95.22207 90.12525 84.63086 0.939036 0.94647443 9.041846 3.409091
 7.6295905 4.109813 3.5002391 0.85167843 0.53866756 8.369675 15.909091
 12.134139 10.741834 10.056016 0.9361545 0.8852571 8.898207 7.9545455
 13.992398 10.517163 9.830103 0.9346725 0.75163406 8.817175 12.5
 9.539952 4.2826552 3.7522752 0.87615633 0.44891787 7.590699 18.181818
 8.082546 4.1130567 3.5166302 0.8549919 0.5088813 8.808971 16.666666
 10.224587 9.3884535 8.778836 0.9350673 0.9182232 8.748233 13.636364
 6.6977096 3.1268244 2.384605 0.7626283 0.46684983 9.214216 15.909091
 29.092937 24.02507 22.197275 0.92392135 0.82580423 9.160473 11.363636
 10.087138 6.6406684 5.979323 0.9004098 0.65833026 9.410399 17.045454
 10.300436 8.257024 6.812202 0.82501906 0.8016189 9.2095175 14.772727
 11.131486 6.2547994 4.9566197 0.7924506 0.56190157 7.4939804 18.181818
 9.412881 7.2887373 6.7825475 0.9305518 0.77433646 8.405214 11.363636
 54.19799 34.776947 31.72818 0.9123336 0.64166486 8.926559 17.045454
 1.629216 0.3871509 0.13704066 0.3539722 0.2376302 2.332689 18.421053
 10.670877 9.310998 8.525091 0.9155937 0.8725616 8.992439 10.227273
 111.82131 105.79677 99.574585 0.9411874 0.9461235 9.027382 9.090909
 15.527663 13.078813 11.517311 0.8806083 0.8422911 7.4303713 13.636364
 11.718911 9.133136 8.236514 0.90182763 0.7793502 9.005761 11.363636
 17.413574 15.633902 14.562593 0.9314753 0.89779973 9.047109 9.090909
 67.06703 48.772747 45.017166 0.92299837 0.7272239 8.932959 12.5
 88.61995 64.73059 59.584705 0.92050296 0.7304292 9.112873 14.772727
 11.65192 8.213396 7.571925 0.92189944 0.70489633 9.136076 20.454546
 16.8599 17.721048 16.571272 0.935118 1.0510768 9.034591 13.636364
 59.425663 56.448025 52.763546 0.93472797 0.94989306 8.8864 3.409091
 17.903528 14.152679 12.555773 0.8871658 0.79049665 8.933792 15.909091
 21.758408 11.699414 9.943852 0.8499444 0.5376963 8.373278 13.636364
 10.87822 6.6926613 5.809069 0.8679759 0.615235 7.880398 17.045454
 28.701162 27.814426 26.359812 0.9477028 0.9691045 9.002911 3.409091
 29.12108 25.451565 23.600603 0.9272752 0.8739911 9.323068 11.363636
 10.377526 6.702261 4.7444353 0.7078858 0.64584374 7.013996 15.909091
 7.2526965 4.856734 3.9020088 0.8034224 0.66964525 7.902275 9.210526
 11.751858 11.959006 11.425105 0.9553557 1.0176269 9.386953 9.090909
 8.589988 5.3917503 4.223843 0.78339 0.62767845 6.846491 13.75
 18.14398 4.8871584 2.0149198 0.41228864 0.26935425 1.8667341 18.75
 109.52258 79.73713 73.93633 0.92725104 0.7280428 9.048391 18.181818
 110.6961 102.459335 96.25116 0.9394084 0.92559123 9.049706 5.681818
 10.89972 10.751829 10.04392 0.93415916 0.98643166 8.967685 9.090909
 2.2649536 0.765187 0.3666899 0.479216 0.33783785 5.171316 17.045454
 20.005327 18.503479 15.58792 0.84243184 0.9249276 9.795997 6.818182
 18.570984 12.380916 6.606168 0.53357667 0.6666807 4.859737 13.636364
 18.250996 10.974767 10.053639 0.9160687 0.60132426 9.2670765 14.772727
 61.80063 55.409492 51.47645 0.9290186 0.89658463 9.240197 7.9545455
 117.22761 113.19781 99.78479 0.8815082 0.96562415 3.6839826 2.0833333
 17.839155 15.594429 14.507595 0.93030626 0.8741686 9.647258 9.090909
 9.336203 7.4264708 6.8671026 0.9246791 0.7954488 8.648116 12.5
 12.621108 11.966754 11.222811 0.9378325 0.94815403 9.22367 13.636364
 27.491285 23.55219 21.668985 0.9200412 0.85671484 8.866075 14.772727
 79.66432 74.06037 69.42134 0.9373615 0.92965543 9.165692 6.818182
 115.6548 109.29998 102.009674 0.9333 0.9450536 8.578699 0.0
 8.501876 5.2608514 4.1848607 0.79547215 0.6187871 6.666946 9.523809
 6.4214196 3.5684304 2.7947683 0.78319263 0.5557074 7.6419353 17.045454
 10.754851 10.326162 9.629203 0.9325054 0.96013993 8.724865 10.227273
 15.484858 11.950305 10.72033 0.89707583 0.7717414 8.733716 11.363636
 21.23105 19.937424 18.450016 0.92539626 0.93906915 6.9682393 6.9444447
 10.345056 8.366576 7.7670054 0.9283374 0.8087512 8.1589365 11.842105
 16.966648 9.464781 8.372931 0.8846407 0.55784625 6.377789 13.157895
 10.674582 10.570136 9.833849 0.9303426 0.99021554 7.009119 11.111111
 2.180617 0.6286062 0.07534973 0.11986794 0.28826988 0.97382814 16.666666
 14.235735 12.388661 11.347643 0.9159701 0.8702509 7.476616 15.277778
 109.58622 110.025024 101.73431 0.924647 1.0040041 7.4942055 5.5555553
 32.234196 30.081629 26.264908 0.8731212 0.93322104 5.7916303 6.6666665
 11.019607 3.4189525 0.60648966 0.17739049 0.31026083 0.9708492 12.5
 100.47382 87.49724 74.85507 0.8555135 0.87084615 3.985775 8.333333
 117.10886 90.54466 77.327324 0.8540241 0.77316666 3.9262044 14.583333
 1.0 33.701897 27.665665 25.087383 0.9068057 0.8208934 225.16658 12.215185 148.0
