 17.684288 13.459588 12.325095 0.91571116 0.76110435 8.468394 12.5
 125.93986 128.53662 123.56879 0.9613509 1.020619 9.405785 0.0
 137.26247 136.16193 129.15913 0.9485701 0.9919822 6.3727417 0.0
 135.38008 135.25626 126.70396 0.93676966 0.9990853 4.422759 5.769231
 1.4799519 0.42331058 0.1233173 0.29131636 0.28603 1.6581205 15.909091
 7.6388135 6.789707 6.3564186 0.93618447 0.8888432 9.105353 10.227273
 118.633224 120.447296 113.73013 0.94423157 1.0152915 4.8548617 8.928572
 127.97808 131.32803 123.16942 0.93787605 1.026176 4.384336 1.9230769
 134.74051 135.01445 129.36899 0.95818627 1.0020331 7.173996 13.157895
 134.39725 134.97966 126.81125 0.9394841 1.0043335 5.2902513 1.6666666
 118.66222 117.23654 110.43972 0.94202477 0.9879854 9.1303005 3.409091
 130.90498 134.12404 126.117615 0.9403058 1.0245907 5.690319 4.6875
 131.24475 132.7975 125.948654 0.9484264 1.0118308 9.193309 1.1363636
 133.30911 135.81967 129.08449 0.95041084 1.0188326 5.9454923 1.5625
 126.25072 129.72179 118.83568 0.91608113 1.0274935 8.985002 0.0
 106.85019 107.03485 103.05901 0.96285474 1.0017282 8.888236 7.9545455
 125.5187 129.2551 120.109314 0.92924243 1.0297676 7.1652927 2.631579
 131.58452 133.83128 129.29976 0.9661401 1.0170747 9.139314 0.0
 20.654692 14.975487 7.597036 0.5072981 0.72504044 3.1857314 10.416667
 123.63966 119.58152 111.35179 0.9311789 0.9671776 3.9201066 10.416667
 125.15693 127.6385 119.64061 0.93733954 1.0198276 9.080785 1.1363636
 117.29909 119.770164 112.09107 0.9358848 1.0210664 9.080593 3.409091
 126.90311 127.12648 121.895294 0.95885056 1.0017601 6.780968 4.1666665
 130.62561 135.62885 129.58005 0.95540184 1.0383022 8.039266 1.25
 133.9569 140.36176 135.86884 0.96799046 1.0478128 9.276197 3.409091
 116.929596 114.397415 109.72913 0.9591924 0.97834444 9.134014 7.9545455
 134.17018 135.9035 129.14279 0.95025355 1.0129188 5.8219814 1.5625
 14.716751 12.827913 9.879973 0.77019334 0.87165385 5.2692385 12.5
 98.54264 75.793686 71.26675 0.94027287 0.7691461 6.1705227 16.17647
 67.53344 49.223797 39.616993 0.80483425 0.72888035 11.930958 9.090909
 124.58254 125.63986 119.14267 0.9482872 1.0084869 5.849551 3.125
 140.74976 141.97298 134.89865 0.9501713 1.0086907 5.9002423 3.125
 18.157524 18.657515 17.029726 0.9127543 1.0275363 3.79771 8.333333
 123.72625 125.10816 118.40574 0.946427 1.0111692 9.124596 2.2727273
 113.99551 117.31012 113.266106 0.9655272 1.0290767 9.140057 7.9545455
 127.39292 127.32817 120.17951 0.9438565 0.9994917 5.407909 1.6666666
 146.61594 152.10869 144.75897 0.9516811 1.0374635 5.9141674 1.5625
 124.39168 128.45062 123.94764 0.9649439 1.0326303 9.472035 12.5
 113.19476 100.05416 95.56993 0.955182 0.88391155 9.406698 11.363636
 135.51051 136.97437 130.08891 0.9497318 1.0108026 5.931349 1.5625
 145.97578 149.84889 142.75696 0.9526728 1.0265325 5.6167474 7.8125
 109.73144 113.021515 109.291916 0.967001 1.0299829 9.322822 0.0
 142.5192 150.26105 143.5095 0.95506793 1.0543215 5.668211 1.5625
 11.677561 10.584193 7.5909142 0.7171935 0.9063702 6.453041 9.090909
 13.796028 12.109423 10.643396 0.8789351 0.877747 8.374933 11.363636
 124.83607 125.47658 120.39196 0.95947754 1.0051308 9.10991 10.227273
 124.600945 127.23641 123.09086 0.9674185 1.0211513 9.023508 1.1363636
 132.60097 135.5997 128.66354 0.94884825 1.0226148 5.879659 0.0
 13.5516 13.254093 11.451861 0.86402446 0.97804636 9.371188 7.142857
 119.19889 119.98589 115.636765 0.963753 1.0066025 9.06461 1.1363636
 14.661807 12.176415 8.776879 0.72080976 0.83048534 6.8103333 7.9545455
 16.34389 16.58458 16.040552 0.96719676 1.0147266 8.474276 13.636364
 113.88613 116.30707 111.84384 0.96162546 1.0212575 9.307788 3.409091
 13.377349 13.9830475 13.4438505 0.96143925 1.045278 9.309785 9.090909
 7.7124457 6.9541583 6.6407704 0.95493513 0.90168005 7.770986 12.5
 7.4088693 7.3453856 6.838024 0.9309279 0.9914314 7.6101956 5.681818
 14.942857 16.3699 15.692852 0.95864064 1.0955 8.55184 6.818182
 124.56502 121.53455 111.83876 0.92022187 0.97567165 3.9316025 2.0833333
 125.58795 129.0771 125.141945 0.96951306 1.0277826 9.252177 0.0
 112.52831 112.31358 106.407005 0.94741 0.99809176 9.111314 3.409091
 143.54955 147.95619 140.55852 0.95000094 1.0306977 5.77824 1.5625
 121.78396 126.17042 121.97104 0.9667166 1.0360184 9.311338 1.1363636
 116.69647 113.10081 104.0982 0.9204019 0.9691879 3.9507637 2.0833333
 17.665937 18.386576 17.435686 0.9482835 1.0407925 8.310092 7.9545455
 101.69582 101.1419 97.20706 0.9610959 0.9945531 9.657677 3.409091
 129.97836 137.18048 131.61942 0.9594618 1.0554101 5.6967587 1.5625
 129.0096 124.55438 117.03225 0.9396076 0.9654661 5.4324117 1.6666666
 116.952965 120.25751 115.73315 0.96237767 1.0282553 9.179271 3.409091
 115.64072 105.862305 101.6947 0.9606318 0.91544145 8.95378 12.5
 42.073387 29.330547 23.176163 0.79017144 0.69712824 3.9887242 10.416667
 148.49461 148.40099 139.17256 0.93781424 0.99936944 5.942694 3.125
 122.55 122.285355 117.12445 0.9577963 0.99784046 9.447861 3.409091
 128.17293 130.3613 124.98272 0.958741 1.0170735 7.349068 0.0
 128.49496 125.412155 115.84046 0.9236781 0.97600836 3.9068432 10.416667
 139.5166 142.32687 134.97955 0.9483771 1.020143 5.82006 9.375
 125.7855 126.770966 121.48414 0.95829624 1.0078344 6.3715696 7.352941
 129.75555 127.55151 120.44399 0.9442772 0.98301387 5.996748 7.8125
 131.85593 133.14621 126.67121 0.95136935 1.0097854 5.9041305 0.0
 15.918137 14.099202 13.823472 0.98044354 0.88573194 8.0019655 6.818182
 14.6455555 17.55847 17.084896 0.9730288 1.198894 9.266426 10.714286
 113.270645 113.73521 105.69312 0.9292911 1.0041013 4.4780416 1.9230769
 145.20662 147.30733 138.19913 0.9381687 1.0144671 5.772198 1.5625
 13.743015 14.716238 13.714603 0.9319368 1.0708158 8.527183 9.090909
 120.88929 123.30102 118.78886 0.9634053 1.0199499 9.364359 5.681818
 120.50423 116.667885 108.94635 0.9338161 0.96816427 4.330266 1.9230769
 120.24983 124.06827 116.63424 0.9400812 1.0317541 9.095788 3.409091
 13.785771 11.12643 4.522917 0.4065021 0.80709517 4.8394127 13.636364
 17.30096 14.643723 12.218488 0.834384 0.846411 8.893667 13.636364
 17.662441 15.042053 13.755281 0.914455 0.8516407 4.2699428 5.0
 15.8958645 14.49079 13.4727545 0.929746 0.91160756 10.981285 11.363636
 19.184408 16.7359 15.778353 0.9427848 0.87236995 10.220949 10.227273
 118.85922 119.30632 112.50597 0.9430009 1.0037616 5.825732 1.5625
 126.36153 127.759926 119.89902 0.9384712 1.0110667 5.8259954 1.5625
 121.586044 123.11249 116.89781 0.9495204 1.0125544 7.331356 0.0
 116.58657 120.676025 115.40868 0.95635134 1.0350765 8.781001 11.904762
 52.80692 54.58889 53.91558 0.9876658 1.033745 8.731934 10.714286
 125.23055 131.66156 124.12417 0.9427517 1.0513533 8.285479 1.25
 135.12038 144.50877 129.6993 0.89751846 1.0694817 3.9060924 6.25
 19.001747 18.793987 17.594671 0.9361862 0.9890663 7.118291 10.526316
 103.73983 106.11064 99.11786 0.93409914 1.0228534 7.9570293 2.631579
 120.037315 132.26797 124.99325 0.94500005 1.1018904 7.792882 3.9473684
 113.16142 118.23295 111.161446 0.94019014 1.0448167 7.9087367 0.0
 122.50639 131.4978 120.407814 0.9156641 1.0733955 7.7087603 2.631579
 111.185776 120.64847 112.466064 0.93217975 1.0851071 7.219271 1.3888888
 145.43456 161.16765 144.70143 0.8978317 1.1081799 3.9841053 0.0
 94.63021 104.818924 92.54962 0.8829476 1.1076688 4.50027 1.9230769
 118.00494 124.66615 116.17233 0.9318675 1.0564486 7.351741 0.0
 4.779833 3.7873397 1.8165576 0.47963947 0.7923582 2.3355427 8.333333
 126.54108 136.4156 124.44666 0.9122612 1.0780342 7.28141 0.0
 130.54144 134.71011 124.230034 0.92220265 1.0319338 6.9409738 5.882353
 91.96383 84.629074 77.856926 0.9199785 0.920243 5.8262453 8.333333
 136.2735 136.03398 123.49181 0.9078012 0.9982424 5.889383 1.6666666
 131.99971 128.57545 116.95033 0.90958524 0.97405857 6.0086718 1.6666666
 138.36938 135.46475 120.64531 0.89060295 0.97900814 5.277065 1.7857143
 9.275893 3.764833 2.7754927 0.73721534 0.40587282 3.5982711 11.538462
 64.40002 46.416973 38.68186 0.833356 0.7207603 4.5277724 1.9230769
 101.086784 102.3559 89.44808 0.8738927 1.0125548 4.897105 5.769231
 129.76036 129.37225 113.59068 0.87801427 0.99700904 4.7863946 1.9230769
 11.936301 7.7472143 6.4357276 0.83071506 0.6490465 3.1901484 10.416667
 136.07317 135.18826 118.66014 0.8777399 0.99349695 4.312324 10.416667
 1.0 96.73827 97.225365 91.16128 0.9376285 1.0050352 674.24524 5.4050055 120.0
