 108.33786 108.20855 101.34061 0.93653053 0.9988064 8.808426 4.5454545
 10.255326 9.051873 8.137453 0.89897996 0.882651 10.085726 4.5454545
 93.006966 95.21902 89.304794 0.9378882 1.0237838 8.986034 1.1363636
 97.68131 100.07644 92.1545 0.92084116 1.0245198 7.003732 2.7777777
 21.200914 8.23008 1.647535 0.20018457 0.38819456 2.3864236 14.772727
 12.178085 7.6163316 6.5835066 0.86439335 0.6254129 5.6417603 16.666666
 75.10789 46.857777 40.33273 0.8607478 0.62387294 4.156761 12.5
 50.146095 49.658436 46.185616 0.9300658 0.99027526 8.739366 3.409091
 6.003828 1.2912463 0.43450248 0.33649853 0.2150705 1.1666015 16.666666
 80.44138 81.14066 76.12121 0.93813884 1.0086931 8.500466 10.714286
 70.07578 66.97039 61.109127 0.91247976 0.9556852 10.706461 5.681818
 40.77496 41.88112 38.179348 0.9116124 1.0271285 8.639429 12.5
 89.13274 85.520805 80.2794 0.93871206 0.9594769 8.831348 5.681818
 9.759818 5.7886024 4.132356 0.71387804 0.59310555 8.0676365 11.904762
 36.185112 35.18267 32.398155 0.9208555 0.97229683 9.321661 15.909091
 40.489628 41.33393 38.750698 0.9375033 1.0208523 8.93804 9.090909
 39.83475 41.968002 39.714783 0.946311 1.0535525 9.01032 1.1363636
 16.206858 16.390312 15.452573 0.9427869 1.0113196 8.41126 7.9545455
 67.09459 67.338425 63.00318 0.93562007 1.0036342 8.549243 0.0
 36.045784 33.731266 31.741722 0.94101775 0.9357895 8.739117 11.363636
 104.526276 88.7097 78.33741 0.88307595 0.8486833 4.5090194 7.6923075
 2.9353602 1.2408228 0.58389324 0.4705694 0.4227157 4.8102784 17.5
 90.17154 91.15215 83.9904 0.9214308 1.010875 8.828991 7.9545455
 8.550332 7.8889174 6.517136 0.8261128 0.92264456 9.444839 12.5
 51.292336 53.491276 50.465313 0.94343066 1.0428708 8.237331 7.9545455
 15.874492 13.338493 11.994121 0.89921105 0.840247 5.1785526 14.285714
 75.19491 76.1807 69.867805 0.9171327 1.0131099 8.693815 6.818182
 89.966095 90.617065 83.45454 0.9209583 1.0072356 8.077304 11.904762
 95.18693 97.25877 91.42937 0.9400629 1.0217661 8.898003 7.9545455
 10.890869 7.1238494 6.633153 0.9311192 0.6541121 5.938029 17.045454
 94.15547 99.45526 90.64737 0.91143864 1.0562876 6.743608 0.0
 104.693535 105.53481 99.53123 0.94311273 1.0080357 8.585979 2.2727273
 100.58263 106.26203 94.504776 0.88935596 1.0564651 4.1792693 0.0
 87.14657 57.43214 52.867706 0.9205248 0.6590293 8.8032 12.5
 17.225168 17.160872 16.001358 0.9324327 0.9962674 9.478789 11.363636
 3.6551528 1.1507404 0.1768757 0.153706 0.31482688 2.1238348 16.666666
 4.6063595 1.8274615 0.92008936 0.5034795 0.39672574 5.1734424 16.17647
 42.653484 43.41163 41.27879 0.9508695 1.0177745 8.463536 10.227273
 96.06071 98.642296 90.78712 0.920367 1.0268745 8.822888 4.5454545
 32.509613 34.200745 31.595274 0.9238183 1.0520195 7.093795 4.1666665
 69.837234 41.263012 35.743317 0.8662313 0.59084547 6.048589 11.764706
 109.417534 98.67017 92.773865 0.94024223 0.9017766 8.82324 7.9545455
 93.11678 96.31994 91.067024 0.9454639 1.0343993 8.800103 3.409091
 85.19493 80.76432 74.98551 0.9284485 0.94799435 8.895495 7.9545455
 97.9646 99.430176 93.21525 0.9374946 1.0149603 8.886196 9.090909
 44.142975 45.671474 42.59784 0.9327012 1.0346261 6.1731114 12.5
 44.033363 47.76237 45.016518 0.9425101 1.0846859 8.64851 9.090909
 107.43749 95.518394 89.55833 0.9376029 0.8890602 8.908674 13.636364
 103.38548 94.2767 88.08159 0.934288 0.911895 8.8338175 15.909091
 15.729149 15.378563 14.213955 0.9242707 0.9777111 9.2339115 2.2727273
 29.521471 25.783226 22.620953 0.8773515 0.873372 7.8862967 10.227273
 3.4593976 1.4237645 0.39781186 0.27940848 0.4115643 2.8123553 17.857143
 26.682594 25.28321 23.795385 0.94115365 0.94755447 8.887854 10.227273
 4.391602 1.6116141 0.4537098 0.28152508 0.36697638 1.9265007 16.25
 95.51717 94.71142 88.51486 0.9345743 0.9915643 8.815912 15.909091
 19.421276 20.48519 18.90207 0.9227189 1.0547808 7.959072 8.75
 7.1905837 4.644667 3.181089 0.6848906 0.6459374 8.470458 15.909091
 94.82218 92.7848 86.7233 0.9346714 0.97851366 8.872184 13.636364
 82.702805 86.18485 80.35419 0.932347 1.0421032 7.973539 5.681818
 22.202452 23.593956 22.108395 0.93703634 1.0626736 8.915072 4.5454545
 86.3172 88.142166 82.83089 0.93974197 1.0211426 8.992344 3.409091
 11.657632 11.839814 10.975515 0.92700064 1.0156277 8.881106 11.363636
 81.29094 87.86771 77.031494 0.8766759 1.080904 4.1658597 0.0
 9.536634 7.6744585 7.0626416 0.92027885 0.80473447 8.445827 13.636364
 1.7852637 0.53351665 0.34441924 0.64556414 0.29884475 9.660767 17.857143
 100.21776 92.28361 84.180855 0.91219723 0.9208309 5.9150133 14.0625
 84.7543 84.254715 75.68343 0.8982695 0.99410534 6.5377398 8.823529
 84.07381 83.76459 78.428604 0.9362978 0.9963221 8.747483 7.9545455
 20.216623 17.994312 15.93446 0.8855276 0.89007497 7.2402244 11.842105
 20.182938 20.639864 19.18236 0.92938405 1.0226393 8.842472 5.681818
 16.406694 16.602262 15.801386 0.95176095 1.0119201 8.871375 10.227273
 13.830347 10.776461 9.988749 0.9269044 0.77918947 9.077273 14.772727
 89.7541 92.018936 84.3656 0.91682875 1.0252339 8.843498 7.9545455
 87.99232 90.48332 79.644875 0.88021606 1.0283093 4.168714 4.1666665
 3.5645914 0.9576189 0.25491995 0.26620188 0.26864758 2.0615845 18.181818
 95.99482 94.6548 87.7228 0.9267655 0.9860407 8.675335 9.090909
 62.44079 64.0724 59.651016 0.93099385 1.0261306 8.986373 1.1363636
 96.61965 92.40791 86.25268 0.93339056 0.9564091 8.666928 7.9545455
 92.628746 78.41687 73.03421 0.93135834 0.8465716 8.728271 15.909091
 81.171005 53.578415 47.312603 0.8830535 0.66006833 8.491803 13.636364
 84.4886 59.212803 53.49712 0.9034722 0.7008378 7.3315754 13.157895
 21.24297 18.6857 16.156544 0.8646475 0.87961805 9.761927 13.636364
 88.19997 88.45765 81.62113 0.92271423 1.0029216 9.043701 3.409091
 20.65452 20.762896 19.084616 0.9191692 1.0052471 9.25433 3.409091
 41.312225 39.788437 36.931103 0.92818683 0.96311533 9.411563 13.636364
 57.002266 58.68035 54.201252 0.9236695 1.029439 9.258449 9.090909
 86.41597 57.895184 52.535908 0.90743136 0.6699593 8.705403 13.636364
 91.491035 78.8335 72.59928 0.9209191 0.8616528 7.4139786 13.157895
 56.348343 53.54305 50.250107 0.93849915 0.9502151 9.079961 12.5
 71.72916 42.0107 36.34823 0.8652136 0.58568513 6.8160534 12.5
 49.87048 54.89221 51.79019 0.94348896 1.1006955 7.941216 3.409091
 101.38862 103.860306 97.43112 0.93809783 1.0243783 8.978309 0.0
 49.08141 50.63022 47.09529 0.9301814 1.031556 9.392335 6.818182
 110.5695 110.36417 97.290344 0.8815393 0.9981429 4.6441236 0.0
 98.23878 101.80763 95.48469 0.9378933 1.0363284 8.990678 1.1363636
 2.3612618 0.3466326 0.07636707 0.2203113 0.14679973 2.450628 20.0
 19.5092 15.137606 12.187929 0.80514246 0.77592146 9.104788 12.5
 24.419575 24.55106 22.68907 0.9241585 1.0053844 7.660419 6.5789475
 74.74555 74.04617 69.233246 0.9350011 0.9906431 9.045726 12.5
 2.6053233 1.0066324 0.28783312 0.28593668 0.38637525 2.575847 16.25
 30.994343 31.126705 24.01734 0.7715992 1.0042706 7.75625 4.5454545
 39.10111 41.430412 39.238487 0.9470937 1.0595713 8.67319 1.1363636
 35.68417 37.4931 34.94383 0.9320069 1.0506928 9.323776 5.681818
 97.50196 98.8812 91.265274 0.92297906 1.0141457 8.988568 9.090909
 13.34355 9.048239 3.23469 0.3574939 0.6780983 5.1152186 11.363636
 100.12273 89.0453 83.38348 0.9364163 0.88936156 8.684252 13.636364
 4.9485683 2.2081127 1.0471443 0.47422594 0.44621244 5.121853 20.238094
 21.768791 21.393274 20.067204 0.93801457 0.98274976 7.831557 9.090909
 91.37783 92.75694 86.65392 0.9342042 1.0150924 8.94153 6.818182
 15.928983 9.107061 5.1094103 0.56103826 0.571729 3.6160927 13.636364
 95.85146 98.02493 92.41538 0.94277424 1.0226754 8.892433 10.227273
 92.21948 66.32534 61.56821 0.92827576 0.7192119 8.774263 15.909091
 14.416855 11.398566 8.265937 0.7251734 0.79064167 5.5657234 12.5
 2.583531 0.80541754 0.28363746 0.35216203 0.31175068 2.5286617 16.25
 99.49808 104.10141 96.18443 0.92394936 1.0462656 6.519332 4.4117646
 91.217995 73.42245 66.767525 0.90936124 0.8049118 7.0161138 12.5
 80.19423 78.06279 72.09178 0.9235102 0.9734215 10.140074 17.045454
 87.63271 81.34245 76.189575 0.93665206 0.92822015 8.815354 14.772727
 101.15617 101.03264 93.66908 0.9271171 0.99877876 8.862455 5.681818
 84.9803 60.031445 55.31342 0.92140746 0.706416 8.644695 13.636364
 91.80477 88.723526 76.752716 0.8650774 0.96643704 4.1971273 8.333333
 10.158067 5.7124963 4.623149 0.8093045 0.5623606 6.8581676 17.045454
 87.23951 71.72131 65.46418 0.91275764 0.8221196 8.5718975 11.363636
 90.46099 97.50341 89.47426 0.9176526 1.0778503 6.0827374 9.375
 98.768196 97.32002 87.53872 0.89949346 0.9853377 5.0587134 5.357143
 49.00039 49.639656 45.527122 0.9171522 1.0130461 9.536957 0.0
 88.94745 93.00957 88.53859 0.95192987 1.0456688 8.73203 6.818182
 66.26408 67.9102 63.201767 0.9306668 1.0248419 9.693584 3.409091
 18.108294 14.115721 12.1884575 0.8634669 0.7795169 8.166251 12.5
 61.718723 44.407898 39.166615 0.88197404 0.7195207 10.328699 5.681818
 3.539123 1.3297936 0.82625 0.62133706 0.37574098 5.4322143 15.909091
 106.226906 104.78227 93.81653 0.89534736 0.9864005 7.8765197 6.25
 87.44929 92.44588 84.96588 0.91908777 1.057137 5.9136868 9.375
 100.472374 105.06208 99.297066 0.94512755 1.0456814 8.888769 1.1363636
 104.55222 109.09679 98.13226 0.8994973 1.0434669 5.5171857 5.0
 113.798386 97.44671 86.76042 0.8903371 0.8563101 4.927609 8.928572
 58.758877 61.262695 57.783436 0.94320756 1.0426117 9.038886 4.5454545
 23.635374 24.163162 22.700008 0.93944687 1.0223305 8.61251 1.1363636
 9.03985 8.668398 7.980335 0.920624 0.9589095 8.884198 6.818182
 27.124453 28.213549 25.820887 0.9151946 1.0401518 8.473352 1.1363636
 28.26563 27.873007 26.123243 0.93722373 0.98610955 8.659324 1.1363636
 15.903226 13.4775505 12.645269 0.93824685 0.8474728 8.931008 11.363636
 10.085803 3.6232305 0.51585627 0.14237466 0.35924065 0.9796822 17.045454
 90.17055 91.11856 85.75141 0.94109714 1.0105135 9.107905 10.227273
 68.485664 71.91789 66.54663 0.925314 1.0501161 8.958127 7.9545455
 29.269821 28.18649 24.589909 0.8724005 0.96298814 6.341713 8.928572
 99.480415 100.90369 88.90831 0.8811205 1.014307 4.6922417 5.769231
 35.7639 33.6931 31.489492 0.9345976 0.9420981 8.5367 5.681818
 17.656116 8.885959 3.7605143 0.42319733 0.5032793 5.191359 16.666666
 97.77434 98.977104 89.94773 0.9087731 1.0123014 6.342091 13.235294
 85.52244 87.795296 81.89728 0.9328208 1.0265762 8.139571 10.714286
 99.363556 79.5804 72.170586 0.9068889 0.8009013 8.186448 15.476191
 82.12272 87.62095 79.7228 0.90986 1.0669514 5.7207794 1.5625
 96.52805 99.5675 91.869606 0.9226867 1.0314877 6.76629 12.5
 52.874977 50.363594 46.591064 0.9250941 0.9525033 7.5530763 10.526316
 5.291049 4.6096053 3.9053857 0.84722775 0.8712082 7.6122227 11.25
 15.700125 13.643892 12.409043 0.90949434 0.86903083 7.9603567 15.0
 104.038284 65.91988 58.735058 0.8910067 0.63361174 7.385516 20.0
 92.622635 88.6262 81.42768 0.9187766 0.95685256 7.693972 6.25
 95.41181 93.130424 87.464096 0.9391571 0.976089 7.716216 1.25
 29.868334 28.275301 26.197031 0.9264988 0.9466648 7.588106 13.75
 41.481735 34.354134 30.669132 0.8927348 0.82817495 7.38363 0.0
 14.985728 11.10713 9.933102 0.8942996 0.74118054 7.139276 9.210526
 37.328243 34.549274 31.304867 0.9060933 0.92555326 6.9294696 11.842105
 77.09694 70.7615 62.898914 0.8888861 0.917825 4.7411194 7.142857
 100.02604 76.90881 70.1867 0.91259634 0.7688879 6.5884404 12.5
 105.190094 95.50396 85.48685 0.8951131 0.9079178 3.810016 6.25
 43.72398 43.48416 40.69753 0.9359162 0.9945152 6.8505445 9.722222
 99.939415 86.16387 80.13004 0.92997265 0.86216104 7.03462 11.111111
 96.58884 93.17211 86.044464 0.92350024 0.9646261 6.5820856 6.9444447
 111.17105 108.63908 101.48886 0.9341837 0.9772245 6.4834347 11.764706
 20.853598 19.339144 16.530672 0.8547778 0.92737687 6.484021 4.4117646
 10.236852 8.500282 7.600672 0.89416695 0.830361 6.3105917 5.882353
 29.432638 18.8722 15.832229 0.838918 0.64119977 6.3512583 11.764706
 112.16888 85.97093 80.160385 0.9324126 0.76644194 6.4958487 14.705882
 75.01394 70.35991 64.70052 0.91956514 0.93795776 6.0097494 4.6875
 52.065834 47.479763 44.36455 0.9343887 0.91191787 5.8688774 1.5625
 96.67134 93.799934 88.47434 0.9432239 0.9702972 5.9165893 4.6875
 21.30101 19.799839 18.186932 0.91853935 0.92952585 5.3338046 10.0
 109.96421 113.35706 105.708855 0.93252987 1.0308542 5.556088 1.6666666
 102.67986 106.54547 98.8922 0.9281689 1.0376472 5.604979 0.0
 15.498752 14.215924 12.2707 0.8631658 0.9172303 4.6129656 10.0
 34.76092 36.087234 33.21572 0.9204285 1.0381553 5.6404 1.6666666
 27.072483 29.674606 28.483515 0.9598616 1.0961169 5.435005 8.333333
 16.472494 16.258392 14.910433 0.9170914 0.9870025 3.7171052 4.1666665
 100.38533 103.079926 95.43792 0.9258633 1.0268425 5.6463923 6.6666665
 97.76859 96.585556 89.145164 0.9229658 0.9878996 5.474516 11.666667
 94.29243 86.97192 80.23003 0.922482 0.92236376 5.567092 6.6666665
 116.033966 116.35565 107.721176 0.92579234 1.0027723 5.0361514 1.7857143
 28.7796 24.635387 21.57281 0.8756838 0.85600173 5.448426 12.5
 85.12909 85.18751 75.900055 0.89097637 1.0006863 4.5381446 1.9230769
 83.86023 50.933163 42.189705 0.8283346 0.6073578 4.3690844 13.461538
 89.12685 91.34181 81.90578 0.8966953 1.0248519 4.5885844 5.769231
 16.610306 18.161715 15.265514 0.84053266 1.0934002 4.1150074 2.0833333
 95.84418 94.32206 81.58148 0.86492467 0.9841189 3.8694162 6.25
 73.856926 75.74794 65.83177 0.86909 1.0256038 3.8495953 2.0833333
 1.0 59.486336 56.10288 51.353355 0.91534257 0.94312215 415.76953 9.038316 196.0
