 132.71257 129.5791 116.90144 0.9021628 0.97638905 9.147757 2.2727273
 142.46327 138.91583 130.59766 0.94012064 0.9750993 9.256548 5.681818
 163.38559 167.7414 149.62599 0.892004 1.0266596 4.118342 2.0833333
 129.37132 129.3255 121.216415 0.9372971 0.99964577 8.865693 11.904762
 167.43741 171.55667 153.67297 0.8957563 1.0246018 4.011059 2.0833333
 3.9160995 1.7644951 0.82975316 0.4702496 0.45057464 3.888097 20.833334
 170.02351 172.78175 154.05167 0.8915968 1.0162227 4.043177 2.0833333
 147.05606 150.55809 135.55553 0.90035367 1.0238142 4.0029807 2.0833333
 156.0095 155.82707 138.72588 0.8902553 0.9988306 4.0246854 0.0
 143.3209 144.9517 128.93771 0.88952196 1.0113786 4.0613003 0.0
 136.24857 133.28241 118.54967 0.8894622 0.9782298 3.979724 0.0
 155.7 159.72476 142.66362 0.89318407 1.0258496 4.0223355 2.0833333
 1.5388982 0.43243408 0.28999913 0.67062044 0.28100237 6.8252068 19.736841
 128.14021 124.09033 116.59917 0.9396314 0.9683949 9.36766 1.1363636
 161.71565 162.48062 144.97467 0.8922582 1.0047303 4.0562034 2.0833333
 44.42755 42.044594 40.004654 0.95148146 0.9463631 9.574411 4.5454545
 158.71301 160.7934 141.12752 0.8776947 1.0131079 4.012894 2.0833333
 139.4286 143.85919 129.7447 0.90188676 1.0317769 5.9848776 1.5625
 150.16536 148.38438 131.42993 0.8857396 0.98813987 4.0579276 2.0833333
 9.318353 2.092985 0.6136565 0.2931968 0.22460891 1.9844017 17.045454
 46.55546 28.578253 26.32769 0.92124915 0.6138539 8.980692 14.772727
 125.533875 127.85346 121.2025 0.94797975 1.0184778 9.625908 4.5454545
 157.42949 159.13301 142.52245 0.8956183 1.0108209 4.0296407 6.25
 141.65346 143.22757 127.60004 0.8908902 1.0111125 4.048787 2.0833333
 153.43927 158.59529 142.60683 0.89918697 1.033603 4.0084124 2.0833333
 57.89943 55.557037 51.804806 0.9324616 0.95954376 9.20354 1.1363636
 120.84696 118.85956 110.15097 0.9267321 0.9835544 9.250293 5.681818
 139.20267 137.67744 129.66158 0.9417779 0.9890431 9.3560915 14.772727
 169.59116 171.6496 153.319 0.89320916 1.0121378 4.0604997 0.0
 167.32326 172.81468 154.52026 0.89413846 1.0328193 4.0741754 0.0
 0.9492767 0.2804922 0.057556104 0.2051968 0.29547992 1.877532 18.333334
 0.7315636 0.20551467 0.03920651 0.19077231 0.2809252 1.6491226 17.857143
 135.45335 132.39268 124.96051 0.9438626 0.97740424 9.511719 0.0
 142.26118 140.30243 128.60326 0.9166147 0.9862312 9.622224 9.090909
 147.4317 149.01 132.64122 0.89014983 1.0107052 4.0409117 2.0833333
 148.98688 147.85268 139.90105 0.94621927 0.99238724 9.451439 7.9545455
 168.36382 168.07526 149.12439 0.88724774 0.998286 4.063471 2.0833333
 0.6095496 0.15993549 0.0879252 0.5497542 0.26238307 4.015132 19.444445
 167.01207 167.66742 148.93565 0.8882802 1.0039239 4.06899 4.1666665
 15.420696 14.780682 13.039405 0.8821924 0.9584964 9.329747 5.681818
 12.295075 12.020204 11.404028 0.9487384 0.97764367 9.688102 12.5
 1.3413479 0.41705486 0.21764885 0.52187103 0.3109222 5.1244235 20.0
 1.8750317 0.4774929 0.18912353 0.3960761 0.25465858 3.9253123 20.0
 20.345177 19.003517 18.166855 0.95597327 0.93405515 8.447884 13.636364
 147.7845 148.7931 133.38304 0.896433 1.0068249 4.0579557 2.0833333
 158.55168 157.03116 138.87653 0.88438827 0.99041 4.0429516 2.0833333
 1.5370071 0.4773255 0.20531818 0.4301429 0.31055516 4.222437 23.529411
 137.44438 135.42657 127.7422 0.94325805 0.9853191 9.365522 1.1363636
 154.43303 152.43951 135.17026 0.88671404 0.9870914 4.010589 2.0833333
 36.978123 24.969704 20.298603 0.8129293 0.67525613 9.301376 10.227273
 157.55704 157.14711 138.12674 0.87896454 0.99739826 4.0155826 2.0833333
 127.90713 124.6866 116.38878 0.9334506 0.9748214 8.359207 6.25
 133.72832 131.85748 117.90406 0.89417803 0.98601013 9.082194 6.818182
 9.980096 8.860354 7.2609854 0.81949157 0.8878025 7.5354514 11.363636
 122.08327 112.67869 105.069954 0.9324741 0.9229659 8.334931 10.227273
 106.78251 96.78974 91.1777 0.94201815 0.90641946 9.227548 6.818182
 132.51366 131.83679 124.606895 0.94516027 0.9948921 9.393182 5.681818
 167.57999 170.12328 152.29716 0.8952166 1.0151765 4.0484595 6.25
 149.91064 148.78058 131.1756 0.8816715 0.9924617 4.1217566 0.0
 4.059159 1.8636309 0.54001856 0.2897669 0.45911756 2.0730922 19.736841
 150.81053 158.55418 141.89182 0.89491063 1.0513468 4.0921946 2.0833333
 144.40295 140.69836 132.66035 0.9428706 0.9743455 9.362003 10.227273
 137.61958 136.83003 129.43622 0.9459635 0.9942628 9.425389 1.1363636
 52.35697 31.308529 23.59749 0.753708 0.59798205 9.453642 7.9545455
 170.36862 173.66536 154.6847 0.89070547 1.0193506 4.11455 2.0833333
 12.6338825 12.288797 11.45469 0.93212456 0.97268575 9.175573 3.409091
 20.061523 17.649855 15.946093 0.9034688 0.8797864 8.983929 11.363636
 165.41853 164.82248 147.17638 0.89293873 0.9963967 4.0827355 2.0833333
 122.74608 120.96355 114.726295 0.9484369 0.9854779 9.236578 1.1363636
 3.892077 1.5016569 0.5458603 0.36350533 0.38582405 5.225462 15.909091
 3.7576866 1.3527915 0.37012097 0.27359793 0.36000648 2.7629766 17.105263
 5.991535 3.960652 3.4252863 0.8648288 0.66104126 7.6705046 12.5
 25.713823 25.447226 23.859169 0.9375941 0.9896321 9.745842 5.681818
 10.466635 10.250866 9.74292 0.95044845 0.97938514 9.047201 3.409091
 17.754087 16.930868 15.628298 0.92306536 0.9536321 9.303992 6.818182
 118.51966 113.38928 107.095406 0.94449323 0.95671284 8.767321 4.5454545
 0.73062885 0.14192477 0.070962384 0.5 0.19425017 5.1666665 22.222221
 1.469299 0.33164173 0.13493235 0.40686178 0.22571425 2.9703686 22.058823
 2.6621776 0.70786303 0.11626728 0.16425109 0.26589626 1.9695348 17.5
 14.759559 14.269326 13.427228 0.94098544 0.9667854 5.319941 4.4117646
 95.320656 89.81219 82.06096 0.91369516 0.9422111 6.7089715 8.823529
 28.798138 26.579369 24.658123 0.9277166 0.92295444 6.5456877 6.25
 136.61418 123.81518 110.56151 0.8929561 0.9063127 5.518073 8.333333
 115.52517 104.93898 94.79365 0.9033217 0.9083646 5.643505 1.6666666
 15.071579 9.336675 7.9600964 0.8525623 0.6194888 3.857192 10.416667
 1.0 94.18753 92.589264 83.875824 0.9058915 0.983031 561.9737 7.4240594 85.0
