 21.086283 18.67707 15.90994 0.8518434 0.88574505 7.805773 9.090909
 136.94598 134.09702 120.517586 0.8987343 0.9791964 5.01485 7.142857
 134.1102 129.73805 116.86115 0.900747 0.9673988 4.9170594 7.142857
 10.873933 7.6314225 5.344264 0.70029724 0.7018089 5.1037655 11.363636
 4.2370296 1.6214335 0.80052125 0.49371204 0.38268164 5.6379776 12.5
 6.244761 1.7315308 1.1026511 0.6368071 0.27727738 6.9386253 15.476191
 17.047571 18.1996 17.188587 0.9444486 1.0675774 7.852312 3.409091
 110.12998 106.2706 95.538506 0.8990116 0.9649561 4.8548894 1.7857143
 146.67972 144.6867 128.82584 0.89037776 0.98641247 4.8645434 1.7857143
 124.87747 119.81795 105.28664 0.8787218 0.9594841 4.4960713 7.6923075
 108.3771 103.04928 91.87019 0.8915171 0.95084006 4.95161 8.928572
 19.583471 18.931128 13.825052 0.73028153 0.96668905 7.6359124 12.5
 14.722705 5.2512484 3.2850435 0.6255739 0.35667688 6.3559313 13.095238
 22.10413 18.449705 16.598131 0.8996421 0.83467233 5.4643526 6.25
 139.61807 132.0228 118.42455 0.8970008 0.9455996 4.8649807 3.5714285
 15.636176 14.10811 12.87631 0.9126885 0.90227365 4.701118 7.142857
 139.25177 135.83664 122.50034 0.9018211 0.97547513 4.813008 5.357143
 108.318344 109.33891 99.59462 0.91087997 1.009422 4.527854 10.714286
 7.4977627 6.0221143 5.1230736 0.85071015 0.80318815 2.9808798 12.5
 18.31965 16.632914 14.359583 0.8633234 0.90792745 8.924892 4.5454545
 114.15454 110.17746 97.288055 0.88301235 0.96516055 4.7652845 5.357143
 25.409138 9.282411 6.912847 0.74472547 0.3653178 7.646663 18.181818
 142.08583 137.90181 124.03285 0.8994288 0.9705528 4.907758 1.7857143
 111.14699 106.01162 95.017586 0.8962941 0.95379657 4.8382926 5.357143
 118.25023 114.79921 102.93932 0.8966902 0.97081596 4.9370728 0.0
 20.415134 18.015324 16.79744 0.9323973 0.88244945 8.616455 13.636364
 13.031825 13.338243 12.671815 0.9500363 1.023513 8.964274 3.409091
 140.7629 135.6893 122.07109 0.8996368 0.9639565 4.852406 0.0
 20.202158 22.221533 21.210135 0.9544857 1.0999583 8.586422 4.5454545
 95.666336 77.961136 70.15063 0.8998153 0.8149276 4.8477383 14.285714
 113.237595 107.746765 96.69262 0.8974062 0.9515105 4.8940716 10.714286
 97.908104 105.85426 98.03698 0.9261505 1.0811594 4.429551 5.769231
 125.84169 109.15426 97.65938 0.89469135 0.8673935 4.8104444 8.928572
 127.96724 122.427086 108.75009 0.88828456 0.9567065 4.863437 1.7857143
 17.659555 17.356752 16.226402 0.93487555 0.9828533 9.228108 5.681818
 100.34534 92.5817 82.8179 0.8945385 0.92263085 4.891015 10.714286
 109.76937 100.89759 89.8841 0.8908448 0.919178 4.9035254 5.357143
 21.80511 22.043188 20.540512 0.9318303 1.0109185 8.472011 5.681818
 128.20865 124.698326 112.489174 0.9020905 0.97262025 4.8770657 12.5
 124.595215 117.885635 104.56778 0.8870273 0.946149 4.8526855 10.714286
 122.323006 116.54108 104.2416 0.8944623 0.9527323 4.8842525 5.357143
 93.39461 92.539764 82.888596 0.8957079 0.99084693 4.939321 5.357143
 17.576872 16.58778 15.13951 0.9126905 0.9437277 8.339488 6.818182
 128.54285 123.10015 109.841896 0.892297 0.9576585 4.88883 1.7857143
 113.22329 109.03893 95.29971 0.87399715 0.96304333 4.882552 3.5714285
 15.015103 17.010986 13.624146 0.8009028 1.132925 6.9807816 4.5454545
 128.20152 116.11932 103.55214 0.8917735 0.90575624 4.8856773 7.142857
 17.848085 17.899477 16.862625 0.9420735 1.0028795 8.941557 3.409091
 21.827562 22.141327 20.901974 0.94402534 1.0143746 8.258375 3.409091
 25.844816 27.979567 25.46146 0.91000193 1.0825987 8.700974 5.681818
 21.25132 22.070501 20.80703 0.9427529 1.0385473 8.950101 2.2727273
 89.76631 81.71805 72.817116 0.8910776 0.91034204 4.808806 5.357143
 127.9457 124.25372 110.89963 0.89252555 0.9711442 4.8655386 1.7857143
 124.476105 122.01311 107.52455 0.8812541 0.9802131 4.896545 1.7857143
 20.635538 21.198282 19.689032 0.92880315 1.0272707 8.565422 5.681818
 18.22387 13.653543 9.163307 0.6711303 0.7492121 8.11809 9.090909
 140.00514 134.16997 120.38224 0.8972368 0.9583218 4.888318 0.0
 2.0666277 0.6207533 0.15961841 0.25713664 0.30037016 2.0642369 18.421053
 119.627106 113.56175 101.7992 0.89642155 0.94929785 4.8754287 1.7857143
 3.2553813 1.1202312 0.42350414 0.37805066 0.34411672 3.2497926 13.095238
 117.433426 115.46516 102.07153 0.8840029 0.98323923 4.4498606 1.9230769
 14.642237 12.465774 11.336732 0.90942866 0.8513572 8.865196 6.818182
 123.86171 118.8955 105.10052 0.8839739 0.9599052 4.4418797 3.8461537
 118.000626 111.92269 99.15077 0.8858862 0.94849235 4.820768 12.5
 140.98087 136.72766 122.923615 0.8990398 0.9698314 4.883854 0.0
 2.53628 0.95831823 0.2551318 0.2662287 0.377844 2.1986465 15.909091
 13.432737 13.752605 12.807768 0.9312976 1.0238125 9.036234 3.409091
 111.05392 108.87529 100.66579 0.92459714 0.98038226 9.9558735 2.2727273
 4.6423054 2.325224 1.1464224 0.49303737 0.500877 1.8253154 11.538462
 103.90836 90.19873 79.58631 0.88234407 0.86806035 5.135611 7.142857
 83.101364 84.47465 79.89506 0.9457874 1.0165254 9.225343 2.2727273
 128.31702 122.82519 109.713066 0.89324564 0.95720106 4.906322 5.357143
 132.95409 128.19012 114.75671 0.89520705 0.9641684 4.8780804 3.5714285
 108.40996 102.10327 90.68085 0.88812876 0.94182557 4.863225 7.142857
 116.74161 108.512314 97.18248 0.8955894 0.92950845 4.870036 8.928572
 105.619095 94.8965 84.868904 0.8943312 0.8984786 4.92025 5.357143
 107.99962 101.86716 91.30448 0.89630926 0.94321775 4.8231335 8.928572
 19.125484 17.46098 15.340274 0.87854594 0.9129693 8.654033 7.142857
 114.21066 107.01585 95.608376 0.89340395 0.93700397 4.926786 1.7857143
 27.674103 23.320156 20.72534 0.8887307 0.8426707 9.7299385 11.363636
 13.037166 13.764342 13.06174 0.94895494 1.0557772 8.9175 3.409091
 21.976389 22.46841 21.21418 0.9441781 1.0223886 8.721142 6.818182
 60.10644 39.387726 31.78826 0.80706006 0.6552996 6.9158053 14.705882
 57.902447 60.23706 56.43876 0.93694407 1.0403198 8.75265 9.090909
 125.253555 123.34412 110.861725 0.89880025 0.98475546 4.8949394 12.5
 140.35802 135.65788 121.715866 0.89722663 0.96651334 4.9138904 10.714286
 128.09062 123.97308 106.86006 0.8619618 0.9678545 4.0397615 10.416667
 9.538696 6.9215846 6.1215353 0.8844124 0.7256322 8.166643 6.818182
 99.26777 89.53416 79.55587 0.88855326 0.9019458 4.7845707 8.928572
 136.63316 130.33217 117.21205 0.89933324 0.9538839 4.793533 5.357143
 18.27647 18.118183 16.99056 0.9377629 0.9913393 8.691634 2.2727273
 10.346633 9.546325 8.913723 0.93373346 0.9226504 8.562325 12.5
 2.0472016 0.92617244 0.6101703 0.6588085 0.452409 7.078142 22.222221
 121.57225 115.53298 103.06083 0.89204687 0.95032364 4.8867574 0.0
 14.655873 10.4751 8.4300585 0.80477124 0.7147373 2.5415394 7.142857
 111.40187 94.44635 84.48952 0.89457685 0.8477986 4.8937187 12.5
 119.78037 104.67133 93.37633 0.8920908 0.8738605 4.864137 10.714286
 15.539047 13.709984 11.353056 0.8280868 0.8822924 4.0841208 6.25
 15.875595 15.209326 11.623291 0.7642213 0.95803183 10.009125 14.772727
 18.762793 19.06081 16.930584 0.8882406 1.0158834 8.620966 6.818182
 22.9803 21.785677 19.35527 0.8884402 0.9480153 8.854667 7.9545455
 21.97178 15.734792 13.654746 0.86780596 0.7161364 7.803233 7.9545455
 19.555649 17.991276 16.433031 0.91338885 0.920004 8.136968 10.227273
 127.57445 122.98359 107.87032 0.8771115 0.9640143 4.4845414 13.461538
 119.23132 111.970604 100.20012 0.8948788 0.9391039 4.913217 10.714286
 102.82342 94.5608 84.30782 0.8915727 0.9196426 4.7927623 8.928572
 128.26482 120.698586 107.43109 0.8900775 0.94101083 4.8635836 8.928572
 124.70768 122.288376 107.00896 0.8750542 0.9806002 4.0132647 2.0833333
 121.59752 105.77851 93.84833 0.88721544 0.86990684 4.8509426 8.928572
 9.961665 8.555476 7.7128744 0.9015132 0.85883987 8.739215 13.636364
 6.532534 4.6855803 3.4322262 0.73250824 0.7172684 7.1416135 10.227273
 30.31636 30.28198 28.443535 0.93928915 0.99886596 9.240098 0.0
 4.521162 3.9709337 3.8781354 0.97663057 0.87829936 8.243844 13.636364
 19.509293 20.502401 19.264204 0.9396072 1.0509044 8.071887 5.681818
 108.09029 89.078865 79.07306 0.88767475 0.8241154 4.8819532 16.071428
 111.36983 101.01202 88.61497 0.8772716 0.9069962 4.8776755 8.928572
 77.02055 75.31584 67.46112 0.8957096 0.9778667 4.9050198 5.357143
 110.94082 107.29284 95.27452 0.8879859 0.9671177 5.167775 0.0
 69.727745 30.87629 25.752914 0.8340677 0.44281211 3.9051216 14.583333
 113.193405 107.24991 93.43359 0.8711764 0.94749254 4.265625 1.9230769
 133.09312 129.55779 114.89126 0.88679546 0.9734371 4.305254 1.9230769
 23.54925 21.8593 18.731043 0.8568912 0.9282377 3.8482838 2.0833333
 123.566956 118.00388 103.71824 0.87893915 0.9549793 4.2676086 7.6923075
 116.52043 106.086235 93.641396 0.8826913 0.91045177 3.8455777 12.5
 106.00676 96.61504 84.309746 0.87263584 0.91140455 3.6649384 6.25
 17.87595 6.7031956 2.7637904 0.41230935 0.37498403 2.4887826 12.5
 57.9085 29.632687 25.612165 0.8643214 0.51171565 3.630622 15.384615
 7.1549454 3.4654734 1.6142743 0.46581635 0.4843466 2.460963 17.647058
 7.450868 2.2652853 0.83267 0.36757842 0.3040297 2.3968294 13.461538
 116.08167 109.06039 95.70743 0.8775636 0.9395143 3.815736 6.25
 103.51788 93.036835 85.67929 0.9209179 0.8987513 6.797876 5.5555553
 1.0 73.456955 68.54936 61.066784 0.89084387 0.933191 354.03372 7.590764 131.0
