 1.4022896 0.28242615 0.04088755 0.14477254 0.20140357 1.6537308 18.421053
 1.6774819 0.4147915 0.071036525 0.17125839 0.24727033 1.6699877 20.588236
 77.59027 68.319626 61.28997 0.8971064 0.8805179 9.865857 1.1363636
 1.9801207 0.5086058 0.136628 0.26863244 0.25685593 2.9387214 21.052631
 60.212765 60.443737 57.07142 0.9442074 1.0038359 8.804111 6.818182
 109.15767 99.453636 92.83416 0.9334415 0.91110075 9.095117 1.1363636
 5.930337 3.1908326 2.5908957 0.811981 0.53805256 8.210871 15.909091
 2.8662503 0.758072 0.15463838 0.20398903 0.26448217 2.2801776 18.181818
 102.07418 95.21017 86.916466 0.9128906 0.93275464 8.662281 1.1363636
 0.77121973 0.16876295 0.057805847 0.34252688 0.21882603 2.1921086 27.777779
 21.598434 18.327856 16.846628 0.9191817 0.84857327 8.276917 11.363636
 1.4039948 0.16818915 0.031417582 0.1867991 0.11979329 1.5686009 22.058823
 1.2096379 0.27617398 0.04117499 0.14909077 0.22831129 1.3300102 31.25
 2.092538 0.7432937 0.17639013 0.23730879 0.3552116 2.1010401 15.476191
 4.80991 1.6214161 0.46974483 0.2897127 0.33709908 1.8878311 17.857143
 2.942194 1.1065459 0.39155492 0.3538533 0.3760955 4.8954186 17.857143
 2.8414636 0.6917914 0.16230495 0.23461546 0.24346305 1.4436955 18.75
 78.340614 71.88643 67.3134 0.93638533 0.9176138 8.756669 0.0
 139.0502 127.15031 119.22615 0.9376788 0.9144202 8.819046 1.1363636
 123.2124 110.57899 100.826126 0.9118019 0.89746636 8.668659 1.1363636
 1.6983948 0.3886963 0.13493359 0.34714398 0.22886099 3.2023125 19.736841
 82.92632 75.24279 69.664635 0.9258645 0.9073451 8.755575 1.1363636
 112.67141 101.7907 95.318756 0.93641907 0.9034297 8.767013 3.409091
 35.58862 36.65959 33.825798 0.9226998 1.0300931 7.294378 2.9411764
 1.4537853 0.29665172 0.069180906 0.2332058 0.2040547 2.735007 19.047619
 2.701516 0.67905504 0.14653824 0.21579729 0.25136074 1.998103 16.666666
 79.09622 71.65401 65.448425 0.9133951 0.9059094 6.523999 7.352941
 116.18945 105.14899 97.8725 0.93079835 0.90497875 8.780009 2.2727273
 3.787714 1.0452377 0.21263313 0.20343041 0.27595475 2.5746987 14.772727
 14.64387 13.831539 12.898467 0.9325403 0.9445275 8.622677 10.227273
 2.8669126 0.76726246 0.17172486 0.22381501 0.26762673 2.4283266 19.047619
 26.721584 23.17875 21.204437 0.91482234 0.86741674 8.774199 4.5454545
 74.29094 67.892944 62.939102 0.9270345 0.9138792 7.2952733 1.3157895
 1.2136089 0.22491366 0.043030046 0.19131806 0.18532631 2.1341393 20.3125
 110.87019 100.46522 92.48985 0.9206156 0.9061517 7.579926 15.789474
 60.78349 48.44449 42.9798 0.88719696 0.7970007 10.861619 10.227273
 12.54847 9.901015 8.958011 0.90475684 0.78902173 8.950995 10.227273
 0.8321497 0.16973226 0.033752117 0.19885506 0.20396842 1.5808988 25.0
 11.308215 11.2102375 10.418151 0.92934257 0.99133575 8.744995 11.363636
 4.329131 1.4477569 0.5198054 0.35904187 0.33442205 5.1703115 17.045454
 39.52113 35.88328 33.8508 0.9433585 0.9079518 8.667798 6.818182
 135.79532 124.803276 116.28732 0.931765 0.9190543 8.735604 0.0
 1.2741247 0.20340481 0.13271993 0.6524916 0.15964277 7.974883 18.75
 74.96667 71.682 67.727104 0.9448272 0.9561849 8.703028 1.1363636
 34.569466 30.388342 28.285797 0.9308108 0.87905157 7.6142597 4.5454545
 20.739603 17.389965 16.02835 0.92170113 0.8384907 8.642136 7.9545455
 10.757541 3.6080465 2.817044 0.78076714 0.33539695 8.218546 15.909091
 12.342104 7.647696 6.728804 0.8798472 0.61964285 7.730683 10.227273
 114.27904 95.61665 87.55883 0.91572785 0.8366946 7.438368 7.894737
 105.03119 96.015236 90.13061 0.93871146 0.9141593 8.801336 1.1363636
 6.8458858 3.739143 2.3504248 0.6285999 0.5461883 6.3270836 15.909091
 0.7337717 0.21566297 0.027396712 0.12703484 0.29391018 1.748849 22.916666
 2.774718 1.2508779 0.31483135 0.25168833 0.45081258 2.9343367 16.25
 15.360575 12.036996 10.981041 0.91227424 0.78362924 9.795149 13.636364
 6.6073456 3.630472 2.4334946 0.670297 0.54946 4.9748316 14.772727
 9.880493 2.690337 2.4048603 0.8938882 0.2722877 8.677869 19.318182
 100.84343 91.4154 85.449974 0.93474376 0.90650827 8.928875 13.636364
 19.509314 17.1366 15.865805 0.9258432 0.87838054 8.909845 9.090909
 33.73325 32.799145 29.978413 0.9139998 0.9723091 9.27334 4.5454545
 21.119162 19.843124 18.648174 0.9397802 0.9395791 9.158833 9.090909
 16.460257 14.299113 13.10847 0.9167331 0.86870533 9.030876 12.5
 45.845135 45.016785 44.027287 0.97801936 0.98193157 8.268772 9.090909
 77.96803 69.75607 65.79084 0.94315565 0.8946753 8.512245 1.1363636
 12.930392 10.631564 10.091787 0.9492288 0.82221514 7.7306194 6.818182
 130.12422 111.5736 103.91513 0.93135947 0.85743916 8.786596 12.5
 2.5462456 1.3650267 0.68240166 0.49991816 0.5360939 6.1169696 17.045454
 83.29933 76.33454 71.34581 0.9346465 0.9163884 8.818287 5.681818
 108.24417 95.929436 89.22973 0.9301601 0.88623184 6.9214563 12.5
 117.657135 116.92446 109.39142 0.9355734 0.9937728 6.962494 6.9444447
 116.31008 115.07449 105.44028 0.9162785 0.9893768 5.7013865 16.666666
 125.86496 125.1295 113.62565 0.9080645 0.9941568 5.697008 3.3333333
 38.32767 22.700512 13.006657 0.5729675 0.5922747 5.990014 12.5
 120.57661 116.50774 109.06879 0.93615055 0.9662549 6.866018 1.3888888
 6.979935 3.839933 3.313554 0.86291975 0.5501388 4.399838 16.666666
 106.63123 95.351135 85.85198 0.90037715 0.894214 5.2925854 6.6666665
 111.75492 109.64426 96.1715 0.87712306 0.98111343 4.2695465 1.9230769
 76.43114 77.0389 69.581985 0.9032058 1.0079519 3.7993126 2.0833333
 0.98717946 46.263916 41.647453 38.229134 0.9179225 0.9002146 324.11374 11.174882 78.0
