 30.80668 30.649939 29.44702 0.960753 0.994912 8.576292 5.681818
 11.038274 10.113219 9.583916 0.9476622 0.91619575 8.797293 13.636364
 9.734495 7.757545 6.7295647 0.86748636 0.79691297 8.860021 11.363636
 26.584639 26.390955 25.11154 0.95152074 0.99271446 8.471212 4.5454545
 102.31934 102.61661 96.44286 0.9398368 1.0029052 7.2039194 1.3888888
 9.399959 9.05999 8.723711 0.96288306 0.9638329 8.714934 14.772727
 0.84247583 0.32021892 0.072397545 0.22608764 0.3800927 2.0822906 29.545454
 15.505793 14.752601 13.894956 0.94186485 0.95142514 8.819224 13.636364
 46.056007 34.313923 28.573565 0.8327105 0.74504775 7.740946 7.9545455
 18.74623 18.126831 17.416813 0.9608305 0.9669588 8.013388 12.5
 99.95376 97.49225 89.53101 0.9183398 0.9753735 5.60927 11.666667
 3.1654742 0.5737071 0.12075705 0.21048553 0.18123892 1.5975004 17.857143
 12.142511 3.3612769 0.7636 0.22717558 0.27681893 2.360102 18.181818
 26.403345 24.350565 23.146544 0.95055467 0.922253 8.493614 10.227273
 25.760351 24.529696 23.498219 0.9579499 0.95222676 8.616602 3.409091
 1.7850893 0.490482 0.16239838 0.3310996 0.2747661 2.2300425 18.181818
 70.62291 68.36059 65.121895 0.9526235 0.96796614 8.613835 4.5454545
 1.5390297 0.37786213 0.045080464 0.119304 0.24551971 0.808013 19.23077
 43.64671 43.692986 42.13955 0.96444654 1.0010602 8.787192 12.5
 0.32154825 0.052886225 0.026443113 0.5 0.16447368 2.0 25.0
 105.32731 104.44685 98.09253 0.93916214 0.9916408 7.203002 0.0
 11.417266 6.617679 5.08328 0.7681364 0.5796203 5.7303834 13.636364
 89.10227 87.686806 82.05645 0.9357902 0.9841141 7.2614474 1.3888888
 14.239876 14.452211 12.8717165 0.8906399 1.0149113 7.4136477 13.636364
 3.023688 2.167107 1.7997801 0.8304989 0.7167099 8.561395 18.421053
 103.28093 102.64026 96.410095 0.93930095 0.99379677 7.2090507 8.333333
 17.62663 17.600288 16.918009 0.9612348 0.9985055 8.604416 11.363636
 109.92755 111.123276 104.555336 0.94089496 1.0108774 7.105941 1.3888888
 99.99257 99.59161 93.29564 0.93678206 0.99599016 7.138987 4.1666665
 52.592392 45.671642 37.370983 0.8182535 0.8684078 4.1399217 3.5714285
 53.551376 52.108246 50.341427 0.9660933 0.9730514 8.238931 10.227273
 30.165827 29.935219 28.632307 0.9564756 0.99235535 8.605204 4.5454545
 106.19691 103.90329 97.5374 0.9387325 0.9784022 7.091903 4.1666665
 92.81072 91.89902 86.29208 0.93898815 0.99017674 7.203839 2.7777777
 12.434366 11.118176 10.430889 0.9381835 0.89414895 8.374046 7.9545455
 14.01164 15.0395355 14.369717 0.9554628 1.0733602 10.092285 7.9545455
 20.210957 19.14972 18.131372 0.94682187 0.94749206 10.20176 9.090909
 87.64378 88.30216 83.23494 0.9426149 1.0075121 7.100444 1.3888888
 89.484634 89.658104 84.20063 0.9391301 1.0019386 7.210931 4.1666665
 98.22407 98.20979 92.72501 0.9441524 0.9998547 7.1174326 1.3888888
 25.442514 25.546526 24.480124 0.9582565 1.0040882 8.623685 3.409091
 100.42455 99.52669 93.60913 0.940543 0.99105936 7.249832 1.3888888
 90.14481 88.76475 83.88742 0.9450533 0.9846906 7.157763 0.0
 1.6758065 0.56549555 0.13981825 0.24724908 0.33744678 2.1230068 25.0
 41.782276 42.355564 39.158524 0.924519 1.0137209 7.139731 6.9444447
 100.26935 99.95554 94.05927 0.9410111 0.99687034 7.207011 2.7777777
 35.946804 36.0438 34.563217 0.9589226 1.0026983 8.889361 12.5
 22.026302 21.175089 20.294317 0.9584053 0.9613547 8.45772 5.681818
 2.134519 0.5738062 0.20989545 0.36579502 0.26882222 2.426122 16.666666
 12.543099 12.210443 11.503748 0.9421237 0.97347885 8.516673 14.772727
 15.897888 16.413393 15.709983 0.9571442 1.032426 8.829634 12.5
 14.896327 7.7100954 6.283996 0.81503475 0.51758367 2.6647968 14.583333
 27.088984 18.051258 15.665635 0.8678418 0.66636896 6.2031536 8.823529
 1.0 42.602123 41.086746 38.38616 0.9342711 0.9644295 303.1702 9.630978 53.0
