 96.255486 85.42011 78.32277 0.91691244 0.88743114 9.541077 11.363636
 3.1382961 0.75719804 0.16663967 0.22007409 0.2412768 2.2223425 15.909091
 20.893394 12.280938 9.444573 0.7690433 0.5877905 8.105407 15.909091
 2.6022475 0.8025152 0.18409824 0.22940156 0.30839312 2.5541778 17.857143
 2.1181347 0.73943573 0.17916995 0.24230634 0.3490976 2.0224857 17.857143
 3.044159 1.7353688 1.120504 0.6456864 0.5700651 7.833336 15.789474
 2.359779 0.4840276 0.09552565 0.19735579 0.20511566 1.6589932 17.5
 9.4018545 4.1576104 1.1606344 0.279159 0.44221175 2.044383 11.363636
 2.360376 0.88209754 0.1814654 0.20572035 0.37371063 1.7075486 16.25
 25.3963 22.533636 20.637968 0.9158739 0.8872803 9.191736 14.772727
 2.5287652 1.1362298 0.42986047 0.37832177 0.449322 3.1492987 15.277778
 2.0915923 0.642705 0.30843872 0.47990713 0.30728027 3.5055554 22.222221
 1.8805362 0.3725452 0.065757476 0.17650871 0.19810584 1.74088 19.23077
 3.7755504 3.3489764 3.022841 0.9026164 0.8870168 9.555697 12.5
 6.0122647 5.3774853 5.0654345 0.9419709 0.89441925 9.840153 12.5
 3.8165512 2.5707157 2.2173262 0.8625327 0.67357033 9.81154 17.5
 2.0298877 0.7472064 0.14395082 0.19265202 0.3681023 1.7756561 19.444445
 17.4979 15.438069 14.264921 0.9240094 0.8822813 8.968337 4.5454545
 112.370415 90.988464 82.8747 0.9108264 0.8097191 9.243025 9.090909
 0.7869968 0.26724276 0.09059265 0.3389901 0.3395729 2.5073712 22.5
 19.475275 18.457893 16.951406 0.9183826 0.9477603 9.400925 11.363636
 3.1742752 1.1041255 0.3299131 0.29880038 0.34783545 3.614139 17.857143
 1.9883618 0.4554335 0.1064566 0.23374785 0.22904961 2.1785626 17.5
 1.302362 0.48764992 0.09011412 0.18479265 0.374435 1.6957971 21.875
 2.2714632 0.66261 0.22846667 0.34479812 0.29171064 4.7108264 15.0
 7.395223 4.5220947 2.4005973 0.5308596 0.61148864 5.913925 13.636364
 3.3378696 1.3569778 0.42518204 0.31333014 0.40654007 1.8660355 17.857143
 2.903232 0.5522499 0.086801186 0.15717737 0.190219 1.6097739 18.181818
 1.7102578 0.4095244 0.10610724 0.2590987 0.23945186 2.712794 19.117647
 3.1858163 0.8195121 0.18419403 0.22476058 0.25723773 2.4581401 13.636364
 1.7018428 0.59323186 0.16664414 0.28090894 0.3485821 2.7419271 15.789474
 2.0633762 1.0490682 0.5237667 0.49926847 0.5084231 6.6896453 17.647058
 14.801044 11.293159 10.126899 0.8967287 0.7629974 9.003238 15.909091
 9.025794 8.628541 7.401923 0.8578418 0.9559869 10.326251 9.523809
 1.5666376 0.44943413 0.12650765 0.28148207 0.28687817 2.549003 17.647058
 8.577128 7.6784716 6.9671474 0.90736127 0.89522636 9.595591 13.095238
 116.228836 76.909935 68.58387 0.89174277 0.6617113 9.002693 13.636364
 2.0647635 0.525464 0.15757503 0.29987788 0.25449112 2.9833095 11.25
 9.202026 7.575903 6.979042 0.92121583 0.8232864 9.147415 14.772727
 2.3698752 1.0448138 0.64116377 0.6136632 0.4408729 5.9442687 18.055555
 9.426565 7.9628754 7.2203794 0.90675527 0.8447271 9.194726 14.772727
 0.680855 0.20786352 0.036523893 0.17571093 0.3052978 1.7009935 17.5
 16.501043 12.87413 11.762612 0.9136627 0.780201 9.642279 12.5
 7.3007126 5.9923735 5.469799 0.91279334 0.820793 8.346281 13.095238
 2.0597057 0.620722 0.14375433 0.23159212 0.30136442 2.165118 19.736841
 3.3440778 0.7667346 0.10923937 0.14247352 0.22928132 1.3878205 19.047619
 25.23414 5.9554133 1.365063 0.22921382 0.23600619 2.3109984 15.909091
 25.789534 24.154394 22.499443 0.9314845 0.9365968 9.206234 5.681818
 10.524944 9.134076 8.370125 0.91636246 0.8678503 9.665378 5.681818
 1.4033693 0.26460364 0.18802303 0.7105836 0.18854883 2.8152025 25.0
 4.0982285 1.2350125 0.19369327 0.15683506 0.30135277 0.76792115 18.333334
 99.27404 98.736374 85.74982 0.86847234 0.994584 5.3306365 3.3333333
 115.33364 115.314964 101.626236 0.8812927 0.99983805 5.4116325 1.6666666
 1.0 16.144846 12.801476 11.08105 0.86560726 0.7929141 98.782005 14.999877 53.0
