 101.655266 77.43251 60.510853 0.78146577 0.7617166 9.180721 13.636364
 88.96937 88.36037 83.23154 0.94195557 0.99315494 8.788698 3.409091
 86.94206 85.11396 80.209274 0.94237506 0.9789734 8.778077 1.1363636
 78.61371 63.623802 57.922443 0.91038954 0.80932194 5.9633665 9.375
 96.71375 96.35404 89.87515 0.9327596 0.99628067 8.736656 4.5454545
 93.36537 87.97928 78.89785 0.89677763 0.94231164 4.4802265 11.538462
 16.880064 16.624306 15.517642 0.93343097 0.98484856 8.306854 7.9545455
 93.67984 90.8413 85.60881 0.9423996 0.9696996 8.865652 6.818182
 100.13089 98.99209 93.36812 0.9431877 0.9886269 8.947259 3.409091
 104.08961 104.16295 98.75588 0.94809026 1.0007046 8.7835865 14.772727
 3.62418 1.7001547 0.8141241 0.47885296 0.4691143 5.546682 17.045454
 86.86063 86.57307 81.68329 0.94351846 0.9966894 8.701087 3.409091
 90.20699 87.94906 82.52274 0.9383016 0.9749693 8.779563 0.0
 106.95068 106.11967 100.37332 0.9458503 0.99222994 8.787157 1.1363636
 95.23829 95.31721 88.51091 0.92859316 1.0008286 8.776542 1.1363636
 106.94474 105.9199 99.93803 0.9435246 0.99041706 8.788694 5.681818
 108.879395 109.33548 103.39522 0.9456694 1.0041889 9.02625 1.1363636
 101.8693 98.96626 92.46184 0.93427634 0.9715023 7.7346797 8.75
 11.166429 10.333011 9.746088 0.94319934 0.92536396 8.848831 12.5
 64.83438 67.50069 63.185234 0.93606806 1.0411248 5.3388395 1.6666666
 4.0349293 2.6469855 1.3098539 0.49484742 0.6560178 6.478363 14.285714
 10.977798 9.676539 9.058398 0.9361196 0.88146454 8.941102 11.363636
 12.020628 12.324819 11.81404 0.95855695 1.0253057 8.858267 4.5454545
 98.98203 97.45214 92.678185 0.9510123 0.98454374 8.304216 1.1363636
 4.6491103 4.138637 3.8637984 0.933592 0.8901998 7.7739263 17.857143
 89.01692 86.95075 82.16938 0.9450106 0.976789 8.772554 1.1363636
 83.95559 83.70878 79.34098 0.9478215 0.99706024 8.885082 0.0
 95.78937 88.88061 83.551704 0.9400442 0.9278755 8.862074 12.5
 94.514366 93.8838 88.83181 0.9461889 0.99332833 8.887662 1.1363636
 17.348852 17.884363 16.614784 0.9290119 1.0308671 8.836823 4.5454545
 90.78425 89.976295 85.13226 0.94616324 0.9911003 8.731242 1.1363636
 97.33468 94.39049 88.56895 0.9383249 0.9697519 8.901517 3.409091
 96.5526 95.63043 90.158615 0.94278157 0.99044913 8.863923 3.409091
 91.016335 87.35993 80.3106 0.9193071 0.9598269 6.6986947 1.4705882
 89.20011 86.405426 81.69579 0.9454938 0.9686695 8.741554 5.681818
 82.47158 83.15356 78.81617 0.9478388 1.0082692 8.970784 1.1363636
 11.859012 10.519728 9.813654 0.932881 0.8870661 8.542181 14.772727
 12.764669 12.390802 11.300106 0.9119753 0.97071075 9.105384 7.9545455
 95.16617 83.64204 79.017365 0.9447087 0.8789052 8.766524 14.772727
 94.44889 93.47618 88.14248 0.94294053 0.98970115 8.795128 2.2727273
 106.7201 103.57188 97.00609 0.9366064 0.97050023 7.3094974 1.3157895
 78.46471 78.30901 72.75104 0.9290251 0.9980157 8.804673 1.1363636
 5.020361 3.9566834 3.3533356 0.84751177 0.7881273 5.473294 13.75
 57.23534 53.895096 50.011963 0.9279502 0.94164014 7.169149 6.5789475
 9.921834 9.136163 8.49687 0.9300261 0.9208139 9.1384945 12.5
 82.62608 77.78942 72.6014 0.9333069 0.94146323 7.6543584 8.75
 20.210337 19.725698 18.354813 0.9305026 0.9760202 8.310801 10.227273
 117.2806 118.97477 112.68137 0.9471031 1.0144454 8.784074 0.0
 7.3920026 4.962396 3.9488003 0.7957447 0.6713196 10.447262 19.318182
 9.155175 4.4608693 3.6155274 0.81049836 0.48725113 7.4736505 17.045454
 92.95133 93.47178 88.02311 0.9417079 1.005599 8.945832 0.0
 11.670875 4.4797516 3.92573 0.87632763 0.38384026 7.89875 19.318182
 6.376669 5.384073 4.9559593 0.92048526 0.8443394 8.1100025 11.363636
 83.32954 79.49004 75.33072 0.9476749 0.953924 8.85497 3.409091
 8.775269 5.7768116 4.1566553 0.71954143 0.658306 10.107989 14.285714
 8.281783 6.147706 5.5632076 0.90492415 0.7423167 8.332104 13.636364
 13.810425 8.023337 7.5473695 0.94067705 0.58096236 8.808715 14.772727
 12.895017 11.163048 10.437754 0.93502724 0.8656869 8.734485 7.9545455
 109.09788 106.37987 99.77616 0.9379234 0.9750865 7.338052 0.0
 96.72578 85.38027 79.810425 0.93476427 0.88270444 8.817122 12.5
 66.42 64.76572 60.918095 0.94059175 0.97509354 8.654431 1.1363636
 101.42368 102.48317 96.53949 0.94200337 1.0104461 8.859491 0.0
 13.161445 9.344836 8.198163 0.87729347 0.71001595 8.978418 13.636364
 100.641304 96.67657 90.334526 0.93439937 0.96060526 8.690601 2.2727273
 87.13202 85.70569 81.11214 0.9464032 0.98363024 8.897263 5.681818
 91.372925 90.287025 85.1032 0.9425851 0.9881157 8.802269 2.2727273
 91.024704 92.31548 87.48357 0.9476587 1.0141805 8.986426 1.1363636
 86.67174 86.130684 78.29754 0.9090551 0.9937575 5.544871 5.0
 93.94437 95.629295 90.87828 0.95031846 1.0179353 8.718317 1.1363636
 103.22666 103.27912 93.5649 0.9059421 1.0005082 4.925288 10.714286
 103.82909 105.99207 100.58815 0.9490158 1.0208322 9.035938 3.409091
 9.532202 10.026274 9.21965 0.919549 1.051832 7.78316 6.818182
 10.604198 10.822317 9.794348 0.905014 1.0205691 8.116107 6.818182
 9.225634 9.091555 8.33505 0.9167904 0.98546666 9.30277 5.952381
 8.870525 8.2296295 7.107748 0.86367774 0.92775 9.832116 7.9545455
 117.03115 90.08196 84.22452 0.93497646 0.7697264 8.6496315 17.045454
 98.47982 100.197105 94.71012 0.94523805 1.0174379 8.9665165 3.409091
 11.459808 12.037314 11.329794 0.9412227 1.050394 8.692506 9.090909
 98.675766 95.15712 89.59854 0.94158524 0.9643414 8.842689 11.363636
 108.35194 108.26586 102.36744 0.9455191 0.9992056 8.856476 1.1363636
 114.00418 114.97535 109.03882 0.94836694 1.0085187 8.841124 9.090909
 90.10942 81.70186 76.723076 0.9390616 0.906696 8.765129 15.909091
 93.86812 92.38843 85.67811 0.9273684 0.9842365 6.563934 1.4705882
 105.56464 92.06391 86.23935 0.9367335 0.8721094 8.976948 10.227273
 15.447381 15.785325 14.718327 0.93240565 1.0218772 8.126187 11.363636
 86.1943 79.39236 74.16921 0.934211 0.9210859 8.802821 12.5
 91.685715 90.286964 84.92174 0.94057584 0.9847441 8.941625 5.681818
 13.241165 12.047807 11.214083 0.9307987 0.9098751 9.961056 15.909091
 71.39052 47.110405 42.263268 0.8971111 0.6598972 7.975049 17.045454
 10.607725 10.6124115 10.031314 0.94524354 1.0004418 8.967149 6.818182
 103.40888 102.64115 97.438 0.94930744 0.9925757 8.84375 17.045454
 84.10315 86.00661 78.78268 0.9160073 1.0226324 5.675067 0.0
 99.16992 100.26786 93.797516 0.9354694 1.0110713 8.109764 3.5714285
 84.35088 63.817772 58.151154 0.91120625 0.75657505 8.684812 15.909091
 98.57427 93.55626 87.234375 0.9324269 0.9490941 7.440188 10.526316
 90.98537 90.03456 85.04275 0.94455665 0.9895499 8.862075 1.1363636
 97.86047 96.67685 90.24866 0.93350846 0.987905 8.74368 9.090909
 96.79232 89.622604 83.38375 0.93038744 0.9259268 8.80819 10.227273
 9.336093 9.02481 8.450952 0.9364132 0.9666581 8.753742 11.363636
 5.385439 3.3050594 2.9327698 0.88735765 0.6137029 8.470177 15.909091
 85.55646 78.85599 72.789764 0.9230721 0.9216836 6.394063 1.4705882
 97.21209 94.97937 88.79037 0.9348385 0.9770324 8.306322 5.952381
 94.96048 92.98169 87.11389 0.936893 0.979162 7.9474573 5.0
 93.16469 91.87561 86.801285 0.9447696 0.98616344 7.4537973 11.25
 102.802444 96.765495 85.52759 0.8838646 0.9412762 4.0777955 0.0
 108.11678 108.643585 97.751114 0.8997413 1.0048724 4.614151 1.9230769
 101.60902 102.34224 95.06185 0.9288623 1.0072162 7.334535 11.842105
 8.896266 6.797828 5.5093637 0.8104594 0.7641215 5.226297 9.722222
 93.80828 91.08015 84.54784 0.9282796 0.97091794 6.81473 1.3888888
 80.30303 57.340935 52.00505 0.9069446 0.7140569 5.923145 9.722222
 87.18944 87.01076 80.57711 0.9260592 0.9979507 6.260169 10.294118
 13.195565 10.011593 9.357459 0.93466234 0.75870895 2.9250913 10.714286
 105.38071 105.09733 96.663185 0.91974926 0.9973109 5.2626014 0.0
 119.51791 112.9082 101.5991 0.8998381 0.94469696 5.4455404 1.6666666
 112.74553 116.43539 104.06707 0.8937752 1.0327274 4.8579173 1.7857143
 77.40627 78.84763 71.74813 0.9099592 1.0186207 4.8164825 1.7857143
 110.04754 110.5212 100.57637 0.9100188 1.0043042 4.4372916 1.9230769
 91.12931 95.86538 88.72269 0.92549247 1.0519708 4.349219 5.769231
 1.0 70.37834 67.63023 62.96983 0.93108994 0.96095234 531.90533 7.207059 118.0
