 8.828429 8.874628 8.413037 0.9479876 1.005233 9.090256 9.090909
 0.1391265 0.045765296 0.022882648 0.5 0.32894737 2.0 75.0
 1.5550812 0.480254 0.07997062 0.16651735 0.30882886 1.2355763 20.833334
 0.67939013 0.19441706 0.040992297 0.21084721 0.2861641 2.240304 27.777779
 1.297333 0.34487507 0.058988843 0.17104408 0.26583388 1.9950136 19.444445
 1.1058762 0.2485426 0.06850397 0.27562264 0.22474721 3.1416667 20.833334
 1.1127007 0.3593866 0.06348831 0.17665744 0.32298586 1.8869742 23.333334
 3.793565 1.1441387 0.304182 0.26586112 0.3015999 1.1022328 16.666666
 10.027424 9.624237 9.100998 0.9456332 0.9597916 9.58665 10.714286
 98.457634 64.764885 58.399002 0.90170777 0.6577945 9.281423 14.772727
 2.660331 0.7212594 0.29179034 0.4045567 0.2711164 4.2845016 20.238094
 1.1670495 0.26624963 0.06173535 0.23187017 0.22813912 2.0558085 20.833334
 2.049626 0.54624146 0.081753716 0.1496659 0.26650783 1.3325664 16.666666
 12.1177225 8.893289 7.7015285 0.8659934 0.7339076 9.005169 11.363636
 3.9511802 1.0373427 0.3653113 0.3521607 0.26253995 4.4870014 15.909091
 5.654361 5.7618737 5.183155 0.89956063 1.0190142 5.0608106 9.615385
 85.55145 85.84667 80.82014 0.9414475 1.0034508 9.579738 12.5
 2.67876 0.67713773 0.2594628 0.3831758 0.2527803 4.77968 22.368422
 6.973777 6.1280885 4.9956045 0.8151979 0.87873304 8.405693 13.75
 2.1362524 0.4740526 0.10025209 0.21147883 0.22190852 1.7034492 21.428572
 7.865914 7.6942744 7.176518 0.9327088 0.97817934 9.6573105 9.090909
 6.91666 6.697136 6.2505507 0.933317 0.96826154 9.209862 4.5454545
 1.430473 0.3461077 0.13220716 0.3819827 0.24195333 4.6555 26.666666
 15.268102 15.492252 14.448384 0.93262 1.014681 9.897838 7.9545455
 1.7964281 0.38731778 0.10859794 0.2803846 0.2156044 1.7840663 21.052631
 1.4568472 0.41737583 0.1218934 0.29204708 0.28649253 3.9484842 23.333334
 6.3324347 5.7830424 5.525928 0.9555399 0.9132415 9.738465 7.142857
 1.3392124 0.37960467 0.076532155 0.20161015 0.28345364 1.9539591 21.25
 6.3023367 5.789103 5.439674 0.9396402 0.9185645 9.483466 9.090909
 39.434578 8.144725 5.403964 0.6634925 0.20653765 4.8072233 15.625
 105.56939 108.239746 97.28667 0.89880717 1.0252949 5.028533 5.357143
 85.527664 86.473526 77.49022 0.896115 1.011059 4.9830565 1.7857143
 104.78811 108.01561 97.58096 0.90339684 1.0308002 4.980428 5.357143
 93.19393 76.43509 68.03404 0.89008915 0.8201723 4.951882 12.5
 92.20197 93.9154 84.66932 0.90154886 1.0185833 5.0342274 1.7857143
 117.12502 90.764145 81.72332 0.9003922 0.7749338 4.9968166 14.285714
 106.91746 93.61241 83.26859 0.8895037 0.8755578 4.96609 12.5
 114.22145 117.76446 106.2774 0.90245736 1.0310187 5.0121083 1.7857143
 96.27847 96.43651 86.76635 0.89972514 1.0016414 4.9945555 10.714286
 82.531136 83.28248 73.630905 0.8841104 1.0091038 5.1674485 1.7857143
 92.531906 95.489746 85.97379 0.90034586 1.0319656 5.0078654 0.0
 103.71016 104.4886 94.425285 0.9036898 1.0075059 5.019575 1.7857143
 106.64264 108.69235 97.82016 0.89997274 1.0192204 5.0299397 5.357143
 0.97727275 38.17022 35.14359 31.535908 0.8973445 0.92070705 198.92336 14.509124 44.0
