 26.023033 27.025475 25.592655 0.9469826 1.0385213 9.279822 0.0
 19.528198 19.667547 18.545923 0.9429709 1.0071357 8.86411 12.5
 19.157478 18.214506 16.935373 0.92977405 0.9507779 9.469828 3.409091
 13.209042 4.381794 1.886528 0.4305378 0.33172688 4.619734 14.772727
 155.0441 156.8625 144.7404 0.92272145 1.0117283 6.1395507 1.5625
 112.51319 119.37938 107.784836 0.9028765 1.0610256 4.5125504 11.538462
 17.222486 17.30117 16.048883 0.9276184 1.0045687 9.399983 2.2727273
 138.54448 142.68852 129.60127 0.90828097 1.0299114 5.0620694 1.7857143
 126.483734 127.99354 118.74329 0.92772883 1.0119368 9.093417 6.818182
 14.47165 14.923755 13.910938 0.9321339 1.0312407 9.707619 10.227273
 12.624919 10.3086195 9.500136 0.9215721 0.8165296 9.105952 10.227273
 15.159718 14.82915 14.041067 0.9468558 0.9781944 7.8219986 10.227273
 4.4747562 1.7820584 0.5245385 0.2943442 0.39824703 3.234027 16.25
 132.61687 136.95354 129.61932 0.94644743 1.0327008 9.223433 4.5454545
 49.82395 46.696453 42.241436 0.9045962 0.93722904 9.543387 7.9545455
 118.83161 122.97913 115.49834 0.9391702 1.0349026 9.054631 7.9545455
 11.732789 11.084369 8.349853 0.75329983 0.94473433 8.470156 8.333333
 44.255714 44.57804 42.214928 0.9469893 1.0072833 9.370655 5.681818
 11.053149 10.536589 9.822779 0.93225414 0.95326585 9.9175825 12.5
 81.26714 84.326744 79.18185 0.93898857 1.0376487 8.673039 2.3809524
 6.4074264 1.9389006 1.4706775 0.75851107 0.3026021 3.1745849 11.538462
 140.37201 142.17125 133.86014 0.9415415 1.0128177 9.3014555 1.1363636
 130.85306 134.58348 127.64097 0.9484148 1.0285084 9.179205 6.818182
 129.7832 137.17761 124.837 0.9100391 1.0569751 5.0399528 1.7857143
 122.57192 125.369156 115.19888 0.91887736 1.0228212 9.036778 3.409091
 25.604832 17.53605 15.555139 0.88703775 0.6848727 8.801234 17.045454
 16.422756 12.571382 10.825504 0.8611229 0.7654855 8.7520895 15.909091
 12.629764 12.103524 11.27019 0.9311494 0.95833343 8.994062 15.909091
 114.8474 119.13556 112.18302 0.9416418 1.0373379 9.646153 0.0
 13.046521 12.307794 10.1761675 0.82680684 0.9433774 8.523878 11.363636
 147.65126 152.43881 140.55655 0.9220523 1.0324247 6.175031 0.0
 16.114054 16.12615 15.410604 0.9556282 1.0007507 8.6104555 11.363636
 19.357313 19.259932 18.035553 0.93642867 0.9949693 9.114464 6.818182
 21.00622 20.91407 19.304974 0.9230615 0.9956132 9.305522 15.909091
 108.046524 109.60951 101.8217 0.92894953 1.0144658 11.57624 6.818182
 98.51477 94.68162 82.93591 0.87594527 0.96109056 3.8769515 2.0833333
 12.887971 13.808956 13.067775 0.9463261 1.0714608 9.049033 14.772727
 120.06242 121.25279 109.988716 0.9071025 1.0099145 8.939579 6.818182
 18.248772 18.407892 16.33444 0.88736075 1.0087196 4.531419 11.538462
 121.82426 124.242424 117.34407 0.94447666 1.0198497 9.315895 1.1363636
 25.181992 25.035944 23.683487 0.9459794 0.9942003 9.087553 4.5454545
 2.431791 1.6407094 1.4995024 0.9139354 0.67469174 4.93752 19.444445
 10.260362 7.22955 6.4104204 0.88669705 0.70460963 8.229076 11.363636
 14.844775 13.701282 12.876969 0.93983686 0.92296994 9.080024 10.227273
 58.537926 43.97668 35.48416 0.8068859 0.7512511 11.090165 7.9545455
 130.74937 128.8499 119.05993 0.9240203 0.9854724 6.16746 1.5625
 136.96739 140.60178 129.99945 0.9245932 1.0265347 6.0926185 1.5625
 24.796564 25.168747 23.212091 0.9222585 1.0150095 9.180962 9.090909
 109.90856 112.91614 106.72519 0.9451722 1.0273644 9.241919 1.1363636
 139.98813 138.32224 129.8609 0.9388289 0.9880997 8.149467 2.5
 5.174648 3.5360186 2.9487176 0.833909 0.68333507 8.49309 17.105263
 116.16971 116.94131 107.018425 0.9151465 1.006642 6.160427 1.5625
 134.03105 134.77983 120.75787 0.89596397 1.0055866 5.0669756 1.7857143
 1.0 64.70439 64.73302 59.66301 0.9216782 1.0004424 502.72003 7.6029477 53.0
