 91.77522 84.434654 77.10641 0.91320807 0.9200158 6.0009327 4.6875
 7.122696 6.349583 6.004954 0.9457241 0.89145786 8.925023 18.181818
 9.275988 6.885925 5.041644 0.7321666 0.7423387 8.73213 12.5
 114.949196 111.60916 102.15251 0.91527 0.9709434 6.356069 5.882353
 142.01335 140.92079 131.13821 0.93058103 0.9923066 6.9872146 1.3888888
 2.621383 0.6842086 0.090897605 0.13285072 0.26101053 1.2812506 17.045454
 6.2528057 4.0936756 3.8226151 0.9337856 0.6546942 8.229754 13.636364
 125.21205 123.91417 114.586525 0.92472494 0.9896346 6.9013233 4.1666665
 138.75179 136.37842 126.87321 0.9303027 0.98289484 6.950089 4.1666665
 60.7574 60.038017 56.053867 0.9336396 0.9881597 8.609338 9.090909
 77.4109 77.87469 73.94727 0.9495675 1.0059912 8.771892 0.0
 130.54698 129.76773 120.668625 0.9298816 0.9940309 7.112288 0.0
 121.191895 117.88135 111.48033 0.94569945 0.9726834 8.817119 6.818182
 10.73177 7.8496194 4.873263 0.620828 0.7314375 6.113384 15.476191
 122.21136 123.06506 114.65438 0.9316566 1.0069855 6.9722853 1.3888888
 139.09059 136.36992 126.578766 0.92820144 0.9804396 6.902123 1.3888888
 137.24901 129.24301 114.13165 0.883078 0.9416681 4.007277 0.0
 3.1315267 0.6691581 0.203127 0.30355605 0.2136843 1.8824067 16.666666
 128.60028 124.39198 113.38656 0.91152626 0.96727616 5.4559984 0.0
 117.218605 118.31639 109.83426 0.92830974 1.0093652 6.084682 1.5625
 137.02605 139.30244 129.52853 0.9298368 1.0166128 6.056265 6.25
 117.43429 120.47017 111.696205 0.927169 1.0258517 6.054861 1.5625
 125.85922 125.37547 116.62286 0.93018883 0.99615645 6.0919185 0.0
 16.59456 9.261507 5.111132 0.55186826 0.558105 3.9647505 12.5
 117.32792 118.25725 109.52591 0.9261666 1.0079207 5.383235 1.6666666
 123.588936 123.56117 113.78794 0.9209037 0.99977535 4.9388657 5.357143
 1.0 89.38253 87.5756 80.72699 0.92179775 0.97978425 565.49634 6.2070866 26.0
