 1.6389675 0.54882264 0.089062005 0.16227831 0.33485878 1.7592176 14.705882
 29.132961 28.492235 26.674507 0.9362027 0.97800684 8.686203 3.409091
 8.5379715 7.812745 7.314719 0.9362547 0.9150587 8.729954 14.772727
 1.4603566 0.43537217 0.14748411 0.3387541 0.29812732 3.7037654 22.222221
 65.4825 64.675026 61.0569 0.94405687 0.9876689 8.956226 3.409091
 84.67914 82.47768 77.8628 0.944047 0.9740023 8.959672 10.227273
 3.989981 3.118829 2.9094636 0.93287057 0.78166515 7.9911904 15.909091
 95.83814 92.62428 87.091446 0.94026583 0.9664658 8.912046 3.409091
 98.72799 96.59715 91.0423 0.94249463 0.97841716 8.824615 0.0
 4.349604 1.0399604 0.1637808 0.15748751 0.23909312 1.2680448 13.75
 70.91779 69.57797 65.71016 0.94441044 0.98110735 8.82035 1.1363636
 1.0974996 0.30240604 0.04710105 0.15575433 0.27554092 1.1140274 25.0
 89.030014 87.01653 81.76753 0.93967813 0.97738427 8.85139 3.409091
 82.577126 73.971405 69.33474 0.93731815 0.8957856 8.903949 9.090909
 1.6018087 0.39526328 0.13221733 0.33450446 0.24676062 4.097832 17.105263
 1.7434971 0.6196501 0.14830154 0.23933111 0.35540643 2.3408034 25.0
 1.5749396 0.4337659 0.084107235 0.19390008 0.27541745 1.8811886 18.055555
 93.35171 90.03655 84.169556 0.9348376 0.9644875 8.856961 3.409091
 9.497371 2.5870762 0.36076328 0.13944826 0.2723992 1.1690557 15.476191
 19.376425 7.916657 1.5904778 0.20090272 0.4085716 1.7608367 14.772727
 1.6851976 0.42657787 0.09643626 0.22606954 0.25313225 1.4505441 18.333334
 92.86558 89.979485 84.87987 0.9433246 0.96892184 8.913665 0.0
 1.0 39.05257 36.412975 33.757896 0.92708427 0.93240917 318.38617 11.481955 22.0
