 19.450888 17.921925 16.606478 0.92660123 0.9213937 8.4182415 10.227273
 95.17932 65.485855 59.391376 0.90693444 0.68802613 5.5208206 12.5
 50.78405 28.155174 25.68993 0.91244084 0.5544098 7.4885764 15.909091
 59.910618 60.975086 57.75302 0.9471577 1.0177675 8.278913 0.0
 12.895382 7.927379 6.3516994 0.8012357 0.6147456 7.358073 17.045454
 102.28011 78.13161 72.62362 0.92950374 0.7638983 7.7921834 7.9545455
 8.291267 7.853802 7.34763 0.9355507 0.9472379 7.888217 11.363636
 8.066871 6.27147 5.6349053 0.89849836 0.77743524 7.601901 7.9545455
 90.72103 72.14934 60.540813 0.83910424 0.79528785 3.8982096 12.5
 14.3134165 13.38573 12.620037 0.9427978 0.9351877 8.396152 13.636364
 96.32008 79.58561 74.879524 0.94086754 0.8262619 7.972752 15.909091
 102.39303 85.423256 80.76268 0.94544137 0.8342683 7.922063 13.636364
 82.80635 61.163948 57.282978 0.93654805 0.7386384 7.5643415 15.909091
 95.16268 66.87849 62.647926 0.9367426 0.7027806 7.8665338 13.636364
 96.140594 79.777466 70.738266 0.88669485 0.8298 4.349845 7.6923075
 15.962331 13.964503 13.001667 0.93105114 0.8748411 7.101365 13.636364
 5.817952 1.7484478 0.75483173 0.43171534 0.30052632 4.4665937 17.045454
 87.64452 72.510216 68.29031 0.9418026 0.82732177 7.976625 12.5
 103.92446 75.978516 71.88544 0.9461285 0.73109365 7.784243 17.045454
 94.68799 93.48611 88.580444 0.9475252 0.9873069 7.7006674 3.409091
 95.82614 70.87383 66.0035 0.9312817 0.7396085 7.939968 10.227273
 98.74333 71.47838 66.39853 0.92893165 0.7238806 7.7430387 13.636364
 16.78371 11.427118 10.090948 0.8830703 0.6808458 7.4107265 12.5
 13.219303 12.813983 11.670777 0.91078454 0.9693388 7.0532537 9.090909
 79.58319 77.569916 73.60278 0.9488573 0.97470224 7.92677 6.818182
 94.84612 79.40975 75.35287 0.94891196 0.83724827 7.936257 13.636364
 112.40946 80.4888 75.495514 0.9379629 0.71603227 7.91783 13.636364
 2.6463566 0.7912893 0.15432686 0.19503215 0.29901084 2.0681858 18.181818
 54.551903 31.913292 28.654879 0.89789796 0.58500785 6.140614 10.294118
 19.496319 20.183174 19.159702 0.9492908 1.0352299 8.090447 4.5454545
 2.293236 0.6825721 0.25528795 0.37400877 0.2976458 3.5829718 15.0
 58.46672 57.43306 54.873566 0.95543516 0.9823206 7.8893805 1.1363636
 55.979187 50.26087 44.845688 0.89225847 0.89784926 7.7468343 6.818182
 20.144962 19.638348 18.783314 0.9564611 0.97485155 6.6787877 10.0
 12.692156 11.8240385 11.225199 0.94935405 0.93160206 8.878014 9.090909
 5.2301316 1.2576097 0.26286826 0.2090221 0.24045472 1.5629196 17.045454
 91.78626 59.542664 54.205444 0.9103631 0.64870995 7.445553 14.772727
 104.10413 77.624886 71.92675 0.9265939 0.74564654 6.218576 13.888889
 90.88761 63.273884 58.90493 0.93095165 0.69617724 7.798917 11.363636
 108.82456 100.11673 93.2702 0.9316146 0.91998285 7.9732866 5.681818
 107.041214 100.37537 95.670105 0.95312333 0.9377264 7.565702 10.227273
 14.1736555 12.813748 12.08452 0.94309026 0.90405387 8.583714 12.5
 30.589098 28.482536 27.179216 0.95424145 0.93113357 7.616869 7.9545455
 88.748924 86.25062 81.04066 0.9395951 0.97184974 6.2591953 12.5
 109.99335 83.49126 78.302216 0.9378493 0.75905734 7.09482 16.25
 105.54998 74.82177 70.166245 0.9377784 0.7088753 7.7738557 14.772727
 84.50484 55.561253 50.489365 0.9087154 0.657492 7.638365 13.636364
 13.019712 10.287318 9.563302 0.92962056 0.7901341 7.619955 12.5
 8.661219 8.638355 8.180494 0.9469968 0.9973602 7.9169607 6.818182
 76.83109 77.28244 73.76214 0.9544488 1.0058746 7.737464 1.1363636
 63.627083 63.61856 61.05838 0.9597574 0.999866 8.024735 5.681818
 104.36236 69.18558 64.624306 0.9340719 0.66293615 7.974548 17.045454
 110.56368 82.26834 77.001335 0.93597776 0.744081 7.881696 14.772727
 97.36658 70.269966 65.83133 0.9368345 0.7217052 7.0126166 13.75
 102.71967 85.98902 81.34751 0.94602203 0.8371232 7.7551637 13.636364
 102.29653 68.317245 63.959633 0.93621504 0.6678354 7.883988 13.636364
 105.953354 90.013885 85.21883 0.94672984 0.84956145 7.923812 13.636364
 82.11487 81.56817 76.00669 0.93181807 0.9933423 7.8022413 1.1363636
 22.040892 19.18837 16.784071 0.8747002 0.87058043 6.554045 11.111111
 98.397224 68.23252 64.84819 0.9504 0.6934395 7.8712745 18.181818
 101.59828 85.52612 79.051094 0.92429185 0.8418068 6.2137394 13.888889
 65.30836 65.31266 62.335957 0.95442384 1.0000658 8.014468 1.1363636
 12.861458 10.823017 9.9284315 0.9173442 0.84150773 7.318429 11.363636
 105.36975 99.75323 93.56009 0.9379154 0.94669706 7.4493637 2.3809524
 15.483418 13.82342 13.203488 0.9551535 0.8927886 7.018813 10.227273
 42.272896 23.881626 21.782423 0.9120996 0.5649395 7.5908947 15.909091
 102.0695 74.169014 69.5129 0.93722296 0.726652 7.837473 15.909091
 14.419971 14.379832 13.827387 0.96158195 0.99721646 7.817372 5.681818
 10.808381 9.292822 7.1632166 0.7708333 0.8597793 7.0058937 9.090909
 105.83723 86.68865 81.98444 0.9457344 0.8190753 7.9244018 13.636364
 15.755657 16.530712 15.910957 0.96250886 1.0491922 7.2323184 6.818182
 103.02973 82.06869 77.26731 0.9414957 0.7965534 7.8483787 14.772727
 60.524326 60.36159 57.385452 0.9506948 0.99731123 8.332952 1.1363636
 110.08319 82.279655 77.41667 0.9408969 0.74743164 7.87945 12.5
 71.11467 69.012634 66.14791 0.95848984 0.9704416 7.731596 3.409091
 104.12399 99.0071 94.62884 0.9557783 0.95085776 7.88788 12.5
 51.543518 48.336056 45.23103 0.9357617 0.9377718 7.1392074 2.631579
 18.486948 10.971218 9.780593 0.89147735 0.5934575 8.392843 17.045454
 37.692364 35.95582 34.010273 0.9458906 0.9539285 7.8637724 1.1363636
 86.64582 80.05663 74.531395 0.93098336 0.92395264 7.6880503 10.227273
 57.26044 56.56073 53.53772 0.9465529 0.98778015 8.2663145 7.9545455
 106.010826 76.12034 71.175705 0.93504184 0.7180431 7.8560414 14.772727
 100.588425 85.21136 80.47191 0.94438004 0.84712887 7.802041 11.363636
 33.723198 30.43362 28.89929 0.9495843 0.9024536 7.87838 7.9545455
 92.48619 78.2146 74.322365 0.95023644 0.84568954 7.9581547 13.636364
 2.346002 0.6128996 0.14734694 0.24040958 0.2612528 3.2328138 18.181818
 111.28158 86.24412 81.0992 0.94034463 0.7750081 7.945033 17.045454
 89.1819 88.39155 84.73257 0.9586049 0.99113774 7.779226 0.0
 16.81677 15.920137 15.176208 0.95327115 0.9466822 8.31434 5.681818
 89.30011 61.40261 55.875492 0.9099856 0.68759835 5.3657365 9.375
 64.62254 66.0139 63.350815 0.95965874 1.0215305 7.805893 4.5454545
 37.27955 37.22839 35.894794 0.964178 0.9986277 7.402774 3.409091
 96.37184 86.387245 82.18754 0.9513851 0.8963951 7.905355 5.681818
 112.03858 82.01124 76.03411 0.9271182 0.73199105 7.805292 13.636364
 39.282913 37.604298 35.555492 0.9455167 0.9572686 7.9818544 3.409091
 101.306404 96.33834 91.00089 0.9445969 0.95096004 7.693423 2.2727273
 50.532177 29.651836 25.749403 0.8683915 0.5867912 7.537739 14.772727
 101.216286 93.12188 87.70242 0.9418025 0.9200286 7.9503207 1.1363636
 94.47861 65.88571 61.32852 0.9308319 0.69736123 7.87175 12.5
 99.043 87.185036 83.02845 0.95232457 0.8802746 7.597178 11.363636
 98.32461 79.86315 76.06371 0.95242566 0.81223965 7.554391 13.636364
 106.53798 99.66326 94.41922 0.94738245 0.93547165 7.905926 9.090909
 66.10857 63.743473 60.31084 0.9461493 0.96422416 7.4310083 1.1363636
 107.61833 79.0372 74.0921 0.9374333 0.7344213 7.6984854 15.909091
 87.00179 58.75689 53.266857 0.90656364 0.6753526 7.49862 10.227273
 23.69984 22.539661 21.11652 0.9368606 0.95104694 8.423024 10.227273
 93.53337 82.91373 78.08684 0.94178414 0.88646144 7.880602 12.5
 102.14373 73.304726 69.00887 0.9413973 0.7176625 7.7777886 14.772727
 75.04247 42.244743 38.751724 0.91731465 0.5629445 7.3760815 17.045454
 91.22153 65.50693 60.82645 0.92854995 0.7181082 7.7987037 7.9545455
 77.84541 61.432972 57.916588 0.94276065 0.7891662 7.983508 11.363636
 79.935005 71.81015 66.18303 0.92163897 0.89835674 5.0401063 6.6666665
 115.310165 90.14567 86.005066 0.95406765 0.7817669 7.878459 14.772727
 65.335625 65.96945 63.03292 0.9554865 1.0097011 8.08357 1.1363636
 92.59039 72.97038 69.12897 0.9473566 0.7880988 7.8778634 14.772727
 79.65863 79.869064 75.63492 0.9469864 1.0026417 7.9359627 1.1363636
 60.51533 59.634266 56.723164 0.9511841 0.9854406 7.7499557 0.0
 89.00882 73.45841 68.66148 0.93469876 0.8252936 7.807118 11.363636
 59.52728 55.14733 51.69324 0.9373661 0.9264212 6.5507274 2.5
 80.892296 69.60393 61.466564 0.88309044 0.8604519 3.7764716 12.5
 100.3129 66.75899 61.77775 0.92538476 0.66550756 7.550619 12.5
 81.957344 69.87714 66.47936 0.951375 0.8526037 7.9334946 9.090909
 67.519844 35.24886 30.741322 0.8721224 0.5220519 7.127546 14.772727
 96.41308 72.03673 67.64117 0.9389817 0.7471675 7.655085 11.363636
 58.500732 42.05721 30.05664 0.7146608 0.71891767 6.1430483 7.9545455
 94.88573 80.26021 74.805504 0.93203723 0.8458618 5.1396084 15.0
 100.91265 93.153946 88.99426 0.95534617 0.9231146 7.450739 4.7619047
 104.54036 84.45161 79.37535 0.9398916 0.80783737 7.3646016 15.476191
 85.231186 59.401035 55.84874 0.9401981 0.6969401 7.505011 15.476191
 100.81093 79.23634 74.19246 0.9363438 0.78598964 7.074231 15.0
 110.52177 82.22935 76.65858 0.93225324 0.74401045 7.0753675 12.5
 21.06998 18.797064 17.497557 0.9308665 0.89212537 7.219704 13.75
 69.385155 69.98379 65.608055 0.937475 1.0086277 5.7110376 1.4705882
 99.48335 84.01906 79.894485 0.9509091 0.84455395 6.7901754 10.526316
 63.057247 56.169445 50.25759 0.89474964 0.89076906 3.7299984 10.416667
 86.36985 61.792274 56.92849 0.92128813 0.715438 6.301969 11.111111
 85.723885 87.92215 83.27654 0.94716233 1.0256436 5.9423914 1.4705882
 20.71857 18.778606 17.421124 0.9277112 0.90636593 5.9826236 11.764706
 13.522975 13.43612 12.080383 0.8990976 0.99357724 5.55479 0.0
 18.854425 17.098726 16.247456 0.9502144 0.90688133 5.2457247 7.8125
 3.2718146 1.0146551 0.52839226 0.5207605 0.31012 3.4894733 12.5
 49.95855 32.465122 28.392746 0.8745615 0.6498412 4.9221554 11.666667
 104.351555 77.408745 71.102425 0.91853225 0.7418073 5.037263 13.333333
 115.05503 95.04489 87.08573 0.9162589 0.82608205 5.0841923 10.0
 88.89192 53.80583 47.93839 0.8909516 0.60529494 5.2282577 11.666667
 97.41501 96.37468 89.922745 0.9330536 0.9893207 5.246558 10.0
 55.481224 66.02662 62.983887 0.9539166 1.1900713 4.866931 8.928572
 101.65365 96.421 88.28185 0.9155875 0.94852465 4.3801227 9.615385
 88.92509 91.44057 84.88756 0.92833585 1.0282876 4.4282417 5.769231
 57.987606 54.855812 48.12744 0.8773445 0.945992 4.2361 5.769231
 120.10209 118.19387 105.347534 0.8913113 0.9841117 4.151973 6.25
 118.17944 119.62356 107.47616 0.8984531 1.0122197 3.9529626 0.0
 95.40428 91.478714 81.836975 0.89460135 0.95885336 3.9386036 12.5
 1.0 71.034904 58.871128 54.87355 0.93209606 0.8287634 416.64346 10.1750555 153.0
