 3.9232547 0.7206994 0.28532708 0.39590302 0.18369938 4.990192 19.047619
 129.4755 122.13287 113.7003 0.93095577 0.9432896 9.778335 4.5454545
 111.7302 105.5474 98.587456 0.93405855 0.9446631 9.740463 1.1363636
 102.222275 95.686295 87.40402 0.9134435 0.9360611 9.684959 4.5454545
 68.70671 63.662865 58.87879 0.924853 0.9265888 9.952491 0.0
 105.66772 95.84687 89.17693 0.9304105 0.90705913 9.888449 4.5454545
 110.59977 105.69562 98.74057 0.9341974 0.95565856 9.57359 7.9545455
 115.83455 109.32117 102.10943 0.9340316 0.94377 9.769143 1.1363636
 10.336056 8.109162 7.3803573 0.9101257 0.78455096 9.851833 12.5
 125.117615 117.76203 109.911385 0.93333465 0.9412106 9.744573 0.0
 16.234905 14.998657 13.943183 0.9296288 0.9238525 10.037363 6.818182
 71.27948 52.757385 48.631012 0.92178583 0.7401483 9.656552 15.909091
 1.0012542 0.26889616 0.081744574 0.30400053 0.26855934 2.4813907 23.214285
 94.70751 89.055244 79.5493 0.8932579 0.9403187 9.478164 4.5454545
 117.30445 110.607 102.5116 0.9268093 0.9429054 9.605218 3.409091
 135.60687 125.83156 117.095764 0.9305755 0.9279143 9.751109 2.2727273
 111.528015 106.193825 98.76668 0.93006045 0.9521718 9.709698 1.1363636
 80.323105 41.549355 37.54276 0.90357023 0.5172777 9.501401 15.909091
 2.6638668 1.450596 1.1826044 0.81525415 0.54454523 9.872702 19.444445
 120.87024 107.15736 98.672066 0.9208147 0.88654876 9.76253 7.9545455
 116.55442 109.509834 99.33274 0.9070669 0.93955964 9.8560505 2.2727273
 77.056786 65.82732 60.783493 0.92337793 0.8542702 9.614517 11.363636
 138.26898 129.53809 120.72064 0.9319317 0.93685573 9.761144 1.1363636
 101.22909 95.11776 88.85638 0.9341723 0.9396288 9.754364 1.1363636
 122.74046 116.0073 108.38021 0.9342534 0.94514304 9.717538 1.1363636
 115.51003 109.84779 100.87832 0.91834635 0.95098054 9.424209 4.5454545
 14.818089 13.634412 12.699979 0.9314651 0.9201195 9.807419 4.5454545
 69.22902 50.243393 46.15588 0.9186458 0.7257562 9.518307 12.5
 74.18071 68.105736 61.508835 0.9031374 0.9181057 11.132151 3.409091
 12.835504 4.731869 4.3370132 0.9165539 0.36865473 10.276363 15.909091
 2.593942 1.3058258 0.8638516 0.66153663 0.5034137 9.555269 19.736841
 113.61158 103.11616 94.096405 0.9125283 0.9076201 9.65538 6.818182
 2.971729 0.65097195 0.13150619 0.20201516 0.21905495 1.6500009 15.909091
 12.965462 11.2976 10.426408 0.92288697 0.8713612 9.504278 9.090909
 11.483136 10.923621 10.432371 0.9550286 0.9512751 10.126928 6.818182
 117.69285 111.177345 103.75893 0.93327403 0.94463974 9.784516 1.1363636
 11.513864 10.144064 9.364491 0.9231498 0.88103044 9.893633 10.227273
 18.856245 16.455729 14.775477 0.89789253 0.8726939 10.284245 9.090909
 3.7442944 1.3374659 0.49387696 0.36926323 0.35720104 2.888254 18.75
 20.8646 18.723452 14.163695 0.7564682 0.8973789 9.624729 11.363636
 134.93097 128.22433 119.64167 0.93306524 0.9502958 9.864018 15.909091
 23.011742 17.524141 16.047659 0.91574585 0.7615304 9.674519 13.636364
 121.69668 115.061066 107.39575 0.9333805 0.94547415 9.716302 0.0
 22.235432 19.75159 14.3991995 0.72901464 0.88829356 8.10509 9.090909
 0.7117611 0.20066418 0.0697827 0.34775862 0.2819263 1.9296262 25.0
 7.0372877 6.0230904 5.3357196 0.8858774 0.85588235 9.765128 10.227273
 129.2912 122.58997 114.385445 0.9330734 0.9481696 9.755774 0.0
 124.51289 116.27871 103.80471 0.89272326 0.9338688 9.5333 1.1363636
 39.614033 36.92077 34.617264 0.9376095 0.9320124 9.311586 7.9545455
 14.338552 13.396819 12.419451 0.9270448 0.9343215 9.880455 7.9545455
 58.423897 49.317593 45.973827 0.93219936 0.8441339 9.752635 13.636364
 129.47873 130.56767 115.03559 0.88104194 1.0084102 4.1241565 2.0833333
 5.8735623 4.366517 3.8655217 0.88526434 0.7434188 9.823264 11.363636
 107.57862 100.156364 91.84035 0.91696966 0.9310062 7.993952 1.3157895
 66.41867 48.316597 43.64357 0.9032831 0.7274551 7.694649 13.157895
 1.0 68.709236 62.37721 57.359768 0.91956294 0.9078431 588.42267 8.279756 55.0
