 8.936106 2.8097038 0.840516 0.29914752 0.3144215 2.0105488 19.047619
 4.3045635 1.2161231 0.39404547 0.32401776 0.2825195 3.9961016 17.045454
 2.2021317 0.6381755 0.10878752 0.17046647 0.28979895 1.3469564 18.75
 20.067783 20.463427 18.762907 0.9168995 1.0197153 9.690609 9.090909
 1.5236995 0.6078842 0.19613501 0.32265192 0.3989528 2.765674 16.666666
 16.559093 16.654003 15.919799 0.95591426 1.0057316 8.943871 7.9545455
 41.115875 39.78227 36.070198 0.90669036 0.96756464 10.239131 12.5
 11.366432 13.382447 13.194825 0.98598003 1.1773657 4.117844 3.8461537
 1.4610443 0.668884 0.24550477 0.36703637 0.45781228 4.2979007 22.222221
 2.9525774 1.6484811 1.3034235 0.7906815 0.5583194 6.3712645 17.5
 120.92366 121.22492 113.40903 0.93552566 1.0024914 9.512032 7.9545455
 3.1017573 1.856844 1.1632189 0.62644947 0.5986426 4.8285303 17.105263
 118.2422 118.95814 110.11251 0.9256408 1.0060549 7.926181 0.0
 10.177856 8.752803 7.860003 0.8979984 0.85998493 9.890301 13.636364
 90.805084 64.84078 60.302437 0.9300078 0.71406555 9.734941 13.636364
 18.112768 5.6186213 1.278148 0.22748427 0.31020224 1.8870506 15.909091
 110.166115 108.32104 101.29832 0.93516755 0.98325187 9.273601 5.681818
 1.9425931 0.9437983 0.37223113 0.3943969 0.48584455 3.6153104 26.5625
 1.7082487 0.38660267 0.09249274 0.23924497 0.22631522 1.9461993 17.647058
 2.2617855 0.6044767 0.20201643 0.33420053 0.26725644 3.882097 19.117647
 24.779028 23.826647 21.641848 0.90830433 0.961565 9.870722 10.227273
 2.9998364 0.8782751 0.37610674 0.4282334 0.29277435 5.6735454 15.909091
 4.2316775 2.1031086 1.2548949 0.5966857 0.4969917 6.9765835 16.25
 1.4975878 0.40887257 0.064213976 0.15705131 0.27302077 1.2518167 19.117647
 100.22542 87.48139 79.31216 0.9066174 0.8728464 5.5082192 10.0
 22.954536 15.302728 10.42383 0.68117464 0.66665375 5.781284 13.636364
 22.098976 21.657835 14.099715 0.6510214 0.980038 4.323771 7.142857
 13.633712 13.100422 11.97208 0.9138698 0.9608845 8.614936 10.227273
 17.52387 18.047558 17.101948 0.9476046 1.0298842 9.000184 7.9545455
 106.42947 84.547775 78.67265 0.93051124 0.79440194 9.367221 13.636364
 15.860871 15.305333 13.506966 0.8825006 0.9649743 9.031759 13.636364
 94.33297 98.64831 92.79073 0.9406217 1.0457457 9.579115 1.1363636
 17.96703 17.331478 14.958799 0.86310005 0.9646268 5.7368617 13.636364
 2.2803333 0.85029167 0.26584858 0.31265578 0.37288046 2.9234776 19.444445
 19.387608 14.570469 12.195639 0.8370107 0.7515352 9.236022 11.363636
 110.38555 93.701546 87.88348 0.9379085 0.848857 9.414598 17.045454
 20.163452 19.363413 17.65931 0.9119937 0.9603223 8.702588 13.636364
 58.350452 54.371403 50.05263 0.92056906 0.9318077 10.855007 4.5454545
 74.91072 57.75116 53.57923 0.92776024 0.7709332 9.167012 12.5
 12.519918 12.173548 10.953006 0.8997382 0.9723344 10.0204935 4.5454545
 116.85321 94.93723 87.879974 0.92566395 0.8124487 9.107403 15.909091
 6.1490993 5.087002 4.787286 0.941082 0.8272759 9.285433 14.772727
 65.22112 63.737225 57.96719 0.9094715 0.9772482 6.9477544 10.294118
 2.9017327 1.0186383 0.5591855 0.54895395 0.35104483 6.056334 15.789474
 17.33575 17.69966 16.32107 0.9221121 1.0209918 9.850465 7.9545455
 18.181242 18.375055 16.657965 0.9065532 1.01066 7.231841 5.5555553
 3.7029543 0.9329627 0.3900586 0.41808596 0.2519509 4.814982 18.181818
 15.783854 9.032325 7.5925026 0.8405923 0.5722509 10.805355 13.636364
 134.4398 103.044846 95.470955 0.9264991 0.76647574 9.22955 17.045454
 1.8420073 0.51320124 0.24394293 0.47533584 0.27860978 3.980101 17.647058
 123.17481 120.95232 112.98936 0.9341645 0.9819566 9.367373 9.090909
 94.55954 97.69853 86.9751 0.8902396 1.033196 3.8994339 0.0
 5.679241 1.060858 0.4729771 0.44584394 0.18679573 2.6008856 16.071428
 27.13436 22.884901 20.160618 0.8809572 0.84339195 7.3369145 10.526316
 111.8038 103.11108 93.10037 0.90291345 0.92225015 5.6862493 8.333333
 1.2147812 0.3287268 0.12425858 0.37799954 0.27060577 4.8291273 12.5
 23.900648 16.233768 14.325032 0.8824219 0.6792187 3.7850916 10.416667
 5.4271264 1.6700859 0.6540942 0.39165303 0.3077293 1.9607139 14.285714
 64.62433 62.211037 54.527565 0.8764934 0.96265656 4.371594 7.6923075
 1.0 36.786335 32.564922 29.543917 0.90723133 0.8852451 264.6028 12.596075 59.0
