 29.458345 29.823576 27.482197 0.92149234 1.0123981 10.213357 6.818182
 104.72994 101.93591 94.54746 0.92751867 0.97332156 9.832905 0.0
 3.275075 1.1738034 0.5708965 0.48636463 0.35840505 4.8840246 17.045454
 11.906932 11.982139 11.016209 0.91938585 1.0063162 9.590362 12.5
 16.954702 14.576415 13.216252 0.90668744 0.85972697 8.0113 10.526316
 12.923623 12.219644 11.333185 0.92745626 0.94552773 9.98111 7.9545455
 50.037823 21.705965 17.458408 0.8043139 0.43379113 8.869437 12.5
 2.8706455 1.7548404 1.275815 0.7270262 0.6113052 6.0800514 13.095238
 16.55479 18.53197 17.52971 0.9459173 1.1194324 9.933945 7.9545455
 105.52559 99.2384 90.63997 0.91335577 0.94042027 6.8370214 4.4117646
 15.968557 15.327353 13.721062 0.8952011 0.9598457 9.749459 12.5
 116.32851 116.457695 109.0358 0.9362696 1.0011106 9.628904 3.409091
 122.19266 125.20677 110.43804 0.88204527 1.0246669 5.791515 1.6666666
 16.399794 16.211254 14.793753 0.9125607 0.9885035 7.0445976 9.722222
 120.59449 119.85431 111.63192 0.9313968 0.9938622 9.801974 1.1363636
 92.73591 71.40416 64.977776 0.90999985 0.7699732 9.434859 15.909091
 21.284678 14.126822 12.314951 0.8717425 0.6637085 6.835043 15.909091
 119.867226 84.76517 77.315285 0.9121116 0.7071588 9.535872 17.045454
 117.091705 114.677765 101.904724 0.888618 0.9793841 9.402097 0.0
 114.40253 113.18984 105.82317 0.93491757 0.9893998 9.696618 14.772727
 119.579475 118.11888 107.291565 0.90833545 0.9877856 9.501254 1.1363636
 111.52816 110.40294 99.59905 0.9021413 0.98991096 9.508793 3.409091
 107.44679 68.60013 62.772797 0.9150536 0.63845676 9.340266 13.636364
 86.727 84.602455 78.9995 0.93377304 0.9755031 9.609743 1.1363636
 100.6519 92.2605 85.31445 0.92471266 0.9166295 9.462083 12.5
 6.5901027 4.0538144 2.5126188 0.61981595 0.61513674 4.0368605 10.0
 85.018036 84.058784 78.165924 0.92989594 0.9887171 9.624674 1.1363636
 123.26608 122.836075 114.94229 0.93573725 0.9965115 9.525657 10.227273
 102.41392 98.87395 91.52296 0.9256529 0.96543473 9.7882595 5.681818
 25.894732 21.004572 19.006105 0.9048556 0.81115234 9.326202 17.045454
 119.27517 111.99991 103.29729 0.92229795 0.93900436 9.522509 10.227273
 90.46782 85.43966 78.44941 0.91818494 0.94442046 9.486889 4.5454545
 116.87053 105.42238 98.1227 0.9307578 0.9020441 9.613892 12.5
 6.7858257 2.7579074 1.7599444 0.63814485 0.40642178 6.472063 15.0
 96.492355 93.11252 86.71977 0.93134385 0.964973 9.547889 9.090909
 122.99675 120.91494 109.25131 0.9035385 0.9830743 9.527049 2.2727273
 115.95397 96.820175 90.26813 0.9323276 0.834988 9.616109 17.045454
 82.45536 83.44783 75.9369 0.90999246 1.0120364 9.818406 3.409091
 121.531 96.123604 88.88401 0.9246845 0.790939 9.451522 13.636364
 129.06636 128.66539 120.48651 0.93643296 0.9968933 9.547374 0.0
 130.06387 127.73387 119.22537 0.9333888 0.98208565 9.7876005 1.1363636
 111.205315 110.46036 101.64497 0.92019415 0.99330103 8.553304 2.5
 117.011086 112.58451 103.70711 0.92114896 0.9621696 9.646304 1.1363636
 112.54225 99.212776 91.91029 0.9263957 0.88156027 9.510865 7.9545455
 11.097134 10.163334 8.744151 0.8603624 0.91585225 8.550532 6.818182
 102.87037 98.15183 89.079956 0.9075731 0.95413125 9.715236 9.090909
 111.9989 110.466774 102.53859 0.92823017 0.98632014 9.601063 1.1363636
 17.31435 16.526953 15.337574 0.92803395 0.9545235 8.3508 9.090909
 12.695573 11.980431 11.257259 0.9396373 0.94367003 10.369725 10.227273
 116.664055 116.66759 108.2672 0.92799723 1.0000303 8.631324 5.0
 112.17269 91.692825 84.427635 0.920766 0.8174256 9.524258 15.909091
 118.828476 115.54364 105.97408 0.917178 0.9723565 9.617554 4.5454545
 108.377495 105.334816 96.70664 0.9180881 0.9719252 9.68912 7.9545455
 13.241779 12.024309 10.959961 0.91148365 0.9080584 9.94443 5.681818
 113.57258 103.19416 95.37645 0.92424273 0.90861857 9.593088 13.636364
 109.87309 108.76697 102.04569 0.9382048 0.9899327 9.397752 1.1363636
 120.562675 118.41468 110.32536 0.9316866 0.9821836 9.59379 0.0
 109.96985 104.15512 96.669846 0.9281334 0.94712436 9.530679 9.090909
 107.54387 102.69099 95.2037 0.92708915 0.9548753 9.673539 12.5
 15.086094 11.1661 9.677114 0.8666512 0.74015844 9.0086355 13.636364
 6.6880326 5.9685106 5.4941573 0.92052394 0.89241654 9.011444 8.333333
 111.563385 110.083 102.07191 0.9272267 0.9867306 9.762844 0.0
 4.425458 3.669755 2.9543948 0.805066 0.8292374 8.470396 14.772727
 100.04735 84.316826 78.3735 0.9295119 0.84276927 9.660409 13.636364
 107.12517 106.296616 96.62733 0.9090349 0.9922656 9.458052 3.409091
 113.20081 104.964966 95.885956 0.9135043 0.92724574 9.504195 13.636364
 123.86549 123.87634 116.51347 0.9405627 1.0000876 9.5789995 1.1363636
 3.163227 1.1188563 0.3583666 0.32029727 0.35370722 3.8754542 19.047619
 123.52042 100.85687 92.56943 0.91782963 0.81651986 9.517317 17.045454
 115.5817 95.251175 87.70629 0.9207896 0.8241026 9.498878 17.045454
 133.37445 131.29718 122.9678 0.9365608 0.98442537 9.64885 1.1363636
 112.81016 110.05167 102.846436 0.93452865 0.97554743 9.670263 1.1363636
 123.98503 124.6227 115.72166 0.92857605 1.0051432 8.878406 1.1904762
 132.30696 115.948265 107.5951 0.9279579 0.876358 9.616399 17.045454
 24.11999 23.365496 21.954947 0.9396311 0.9687191 9.640622 2.2727273
 114.67484 106.6922 98.17363 0.9201575 0.9303889 9.679774 10.227273
 109.19612 107.26282 99.26686 0.92545456 0.9822951 9.579816 10.227273
 126.60894 131.11026 115.28865 0.8793259 1.0355529 4.166091 6.25
 44.1682 41.489494 40.832893 0.9841743 0.9393521 10.084838 9.090909
 115.58655 109.85951 101.8212 0.926831 0.9504524 9.634865 3.409091
 117.59952 115.10056 107.64828 0.9352541 0.9787503 9.598132 1.1363636
 1.7983105 0.3691266 0.2559397 0.6933657 0.20526299 2.8531423 18.181818
 128.98613 140.61769 125.877365 0.89517444 1.0901768 4.0930095 0.0
 12.723835 10.319442 9.35028 0.9060839 0.81103235 9.652907 12.5
 122.62201 120.46908 112.072495 0.93030095 0.98244256 9.713857 1.1363636
 16.017971 14.648552 13.67527 0.9335578 0.9145073 9.298728 14.772727
 124.17461 120.68619 111.95731 0.927673 0.97190714 9.690322 0.0
 41.375023 35.206543 31.195816 0.88608 0.850913 8.744568 10.227273
 33.92853 30.362785 28.408852 0.9356471 0.8949042 9.651609 9.090909
 119.36591 104.16811 96.310684 0.9245698 0.8726789 9.76991 5.681818
 121.73505 116.022865 108.555725 0.9356408 0.9530769 9.39328 11.363636
 117.596756 120.180336 108.23833 0.9006326 1.0219698 6.2833714 9.375
 124.74761 123.478966 115.66229 0.93669635 0.98983026 9.747435 1.1363636
 19.555182 20.655758 17.98689 0.8707931 1.0562805 4.22856 4.1666665
 116.968094 120.03585 105.58718 0.8796303 1.0262272 4.138815 8.333333
 102.09599 98.77248 89.160774 0.90268844 0.96744716 6.3369875 3.125
 98.52197 91.54294 78.983894 0.86280704 0.9291627 4.0165725 12.5
 16.102057 15.639869 7.5273914 0.48129505 0.9712963 5.826937 10.227273
 116.00311 111.52246 101.44245 0.9096145 0.9613747 9.4255 4.5454545
 125.162094 123.62162 115.56508 0.93482906 0.9876922 9.709199 0.0
 16.06899 12.401285 9.978481 0.80463284 0.77175254 7.924976 7.9545455
 12.870702 12.869378 11.524135 0.8954694 0.9998971 8.778149 13.75
 119.00799 111.34193 103.04425 0.9254757 0.93558365 9.616083 3.409091
 120.701614 119.104355 110.92879 0.931358 0.9867668 9.827904 5.681818
 16.716421 12.596886 11.716738 0.9301297 0.7535636 9.209106 13.636364
 101.73752 99.956985 93.09745 0.93137515 0.98249876 9.742509 7.9545455
 111.55992 110.55016 103.28701 0.93429995 0.99094874 9.608784 1.1363636
 74.69155 75.48953 70.54055 0.93444145 1.0106837 9.657594 1.1363636
 16.060453 16.391607 14.207259 0.8667398 1.0206193 9.185563 6.818182
 106.803024 104.56815 97.33182 0.93079793 0.97907484 9.819529 1.1363636
 138.53084 143.90926 128.31044 0.8916066 1.0388247 4.7399874 11.538462
 16.096382 14.600488 13.067361 0.8949948 0.90706646 9.7561 7.9545455
 16.93158 15.779759 14.7197075 0.93282205 0.9319721 10.283705 12.5
 101.167274 99.34739 92.79311 0.9340267 0.98201114 9.583926 1.1363636
 115.68254 111.73508 103.1725 0.9233672 0.96587676 9.5499935 5.681818
 63.698208 58.142323 52.895374 0.90975684 0.912778 9.182876 10.227273
 107.4638 109.92868 103.4628 0.9411811 1.0229368 9.587594 6.818182
 99.55223 98.92272 92.4526 0.9345941 0.9936766 9.73515 1.1363636
 118.69324 82.41694 74.60343 0.9051954 0.69436926 9.295306 12.5
 87.71226 82.460396 76.55396 0.92837244 0.940124 9.578012 9.090909
 105.32975 103.860245 97.135345 0.9352505 0.9860485 9.590831 11.363636
 13.307736 13.128452 11.327761 0.8628406 0.9865278 10.037466 10.227273
 116.299225 113.76123 105.02705 0.92322356 0.9781771 7.871664 5.263158
 2.53852 0.933419 0.27560487 0.29526386 0.367702 2.7349 17.5
 106.58776 104.34785 97.43184 0.9337216 0.97898525 9.169335 3.5714285
 128.53326 117.65484 107.57596 0.91433513 0.91536486 7.8049755 1.3157895
 75.554306 69.61087 63.740677 0.9156713 0.92133564 8.095626 14.473684
 84.47511 82.57479 73.39585 0.88884085 0.9775044 5.2417574 8.928572
 111.21955 102.25983 91.60232 0.8957801 0.91944104 7.7726884 6.5789475
 118.4256 108.35983 99.460266 0.9178703 0.9150035 7.8695107 15.789474
 101.28277 96.98581 89.217255 0.9199001 0.9575746 7.9126835 3.9473684
 127.42513 115.257126 103.249756 0.89582103 0.9045086 7.2417226 6.9444447
 24.587393 17.210293 12.722966 0.73926497 0.6999641 6.203697 11.764706
 99.82036 89.24149 80.46513 0.90165615 0.894021 6.0007544 1.5625
 118.95168 104.55372 92.3382 0.8831651 0.87895954 5.549647 6.6666665
 94.623566 82.76613 70.71743 0.8544248 0.8746883 3.8935804 6.25
 105.487144 91.703 80.89206 0.88210917 0.8693287 5.3455353 3.3333333
 12.854501 11.2786875 9.982665 0.88509107 0.87741154 5.4657373 5.0
 104.83831 91.808334 83.74107 0.91212934 0.8757136 5.078607 1.7857143
 108.2477 96.46275 87.90053 0.911238 0.8911298 5.0307827 1.7857143
 87.57783 73.88458 66.92542 0.9058104 0.84364486 5.1709423 3.5714285
 122.5958 106.948524 95.06031 0.8888417 0.8723669 4.511029 1.9230769
 85.20717 72.56711 63.83147 0.8796199 0.85165495 4.5297985 0.0
 110.638985 92.88726 82.18344 0.8847655 0.83955276 4.5138774 11.538462
 88.97976 74.197586 66.51728 0.8964885 0.83387035 4.337128 9.615385
 110.5864 100.351166 88.03027 0.87722224 0.9074458 4.040966 8.333333
 97.84374 85.49729 74.5326 0.87175393 0.87381464 3.9213223 2.0833333
 99.22979 91.02978 80.404976 0.8832821 0.91736335 3.9322774 12.5
 107.612206 98.8591 87.4778 0.8848735 0.91866064 3.9205832 8.333333
 1.0 84.63293 79.15859 72.42111 0.91488636 0.93531674 665.7622 7.633503 149.0
