 3.2028327 1.3613026 0.851047 0.62517107 0.4250308 6.232987 14.285714
 2.8527153 0.82707506 0.18213087 0.22021082 0.28992555 1.9851369 18.181818
 2.932109 0.78517914 0.1847054 0.23523983 0.26778647 2.1596878 17.857143
 2.3627782 0.59127045 0.20720592 0.35044184 0.25024375 1.2633332 18.75
 5.504108 1.3029957 0.25377798 0.19476502 0.23673148 1.5344933 18.181818
 66.47114 54.685192 51.34157 0.93885696 0.82269084 8.779932 17.045454
 3.3410912 1.0126098 0.1303856 0.12876192 0.3030776 1.0470644 15.909091
 0.65316033 0.104797244 0.06986483 0.6666667 0.16044644 2.6666667 25.0
 2.3485548 0.6348071 0.10944476 0.17240632 0.2702969 2.2948034 20.833334
 6.2589917 2.599379 1.6603806 0.6387605 0.41530314 5.1227646 12.5
 2.6142936 0.88554597 0.5501917 0.62130225 0.3387324 6.4381275 15.476191
 2.8302345 1.1018431 0.4723083 0.42865294 0.3893116 5.143924 17.045454
 72.5009 54.330154 50.644577 0.9321633 0.7493721 8.846383 15.909091
 101.1821 97.68127 93.19388 0.9540609 0.96540076 8.961935 7.9545455
 4.5183444 1.3978776 0.7171018 0.5129933 0.3093783 5.219069 15.476191
 2.2510586 0.62274736 0.1468895 0.23587333 0.27664644 2.5685968 18.181818
 1.5672584 1.0344237 0.7871022 0.76090896 0.6600211 6.4008813 20.454546
 2.066525 0.5962509 0.10567727 0.17723624 0.2885283 1.8388826 20.833334
 1.0063915 0.14147925 0.04715975 0.33333334 0.14058073 2.5 25.0
 4.246042 1.1227913 0.17533596 0.15616077 0.26443246 1.199493 17.857143
 15.776534 3.9462738 0.82511395 0.20908687 0.25013566 2.7666588 18.181818
 12.322692 11.350837 10.704565 0.943064 0.9211329 8.84641 12.5
 100.301414 95.26892 89.63519 0.94086504 0.9498263 7.916481 7.5
 1.0648345 0.23741768 0.0642172 0.27048197 0.22296205 3.069294 31.818182
 85.901924 84.8313 80.87959 0.9534169 0.98753667 8.992724 7.9545455
 3.2475305 1.0076712 0.47555497 0.47193465 0.31028846 4.8555846 19.736841
 1.0 19.589443 16.133131 14.785192 0.91644895 0.82356244 135.79028 17.324003 26.0
