 119.54689 111.63921 100.65103 0.90157425 0.9338529 5.431113 0.0
 131.01874 124.74483 117.790215 0.94424933 0.9521144 9.131202 9.090909
 119.27752 110.83197 104.79828 0.94556004 0.9291941 9.302046 13.636364
 0.23030396 0.050505254 0.025252627 0.5 0.21929824 2.0 75.0
 5.624216 2.0073047 0.8100191 0.40353566 0.3569039 4.8420105 18.181818
 2.9915607 0.78975475 0.3618836 0.4582228 0.26399422 5.053736 15.909091
 124.33969 118.73306 112.333855 0.94610417 0.9549088 9.18801 0.0
 15.712799 13.280348 10.697627 0.8055231 0.845193 8.309188 11.363636
 128.77765 119.327095 110.226326 0.92373264 0.92661345 9.125089 0.0
 116.45704 110.29035 101.560555 0.9208471 0.94704753 9.191437 2.2727273
 4.9012284 1.3268566 0.6702762 0.50516105 0.2707192 7.1050086 20.588236
 93.61534 71.52884 66.09061 0.9239715 0.76407176 9.078762 14.772727
 88.49705 82.08396 77.879654 0.9487804 0.9275334 9.306163 3.409091
 6.296059 1.442313 0.29281726 0.20301922 0.22908187 2.583119 15.909091
 103.36827 100.20011 94.08854 0.9390063 0.96935076 8.184478 7.5
 3.0951092 0.80895746 0.1315436 0.1626088 0.26136637 1.579023 16.25
 115.73835 106.19884 98.36217 0.92620754 0.9175769 9.041546 1.1363636
 134.68742 122.83663 110.77635 0.9018185 0.91201264 5.3597984 1.7857143
 127.9494 120.005196 113.30784 0.9441911 0.93791133 9.135148 0.0
 107.7213 98.88457 90.31365 0.91332406 0.9179667 5.8129873 5.0
 128.27242 99.54836 92.83522 0.93256396 0.77607 9.15072 18.181818
 102.33495 96.28354 89.25113 0.9269615 0.9408666 9.454727 1.1363636
 73.66677 59.335384 56.066204 0.94490343 0.8054566 10.132563 14.772727
 125.62996 118.362625 110.73209 0.9355326 0.94215286 9.199604 2.2727273
 107.30006 100.33658 94.60275 0.9428541 0.9351027 9.151608 1.1363636
 115.87174 108.97484 102.897545 0.9442321 0.94047815 9.323811 5.681818
 125.757164 114.57632 104.18932 0.9093443 0.9110918 6.319135 9.375
 71.15704 46.97879 42.66723 0.9082233 0.6602128 9.039478 18.181818
 109.60861 100.11654 94.49871 0.9438871 0.91340023 9.200171 0.0
 114.63312 82.67558 75.88079 0.9178137 0.721219 8.596207 15.476191
 122.80546 109.868164 100.75787 0.91707987 0.89465207 8.908833 4.5454545
 40.1312 33.005497 30.194193 0.9148231 0.8224399 8.551031 12.5
 16.595177 12.781026 9.674558 0.75694686 0.7701651 7.8572474 14.772727
 114.75595 107.05624 100.44583 0.938253 0.9329036 9.444143 1.1363636
 112.41338 107.01509 100.318436 0.9374233 0.95197815 9.505158 0.0
 101.70112 75.808655 70.59148 0.9311797 0.74540627 9.029573 14.772727
 121.97284 115.558556 108.78044 0.94134474 0.9474122 9.225819 1.1363636
 122.46415 114.31627 104.07761 0.9104356 0.93346727 7.89779 2.5
 112.91317 106.391884 100.38449 0.9435352 0.9422451 9.297205 3.409091
 106.25751 100.21207 94.54822 0.9434814 0.9431057 9.238158 0.0
 114.878006 109.15605 101.74801 0.9321335 0.950191 9.3469305 4.5454545
 112.71539 104.43209 96.485695 0.92390853 0.9265113 8.156033 1.25
 113.35396 109.004364 101.81663 0.9340601 0.9616282 9.362696 1.1363636
 92.945404 89.00551 84.152954 0.9454802 0.95761067 9.315527 2.2727273
 95.889046 76.327034 71.76635 0.94024813 0.79599327 9.048602 17.045454
 106.20979 99.6867 90.691864 0.909769 0.9385829 5.082124 1.7857143
 17.557062 16.232473 14.7101555 0.90621775 0.92455524 8.709006 10.227273
 114.021034 108.59159 102.51031 0.9439986 0.95238215 9.226379 2.2727273
 90.07176 97.09171 93.17118 0.9596203 1.0779374 8.607894 3.409091
 10.053016 9.607922 9.055207 0.942473 0.9557254 9.298061 9.090909
 131.35568 122.54181 113.739395 0.92816806 0.93290067 7.194036 4.1666665
 100.30305 97.3232 91.837364 0.9436328 0.97029155 9.276671 1.1363636
 18.624311 18.028002 17.263416 0.957589 0.9679822 9.46314 15.909091
 107.52589 101.613365 95.961 0.9443738 0.9450131 9.200948 1.1363636
 112.73545 108.232574 101.87016 0.9412154 0.9600581 9.034015 4.5454545
 119.244514 99.32848 91.304 0.91921264 0.8329816 9.280136 15.909091
 12.122446 2.9984903 1.3057934 0.4354836 0.24735028 5.384498 14.772727
 26.396076 22.339836 21.03596 0.9416345 0.8463317 9.402651 11.363636
 5.6633825 2.335972 0.60389864 0.25852135 0.41246942 2.396977 13.333333
 111.44145 99.238464 92.3916 0.9310059 0.8904987 9.000094 7.9545455
 108.6165 90.70776 84.46215 0.9311457 0.83511955 9.285287 10.227273
 114.67496 108.830765 102.60115 0.9427587 0.9490369 8.729976 3.409091
 100.46993 94.234116 89.00151 0.9444723 0.93793344 9.363801 1.1363636
 112.039825 105.300125 99.551285 0.9454052 0.9398455 9.307376 2.2727273
 118.7236 110.60259 103.819626 0.9386726 0.9315973 9.246445 1.1363636
 115.80978 108.38306 100.94064 0.9313323 0.9358714 9.390099 3.409091
 102.7082 84.71904 77.51447 0.9149593 0.82485175 9.472174 7.9545455
 11.665785 10.785027 10.263792 0.9516706 0.9245007 8.771185 6.818182
 118.28972 112.38767 101.60755 0.90408087 0.9501052 4.739767 5.769231
 114.04862 106.66983 100.4561 0.941748 0.93530136 9.296939 1.1363636
 11.554941 9.30085 8.645288 0.92951596 0.804924 8.814328 15.909091
 18.581038 17.2483 16.202427 0.93936366 0.92827433 8.990592 6.818182
 3.5403557 1.3017677 0.41235867 0.31676823 0.36769405 2.5230818 17.105263
 11.561093 2.6934447 1.7020496 0.63192296 0.2329749 7.1110597 15.909091
 2.1630962 0.6823204 0.3674031 0.5384612 0.31543693 7.3796387 17.045454
 129.55975 122.31438 115.705475 0.9459679 0.94407696 9.224557 14.772727
 128.2735 123.98235 117.84296 0.9504817 0.9665469 9.252616 0.0
 11.003084 10.535956 9.74118 0.92456543 0.95754576 6.182419 6.6666665
 47.957813 45.719715 41.584118 0.9095445 0.95333195 4.8066363 13.461538
 105.831825 100.18837 94.65358 0.94475615 0.9466753 9.228601 3.409091
 110.38581 103.768715 98.04365 0.94482857 0.9400549 9.29308 3.409091
 2.423287 1.072405 0.4613633 0.4302137 0.44254145 5.4248238 14.473684
 116.32692 100.40602 94.09365 0.9371316 0.8631366 9.226077 14.772727
 0.7696527 0.22040106 0.04297906 0.19500388 0.2863643 1.7312555 16.666666
 99.7668 91.023415 85.55318 0.93990296 0.9123618 9.173214 7.9545455
 12.466646 11.320531 10.661233 0.9417609 0.90806544 8.77964 5.681818
 3.4950604 1.0482309 0.30423033 0.29023218 0.29991782 1.8494788 19.444445
 114.79236 106.11458 97.1633 0.9156452 0.92440456 9.074977 6.818182
 99.61188 92.83187 87.8264 0.94608027 0.9319358 9.212445 12.5
 12.676449 11.102317 10.62025 0.9565796 0.8758223 9.399546 12.5
 138.29633 129.60686 119.08704 0.9188329 0.93716776 6.3006835 0.0
 126.87323 122.01034 115.1818 0.94403315 0.96167123 8.794046 0.0
 108.90291 103.57442 95.94257 0.92631537 0.95107114 9.026359 1.1363636
 2.6261034 0.66687983 0.17527854 0.26283377 0.25394273 3.4741974 15.909091
 79.83452 13.782395 6.435868 0.46696293 0.17263705 4.9275894 15.909091
 139.78664 130.5372 118.45868 0.9074706 0.93383175 5.2603583 1.7857143
 128.79651 117.9732 108.83818 0.92256707 0.9159658 6.300344 3.125
 61.442574 53.53367 48.830753 0.9121503 0.8712798 4.1144238 13.333333
 101.79315 97.94741 92.84239 0.94788 0.96222 9.105212 1.1363636
 99.47377 93.24627 87.93304 0.94301933 0.9373955 9.302125 0.0
 103.84699 98.24944 91.94622 0.93584466 0.94609815 9.2049465 0.0
 103.65392 94.83976 86.170425 0.9085897 0.91496545 9.09551 1.1363636
 5.1564956 4.7658377 4.1064587 0.8616447 0.9242397 6.4853334 9.375
 102.79749 95.3456 85.39494 0.8956359 0.92750895 4.6767006 1.9230769
 114.00227 106.95382 95.96836 0.89728785 0.9381727 4.871179 5.769231
 2.5891469 0.6754457 0.23035794 0.34104583 0.26087576 3.6782548 17.105263
 107.57183 106.82306 99.04593 0.92719615 0.9930393 8.0477085 0.0
 123.914856 119.85241 112.40036 0.9378231 0.9672158 8.171787 0.0
 115.71206 111.19194 103.684425 0.9324815 0.9609365 8.269308 8.75
 116.169655 105.724174 93.98968 0.88900834 0.91008425 5.3687086 8.928572
 122.91679 120.784645 108.91 0.90168744 0.98265386 5.3468566 1.7857143
 129.45107 121.92318 111.01879 0.91056347 0.9418476 5.7870336 1.6666666
 119.070244 114.49641 105.82441 0.9242596 0.9615871 8.378981 0.0
 95.046234 89.26161 79.518555 0.8908483 0.9391389 4.922256 1.9230769
 105.18737 103.68338 91.0176 0.8778418 0.9857018 4.468636 1.9230769
 38.15799 33.12222 30.30656 0.9149919 0.86802834 6.5707545 6.9444447
 4.360685 1.24257 0.7894348 0.6353242 0.28494838 5.1398854 17.1875
 125.52979 115.14876 104.218704 0.9050788 0.9173022 5.7088695 1.5625
 117.79389 111.886604 101.92759 0.9109901 0.9498506 5.288417 1.6666666
 114.07243 111.325386 101.93567 0.9156552 0.9759184 4.537873 1.9230769
 113.6546 110.78794 101.29351 0.91430086 0.9747774 4.538338 0.0
 95.89148 90.11196 82.2699 0.9129743 0.93972856 4.5345116 1.9230769
 11.253709 2.3253312 0.71821266 0.30886468 0.206628 2.3509917 11.538462
 99.17718 93.27173 85.120445 0.91260713 0.9404556 4.4738426 7.6923075
 96.566605 98.995476 89.797104 0.9070829 1.0251523 4.0949583 6.25
 109.0744 108.425385 97.279144 0.89719903 0.9940497 4.145853 10.416667
 111.48975 114.47577 103.35113 0.902821 1.0267829 4.1227345 2.0833333
 116.43625 118.10549 106.57523 0.9023732 1.0143362 4.147207 2.0833333
 112.023796 113.22437 101.93503 0.9002923 1.0107172 4.152034 4.1666665
 1.0 85.18897 78.17615 72.250374 0.9241998 0.91767913 608.91254 7.540332 129.0
