 2.3781843 0.61643904 0.14875324 0.24131055 0.25920576 1.3128895 19.23077
 92.398186 90.85982 86.61466 0.95327795 0.9833507 8.11738 1.1363636
 14.782516 13.12928 12.655323 0.96390074 0.8881628 8.147214 12.5
 7.9136267 3.714903 3.3301475 0.8964292 0.46943116 9.127769 17.045454
 23.245718 21.671486 20.492031 0.9455757 0.9322787 7.982831 9.090909
 10.567908 4.8272076 4.0549607 0.840022 0.45677987 7.09247 14.772727
 11.379669 11.005901 10.498532 0.9539003 0.9671548 8.8991995 11.363636
 1.9316931 0.5947318 0.19952293 0.33548388 0.3078811 3.799533 15.909091
 10.552433 9.779096 9.276148 0.9485691 0.9267148 7.2359056 9.090909
 21.036278 20.972088 19.959736 0.9517286 0.99694854 8.526132 4.5454545
 3.7602794 2.6626987 2.325553 0.87338185 0.70811194 7.488942 14.772727
 13.361578 12.333901 11.714277 0.9497626 0.9230872 8.3798685 6.818182
 7.111484 5.177977 4.8082485 0.9285959 0.7281149 8.111435 17.045454
 2.6500816 0.69453704 0.1065093 0.15335293 0.26208138 1.4805828 18.181818
 11.767377 9.05181 8.491761 0.9381286 0.7692292 8.386273 15.909091
 2.2214684 0.5293103 0.14138618 0.26711398 0.23827046 2.7519128 17.045454
 78.79266 74.78854 69.07004 0.9235376 0.9491816 5.852035 3.125
 2.3279517 0.4436727 0.091179505 0.20551074 0.19058502 2.0421839 23.68421
 9.707661 9.070129 8.700908 0.9592926 0.93432695 8.3271 5.681818
 15.568196 12.69448 10.046435 0.7914019 0.8154111 7.987524 11.363636
 15.310679 11.973627 10.752946 0.8980525 0.7820442 5.6096654 15.625
 14.94298 12.437376 11.807235 0.94933486 0.83232236 7.9296436 11.363636
 7.0366416 6.2793493 5.5344176 0.881368 0.89237875 4.0258026 11.538462
 1.7442563 0.3559528 0.111858144 0.31424993 0.2040714 3.8880544 20.0
 27.328539 23.95471 22.584387 0.9427953 0.87654555 8.586873 15.909091
 7.9725523 6.7813444 6.462146 0.9529299 0.85058635 8.523495 11.363636
 15.520919 13.470325 11.482323 0.8524161 0.86788195 8.139328 7.9545455
 9.634303 5.3040085 3.2887783 0.62005526 0.5505337 4.701923 14.705882
 88.90746 84.194496 75.2969 0.89432085 0.9469902 3.7007358 2.0833333
 9.827465 8.701847 8.187129 0.94084954 0.88546205 8.249913 13.636364
 75.28276 58.51188 54.217304 0.9266034 0.7772282 7.813556 14.772727
 9.056667 7.214817 6.1573853 0.8534361 0.7966305 7.7496448 16.666666
 3.1077163 0.9852805 0.20932515 0.21245235 0.31704324 1.3654695 17.045454
 13.611569 10.06684 9.609567 0.95457625 0.7395797 8.350738 10.227273
 9.345188 5.547297 4.9513373 0.8925676 0.59359926 8.413506 15.909091
 12.712176 10.932448 10.290252 0.9412578 0.85999817 8.126715 13.636364
 47.053738 45.427994 43.11362 0.949054 0.9654492 8.2500515 3.409091
 1.0035019 0.28313443 0.075113595 0.26529303 0.2821464 2.7153623 25.0
 86.13499 85.2812 48.42126 0.56778353 0.9900878 6.40945 5.681818
 23.018654 21.147058 18.242268 0.8626386 0.91869223 5.861929 10.227273
 1.5511863 0.42740777 0.093210205 0.21808262 0.27553606 2.3299859 19.318182
 10.603262 10.522134 10.2517605 0.9743043 0.99234873 7.7198052 5.681818
 1.9353523 0.37898615 0.09307071 0.24557813 0.19582282 2.7043746 23.333334
 65.87391 62.95909 60.05073 0.95380557 0.9557516 8.125657 4.5454545
 94.64456 93.56099 84.66643 0.90493304 0.9885511 4.2446074 3.8461537
 90.92004 85.59415 80.98542 0.9461561 0.9414223 8.133349 6.818182
 13.403071 12.680414 11.827898 0.93276906 0.9460828 8.357293 6.818182
 12.73252 7.3482165 6.7822714 0.922982 0.5771219 8.340584 17.045454
 6.4765854 5.1774116 4.9608283 0.9581677 0.79940456 8.95557 11.363636
 30.08022 11.011606 8.13765 0.7390066 0.36607468 4.6440473 6.6666665
 88.466385 79.84987 75.75662 0.94873816 0.90260124 8.384361 5.681818
 13.741302 11.186982 10.475084 0.93636364 0.81411374 8.308937 13.636364
 23.00286 21.8581 20.804081 0.95177895 0.9502342 7.890528 11.363636
 79.96869 77.7505 74.23431 0.95477587 0.9722618 8.170554 11.363636
 91.95712 86.32166 79.150856 0.91692924 0.9387164 5.819098 7.8125
 13.818847 11.902065 10.464692 0.87923324 0.86129224 5.965029 11.363636
 82.508835 79.02739 74.38129 0.94120896 0.9578051 8.057407 4.5454545
 1.9580346 0.77963287 0.26663628 0.34200236 0.39817113 4.082844 15.476191
 81.04172 78.74022 70.21406 0.89171773 0.9716011 3.8746185 2.0833333
 12.968883 12.471158 11.782727 0.9447982 0.96162164 8.74743 10.227273
 8.787935 3.7566051 2.9857042 0.7947879 0.427473 6.3957486 18.181818
 87.18983 85.615074 81.513794 0.95209634 0.9819387 8.248934 5.681818
 1.8904676 0.3783282 0.09369265 0.24764913 0.20012413 2.4840531 22.222221
 11.694032 8.894589 8.125679 0.91355294 0.7606094 8.053718 15.909091
 82.726135 79.81302 76.21499 0.9549192 0.96478605 8.172627 11.363636
 108.032425 105.25933 100.45966 0.9544015 0.97433096 8.160952 1.1363636
 2.2950342 0.5906502 0.11469142 0.19417824 0.2573601 1.3199956 20.833334
 14.152832 12.520825 11.798926 0.9423441 0.8846869 8.302809 15.909091
 86.66854 83.96875 78.41169 0.93381995 0.96884924 8.106404 5.681818
 10.074078 4.998428 3.0475667 0.60970503 0.49616733 2.6312215 15.476191
 14.138128 12.176887 11.5426655 0.94791603 0.8612799 8.173218 7.9545455
 102.13188 101.016815 96.50229 0.9553092 0.9890821 8.371603 1.1363636
 18.283674 17.610708 16.599546 0.9425826 0.96319306 8.264603 5.681818
 3.8757527 1.0573792 0.456951 0.4321543 0.27281907 1.8474423 20.454546
 7.929377 7.521203 7.0957623 0.9434345 0.94852376 8.405967 10.227273
 104.68594 102.24385 97.604126 0.95462096 0.97667223 8.189441 4.5454545
 17.999315 16.337477 15.526905 0.95038575 0.9076721 7.9718585 5.681818
 16.111078 10.754394 10.165645 0.945255 0.6675155 8.007784 14.772727
 108.5851 107.06577 101.93244 0.95205444 0.986008 8.260988 7.9545455
 3.7629998 1.4858052 1.1314147 0.76148254 0.39484593 6.5455475 16.666666
 9.318664 6.4583898 5.719884 0.8856517 0.6930596 8.65925 17.045454
 13.270397 12.799624 12.255945 0.95752376 0.9645246 8.111872 7.9545455
 34.219673 34.31307 32.54265 0.94840395 1.0027293 7.96658 3.409091
 25.0932 23.556988 22.171669 0.9411929 0.93877965 8.544047 3.409091
 14.819822 6.9945693 5.4186397 0.7746924 0.4719739 6.592416 17.045454
 3.1283352 0.85387504 0.54572624 0.6391172 0.2729487 6.9901805 20.0
 13.510998 9.828039 8.566731 0.8716623 0.72741026 7.179703 10.227273
 94.46657 91.995316 85.387566 0.92817295 0.9738399 8.111679 5.681818
 2.1424794 0.52301663 0.12785655 0.24445981 0.24411748 2.0895998 18.181818
 96.97257 95.53393 91.11296 0.9537236 0.98516446 8.302438 0.0
 13.414921 8.9426 8.358574 0.9346916 0.66661596 8.463447 15.909091
 10.049082 7.2385154 6.530477 0.90218455 0.7203162 5.994482 11.666667
 4.2647796 1.1442897 0.30286685 0.26467672 0.2683116 3.0423532 15.0
 13.864839 11.452115 10.449359 0.9124392 0.8259826 7.0480356 15.909091
 25.002071 24.08051 22.829727 0.94805837 0.96314055 8.334921 11.363636
 19.440413 14.6755705 12.929416 0.8810162 0.75490016 5.531111 11.666667
 90.93972 88.912384 84.531845 0.9507319 0.9777068 8.106334 5.681818
 6.0184813 3.5954223 3.0295146 0.84260327 0.5973969 7.4710283 17.045454
 11.995767 11.290386 10.701053 0.9478021 0.9411976 8.2527275 11.363636
 12.785345 10.511472 9.712531 0.92399347 0.82215005 7.2083535 12.5
 11.710215 10.121736 9.485701 0.9371615 0.864351 8.329458 14.772727
 93.992546 91.36338 85.90508 0.9402573 0.97202796 8.163852 5.681818
 14.09855 11.889589 10.985495 0.92395914 0.84332 7.698847 18.181818
 11.498508 3.8347027 2.9707189 0.7746934 0.33349565 4.5250645 17.045454
 13.689922 12.155349 11.420414 0.9395382 0.8879049 8.492906 14.772727
 100.85346 101.02074 95.23137 0.9426913 1.0016586 6.9783044 1.3157895
 80.76124 79.2145 71.51431 0.9027932 0.980848 4.3231115 3.8461537
 102.51638 105.31798 101.04001 0.9593805 1.0273283 7.9411855 4.7619047
 22.407598 19.244461 17.561604 0.91255367 0.8588364 7.52996 5.5555553
 93.42558 93.841125 89.29305 0.95153433 1.0044478 6.653716 4.1666665
 101.64625 105.18791 100.03065 0.95097095 1.0348431 6.2691727 4.4117646
 106.937035 105.340515 95.8656 0.9100544 0.98507047 3.8107047 4.1666665
 111.26212 96.81577 88.23776 0.91139865 0.8701593 3.780507 12.5
 1.0 33.895515 31.293192 28.876038 0.9227578 0.92322516 223.34477 11.272302 113.0
