 10.528668 6.7398086 6.1035795 0.9056013 0.64013875 8.669295 18.181818
 11.889073 10.632876 9.933871 0.93426 0.89434016 9.858967 12.5
 17.673994 17.373905 16.45829 0.9472994 0.98302084 9.291299 7.9545455
 8.318657 5.6033072 5.113354 0.91256 0.67358315 9.085699 17.045454
 14.605422 14.312084 13.442588 0.93924737 0.97991586 9.34995 7.9545455
 18.704828 17.694042 16.6798 0.9426789 0.94596124 9.412331 11.363636
 13.473963 12.676721 11.995245 0.94624203 0.9408309 9.159209 12.5
 13.695006 12.2423315 11.494592 0.9389218 0.8939267 9.33162 7.9545455
 6.1551113 3.7122245 2.976182 0.8017247 0.60311246 5.3895445 15.909091
 109.54212 108.97163 100.83476 0.92533046 0.994792 9.275744 9.090909
 12.204612 8.950017 5.204731 0.5815331 0.7333307 4.6174097 13.636364
 17.803171 14.033545 13.568446 0.966858 0.78826094 8.606019 15.909091
 7.7486916 4.7250705 4.385596 0.9281546 0.6097895 8.647032 19.318182
 16.767704 15.240457 14.267375 0.9361514 0.9089173 9.267935 18.181818
 11.408513 10.309382 9.837804 0.9542573 0.90365696 9.187107 10.227273
 12.168494 11.208537 10.588402 0.94467294 0.9211113 9.226995 13.636364
 13.846553 12.280537 11.331052 0.9226838 0.8869021 9.108265 14.772727
 9.54627 8.465084 7.6287527 0.90120226 0.8867426 8.844329 15.909091
 11.484202 10.022317 9.361035 0.93401915 0.8727046 8.892481 7.9545455
 1.746727 0.49730104 0.12379173 0.24892716 0.2847045 2.521193 19.117647
 11.566532 7.6312313 6.5657535 0.8603793 0.6597683 4.4249306 18.181818
 13.872922 13.498657 12.731421 0.943162 0.9730219 9.612688 10.227273
 8.686376 7.0712056 6.4049335 0.90577674 0.81405705 8.968599 19.318182
 56.357285 29.237125 11.642376 0.39820522 0.51878166 2.4181685 13.636364
 3.1576304 1.079529 0.3006148 0.2784685 0.3418795 3.242305 17.5
 3.2911527 1.0715181 0.39300203 0.36677128 0.3255753 2.5655215 18.181818
 12.79395 10.818657 10.024594 0.9266024 0.8456073 9.070792 13.636364
 12.796033 11.074343 10.235735 0.92427474 0.8654513 8.974939 13.636364
 17.997425 16.870285 15.9470625 0.94527525 0.9373721 9.143581 10.227273
 9.168293 6.0600276 5.5136285 0.9098355 0.66097665 9.241719 15.909091
 11.479247 10.756057 10.031027 0.93259335 0.9370002 9.017593 10.227273
 117.290855 97.611496 90.59615 0.9281299 0.83221745 9.097793 13.636364
 16.81532 14.017817 12.854219 0.9169916 0.83363366 9.116412 11.363636
 12.576965 12.092568 11.415121 0.9439782 0.9614854 8.878092 7.9545455
 10.5219145 8.270271 7.651786 0.92521584 0.7860044 9.226118 14.772727
 4.9477034 1.7046986 0.67171246 0.3940359 0.3445434 4.1185117 18.181818
 2.6294405 0.5984245 0.11584679 0.19358632 0.22758622 1.1053834 18.181818
 19.123695 17.959524 16.519009 0.9197911 0.9391241 9.35429 4.5454545
 16.803974 15.876307 14.969623 0.94289076 0.9447947 9.555 13.636364
 3.7269692 2.4838834 2.231213 0.89827603 0.666462 8.375089 18.421053
 8.924915 6.85736 6.015129 0.87717855 0.768339 7.926803 13.636364
 13.215231 12.44358 11.712425 0.94124246 0.9416089 9.205085 11.363636
 6.0825725 2.1051686 0.9847513 0.46777785 0.34609842 3.9061575 12.5
 7.1115947 2.7265894 1.1957246 0.43854228 0.38340056 4.231189 17.045454
 2.509796 0.5626407 0.094846666 0.16857411 0.22417788 1.5602089 14.772727
 9.810581 8.714171 8.046608 0.9233933 0.8882422 8.814457 14.772727
 14.23603 11.715107 10.901677 0.93056566 0.82291955 9.275741 13.636364
 13.740078 11.89997 11.026846 0.92662805 0.86607736 9.297211 11.363636
 18.017935 19.070248 18.352999 0.9623891 1.0584036 8.788892 11.363636
 8.546499 7.665449 7.1316156 0.9303585 0.89691097 9.326035 13.636364
 5.8671885 2.174336 0.7431125 0.34176525 0.3705925 3.4418113 17.045454
 53.493958 36.18389 33.243465 0.9187367 0.67641073 8.973773 17.045454
 1.9381877 0.57707596 0.12561615 0.21767697 0.29773998 1.2071013 18.421053
 12.697367 11.682229 11.078 0.948278 0.9200513 8.697486 9.090909
 11.297222 9.396211 8.712995 0.9272882 0.83172756 8.912066 17.045454
 26.339552 6.8921027 1.9508324 0.2830533 0.26166365 3.4330966 13.636364
 12.672828 11.7867365 11.00767 0.93390316 0.93007946 9.172455 13.636364
 15.091942 14.126932 12.969505 0.9180695 0.936058 9.458716 14.772727
 2.0740464 0.73600715 0.45963115 0.62449276 0.3548653 3.05454 11.538462
 20.036 19.459707 18.135794 0.93196636 0.9712372 10.075164 13.636364
 13.092432 10.8141575 9.633247 0.89079964 0.8259854 8.600681 10.227273
 8.697446 5.7358155 5.1164737 0.892022 0.6594828 7.908613 14.772727
 8.17322 7.9992537 6.999201 0.8749817 0.9787151 4.7090125 9.615385
 11.3308 9.31725 8.447037 0.90660185 0.8222941 9.370846 9.090909
 3.281371 0.9990969 0.3579519 0.3582755 0.30447543 4.0510488 13.636364
 113.55231 102.03196 94.92881 0.93038315 0.8985459 9.166596 7.9545455
 13.819526 13.3601675 12.524898 0.93748057 0.9667602 9.020595 6.818182
 16.301014 14.997174 14.111933 0.9409728 0.9200148 9.081473 13.636364
 39.32642 33.629936 28.151228 0.8370884 0.8551487 9.286321 3.409091
 11.915501 11.6558075 11.037307 0.94693625 0.97820544 9.897105 12.5
 9.645686 8.813764 8.12972 0.9223892 0.9137518 9.1383295 6.818182
 16.545115 13.71648 12.654516 0.92257756 0.82903504 9.026403 11.363636
 10.374206 7.5432434 7.129657 0.9451713 0.7271153 9.149823 14.772727
 30.833073 29.81436 28.105568 0.94268554 0.96696043 10.033086 7.9545455
 6.4443502 3.886254 2.8952253 0.74499124 0.6030482 7.504417 14.772727
 109.06838 95.66337 87.21633 0.91170037 0.8770953 9.0529375 13.636364
 5.80839 2.7893322 1.711608 0.6136265 0.48022467 6.9919825 12.5
 15.036886 14.230456 13.479826 0.9472519 0.9463698 8.959429 14.285714
 5.9296985 3.071786 2.195829 0.71483785 0.5180341 6.837228 12.5
 11.247136 10.809655 10.195356 0.9431712 0.9611029 9.079825 7.9545455
 73.65864 47.709606 44.304756 0.9286338 0.6477123 9.197927 17.045454
 57.370243 54.254833 50.824154 0.93676734 0.94569635 9.103282 11.363636
 7.5163803 3.0167322 2.5050294 0.8303785 0.40135437 7.036816 16.666666
 7.7926326 1.7392627 0.7492308 0.43077496 0.2231932 4.701421 14.772727
 13.464523 12.108569 11.226845 0.9271818 0.89929426 8.877056 9.090909
 12.438282 11.793607 11.076385 0.93918556 0.94817 9.266084 9.090909
 7.5169992 6.142029 5.8361816 0.9502042 0.8170852 9.167573 10.227273
 14.052583 13.902627 13.071192 0.9401958 0.989329 8.952763 10.227273
 13.487625 7.9724665 6.8558316 0.8599386 0.5910949 8.743657 19.318182
 14.285563 12.5367 11.728763 0.9355542 0.8775783 8.995566 15.909091
 23.2245 23.398409 21.780424 0.9308507 1.0074881 9.565882 5.681818
 2.893009 0.9276707 0.34181774 0.36846882 0.3206595 3.6043358 16.666666
 6.7256994 5.7802076 3.881776 0.67156345 0.8594211 9.969431 15.909091
 10.835624 10.038813 9.481321 0.9444664 0.9264637 9.377322 12.5
 10.630051 10.33813 9.698887 0.9381665 0.9725381 9.497043 9.090909
 21.040539 16.102577 14.898008 0.925194 0.76531196 8.719917 11.363636
 13.063167 11.925295 11.372429 0.9536392 0.91289467 9.439818 6.818182
 10.983205 7.4178114 4.559749 0.6147027 0.67537767 9.512194 15.476191
 15.486833 15.881989 14.904637 0.93846166 1.0255156 9.134965 5.681818
 84.26283 72.64275 67.728905 0.93235594 0.8620972 9.279648 11.363636
 6.331751 4.9343066 3.4844878 0.7061758 0.77929574 8.193394 15.909091
 23.224058 22.42019 21.027967 0.93790317 0.9653865 9.27193 4.5454545
 11.135028 8.934375 8.177329 0.915266 0.8023666 8.743875 15.909091
 13.564839 11.58742 10.525813 0.90838283 0.8542247 8.923284 12.5
 13.846268 14.065396 13.402963 0.95290333 1.0158259 8.966536 3.409091
 15.812891 14.03112 13.238183 0.9434873 0.88732165 9.148273 13.636364
 14.766443 13.597529 12.735908 0.936634 0.92083985 8.962063 7.9545455
 12.353688 9.833214 9.011266 0.91641104 0.79597396 9.3566885 17.045454
 1.008699 0.21073489 0.08285815 0.3931867 0.2089175 2.8686175 20.3125
 84.435036 84.5657 79.29564 0.93768096 1.0015475 9.209081 6.818182
 9.000016 3.9353588 3.3393235 0.84854364 0.4372613 8.834829 17.045454
 57.660664 56.463818 52.95565 0.9378688 0.97924334 9.350335 5.681818
 13.613274 11.871428 11.235773 0.9464551 0.87204796 9.418894 10.227273
 15.434443 15.033339 14.082511 0.936752 0.9740124 9.351367 11.363636
 15.452792 12.865309 11.9943075 0.9322984 0.83255565 9.159807 17.045454
 86.59244 85.42956 80.4226 0.94139075 0.9865707 9.283546 3.409091
 11.799984 10.440054 9.755948 0.934473 0.88475156 9.264129 13.636364
 11.018786 10.853883 10.216838 0.9413071 0.9850343 9.463341 12.5
 3.3791358 1.8803636 0.95794374 0.509446 0.5564628 6.475839 15.909091
 15.024323 13.036728 12.0910425 0.92745984 0.8677082 9.528207 10.227273
 16.061457 15.91467 14.581108 0.91620547 0.990861 6.9192038 10.294118
 5.003243 2.1437538 0.59861207 0.27923545 0.42847288 2.5598428 17.045454
 8.750526 6.521578 4.494427 0.68916255 0.74527836 6.35789 13.235294
 11.771947 10.107034 9.442591 0.93425924 0.85856944 8.9744 7.9545455
 16.824512 16.131157 15.214054 0.94314706 0.958789 9.193982 5.681818
 12.151094 9.078969 8.397176 0.92490417 0.7471729 9.436916 18.181818
 13.409593 11.289323 10.548919 0.9344155 0.84188414 8.852741 13.636364
 16.971598 15.358068 14.451214 0.9409526 0.90492773 9.05232 7.9545455
 102.976204 100.96849 95.023895 0.9411242 0.98050314 9.23261 9.090909
 19.44281 18.821112 17.210476 0.91442406 0.96802425 9.679688 11.363636
 21.147165 21.536325 20.114391 0.93397516 1.0184025 7.6391497 3.9473684
 13.337934 10.818273 9.934395 0.9182977 0.81109065 8.756703 14.772727
 4.3360696 0.9558637 0.12050286 0.12606698 0.22044474 1.0064201 18.75
 16.786697 15.68488 14.910702 0.95064175 0.9343637 9.292229 4.5454545
 1.6421856 0.51039547 0.075884685 0.1486782 0.31080255 1.0999101 15.0
 15.111221 14.616865 13.704465 0.9375789 0.9672855 9.395517 14.772727
 15.98509 14.54152 13.659035 0.9393127 0.90969276 9.004237 13.636364
 10.301939 8.567957 7.8194823 0.91264266 0.8316839 9.3970375 9.090909
 11.879438 9.29844 8.618154 0.9268387 0.782734 6.827534 11.904762
 13.999436 13.157184 12.01959 0.91353816 0.9398367 8.585705 7.894737
 19.289442 17.179165 15.922777 0.92686564 0.89059937 5.708491 11.764706
 52.504982 50.048946 45.471912 0.9085489 0.9532228 6.5000744 16.17647
 22.50589 21.485903 19.37277 0.9016503 0.9546791 5.940745 6.25
 11.4233 10.173305 9.272797 0.9114832 0.890575 4.484066 13.461538
 18.401669 14.940968 13.780575 0.92233485 0.8119354 4.61032 1.9230769
 101.768295 96.32762 87.38344 0.90714836 0.94653857 4.579481 1.9230769
 1.0 19.582254 16.896763 15.370268 0.90965754 0.8628609 145.31128 12.385437 146.0
