 30.905674 31.43356 30.310123 0.96426 1.0170805 8.51995 9.523809
 101.31281 67.83789 59.003998 0.8697794 0.66958845 4.1362476 11.538462
 12.492792 10.294019 9.716261 0.9438744 0.82399666 8.581048 12.5
 27.466455 21.423409 20.24885 0.9451741 0.7799844 8.103715 12.5
 8.68958 6.7045984 6.2791915 0.93654996 0.7715676 8.830563 11.363636
 94.30423 79.53231 70.62954 0.8880609 0.84335893 3.9085324 2.0833333
 9.417436 6.8856153 6.7284756 0.9771785 0.7311561 8.388355 14.772727
 100.42503 87.783295 83.52213 0.9514582 0.8741176 8.680009 3.409091
 94.478386 70.34503 65.76455 0.9348855 0.7445622 8.40163 14.772727
 9.436898 8.265843 7.8472996 0.94936466 0.87590677 8.486143 7.9545455
 24.231081 8.593199 2.2100773 0.25718912 0.3546354 2.5203016 14.772727
 92.66614 77.0346 72.11897 0.9361893 0.8313134 8.583415 11.363636
 11.804527 7.145032 6.610761 0.92522484 0.60527897 7.769454 18.181818
 111.50576 98.85386 94.235466 0.9532806 0.88653594 8.690567 1.1363636
 36.61583 7.0182376 1.8911531 0.26946267 0.19167222 2.3253386 15.909091
 92.485504 82.56144 78.66091 0.95275605 0.892696 8.684052 1.1363636
 5.6479735 3.4401438 2.8667803 0.8333315 0.6090935 8.07197 14.772727
 74.65463 64.88738 61.639317 0.94994307 0.86916757 8.406247 6.818182
 108.54757 97.193184 92.737305 0.95415443 0.8953971 8.895914 3.409091
 94.40905 70.91945 66.39591 0.9362158 0.75119334 8.788023 14.772727
 15.480357 13.121686 10.896406 0.8304121 0.84763455 8.669072 7.9545455
 101.88463 69.22846 64.631165 0.93359244 0.67947894 8.349863 19.318182
 8.893794 6.3406672 5.3390894 0.84203905 0.7129317 8.335597 13.636364
 78.730865 69.26263 65.733955 0.9490538 0.87973917 8.656418 2.2727273
 4.778364 2.3974724 0.9891159 0.4125661 0.501735 5.6419573 14.285714
 13.02079 9.883399 9.255117 0.93643063 0.75904757 8.13166 12.5
 1.2683415 0.3529064 0.07707769 0.21840829 0.2782424 1.9623476 27.083334
 87.37615 78.42103 72.68991 0.9269186 0.89751065 7.8343654 3.75
 99.664276 88.49438 84.378784 0.9534931 0.88792473 8.678853 12.5
 105.72779 94.13094 88.31151 0.9381772 0.8903141 8.599036 3.409091
 92.79953 82.802414 78.143394 0.94373333 0.8922719 8.644625 13.636364
 94.16728 82.6673 77.40379 0.93632907 0.877877 8.567188 5.681818
 99.919525 88.30757 83.84498 0.9494654 0.8837869 8.637994 2.2727273
 43.22621 38.05822 36.277523 0.9532111 0.8804431 8.60277 3.409091
 24.090826 23.00221 21.990711 0.95602596 0.954812 8.666528 3.409091
 13.832788 12.348574 11.710161 0.9483008 0.8927031 8.214618 6.818182
 96.67921 81.842735 76.61038 0.93606824 0.8465391 8.529331 10.227273
 4.6723566 1.9905629 0.9961492 0.5004359 0.42602977 6.220622 14.772727
 100.400475 89.890114 83.876236 0.9330974 0.89531565 8.581819 2.2727273
 50.41385 42.74926 40.46995 0.9466819 0.84796655 8.82204 5.681818
 6.908169 4.9366484 2.0036302 0.40586853 0.7146103 3.5778992 12.5
 12.835992 7.2947307 6.177795 0.8468846 0.56830287 10.106189 12.5
 1.1177635 0.3739548 0.09928319 0.26549515 0.3345563 2.8787162 23.4375
 3.4545493 1.4460065 1.0818669 0.74817556 0.4185804 5.030896 14.285714
 114.45015 91.06962 86.071144 0.9451137 0.79571426 8.673832 11.363636
 4.689763 3.2290695 2.8426368 0.880327 0.68853575 7.9117 12.5
 6.46968 3.3896859 3.0563912 0.9016739 0.52393407 3.9632215 13.461538
 7.6166673 7.6470265 7.3694673 0.96370363 1.0039859 10.285328 3.409091
 8.17328 6.8578506 6.3250155 0.92230296 0.8390573 8.631438 11.904762
 24.839823 23.287918 22.175974 0.9522523 0.9375235 8.556565 5.681818
 101.05729 89.34256 82.36517 0.92190295 0.8840783 5.1396093 1.6666666
 10.977969 9.265576 7.4185104 0.80065286 0.8440155 10.666269 13.636364
 99.5604 88.18432 84.10238 0.9537113 0.88573694 8.64409 3.409091
 106.46133 74.038475 68.165115 0.9206715 0.69544953 8.35856 14.772727
 100.33827 88.86602 84.598015 0.95197254 0.8856643 8.551406 2.2727273
 2.0329006 0.7202919 0.17590366 0.24421163 0.3543173 2.6865652 16.25
 16.834124 14.656414 14.190751 0.96822804 0.87063724 8.412943 12.5
 26.79095 21.987858 20.701576 0.9415004 0.82071954 8.537642 12.5
 97.67773 80.46998 72.91965 0.90617204 0.8238314 4.2805157 7.6923075
 17.399551 16.539421 14.87061 0.899101 0.950566 9.1890135 5.681818
 102.98753 89.76736 83.82268 0.93377674 0.8716333 8.548076 11.363636
 96.745224 85.503944 81.10167 0.9485137 0.88380533 8.604706 11.363636
 8.832816 2.3747635 0.45702967 0.19245271 0.2688569 2.2185056 15.909091
 72.18619 64.80527 60.107544 0.92751014 0.8977517 5.117967 8.333333
 5.5328135 2.6658201 2.2298384 0.8364549 0.48181996 5.7123394 15.0
 10.971059 9.092963 8.722875 0.95929945 0.8288136 7.9572372 6.818182
 3.0120983 0.9111114 0.28009215 0.3074181 0.30248395 3.8122122 16.666666
 96.79896 86.48758 82.35688 0.95223945 0.8934763 8.664863 3.409091
 102.134384 56.484592 52.196762 0.9240885 0.5530419 8.369074 13.636364
 6.043908 2.7598627 2.3763947 0.86105543 0.45663545 7.1555142 13.636364
 109.38977 98.102806 93.67592 0.954875 0.8968188 8.632538 2.2727273
 87.338356 68.96192 63.9897 0.92789906 0.7895949 7.7119465 13.75
 36.961525 30.325634 28.460287 0.9384894 0.82046497 8.36165 10.227273
 111.82867 98.74979 94.07059 0.9526156 0.8830454 8.673688 3.409091
 68.23546 60.33137 57.52284 0.9534482 0.8841645 8.560311 6.818182
 85.32978 51.46154 46.33656 0.9004115 0.60309005 7.2967587 16.25
 104.245384 94.18963 88.283485 0.93729514 0.90353763 8.685287 10.227273
 77.098946 55.268726 51.87057 0.9385157 0.7168545 8.632002 15.909091
 108.64021 76.631325 70.7254 0.9229307 0.705368 8.500979 14.772727
 8.876948 6.438521 5.9772534 0.9283582 0.72530794 8.946146 15.909091
 11.979383 10.613045 10.195637 0.9606703 0.88594246 7.0511837 11.363636
 10.719649 4.573734 1.9536916 0.42715463 0.42666826 2.8730083 17.045454
 4.0602417 1.6862665 1.083488 0.64253664 0.41531184 8.1451645 19.318182
 97.830826 74.67082 70.94749 0.9501367 0.7632647 8.620494 13.636364
 46.03798 33.705738 31.45363 0.9331833 0.732129 6.3836837 11.363636
 107.229805 86.44187 81.76621 0.94590974 0.8061366 8.608145 11.363636
 5.253677 1.8883041 0.4933032 0.2612414 0.35942525 2.6770716 17.045454
 73.95301 66.47935 63.54547 0.9558679 0.8989403 8.915453 5.681818
 98.44148 86.91076 80.369194 0.9247324 0.8828672 5.4190125 5.0
 104.919174 94.71761 87.94223 0.9284675 0.9027674 5.7542653 0.0
 2.6827931 0.58026606 0.062461592 0.107643016 0.21629179 0.9940305 17.045454
 16.207195 10.889056 9.919213 0.91093415 0.6718656 9.174879 13.636364
 9.035302 7.5140657 7.196748 0.9577701 0.83163416 8.870628 9.090909
 6.8872685 5.570681 5.124174 0.9198469 0.80883753 8.720997 11.363636
 7.858347 8.222081 7.806816 0.9494939 1.0462863 6.4205585 7.8125
 17.109556 15.847 14.561884 0.9189048 0.9262076 7.634683 12.5
 10.697987 8.83593 8.528276 0.9651815 0.8259433 8.668687 4.5454545
 106.87736 93.61929 88.55818 0.9459394 0.87595063 8.410545 2.3809524
 4.2838197 1.6336821 1.3702476 0.838748 0.38136107 4.290316 14.285714
 96.32963 94.118324 87.361 0.928204 0.9770444 6.839721 5.5555553
 99.44721 99.35227 93.917404 0.94529706 0.99904525 6.906028 1.3888888
 62.304398 30.430172 26.35085 0.8659448 0.4884113 6.2833395 14.705882
 80.22013 83.169235 76.13823 0.9154615 1.0367627 5.059526 5.0
 10.9444275 9.522711 7.2022104 0.7563193 0.8700968 4.9473586 7.352941
 91.33449 98.24098 90.339455 0.91956997 1.0756176 5.628655 0.0
 98.05206 95.55908 87.74327 0.9182097 0.974575 5.535393 5.0
 105.13289 103.747185 95.53288 0.9208239 0.98681945 5.5805235 13.333333
 27.127003 30.68015 28.535622 0.9301005 1.1309818 4.263989 5.769231
 3.639357 0.89045745 0.40616968 0.456136 0.24467438 2.103523 14.285714
 48.584408 42.84411 37.80702 0.8824321 0.88184893 4.3249664 5.357143
 92.75722 90.09603 82.27559 0.9131988 0.9713102 5.137026 5.357143
 100.3164 99.63573 88.407265 0.88730484 0.9932147 4.3637624 5.769231
 1.0 53.65764 45.098648 41.867973 0.9283643 0.84048885 340.48508 9.982541 112.0
