 2.0251381 0.6576297 0.18222849 0.27709892 0.3247333 2.461961 20.3125
 127.90299 117.684395 105.43792 0.89593804 0.92010665 8.931953 6.818182
 121.43563 106.088486 93.44544 0.88082546 0.87361914 6.602614 4.4117646
 2.9378161 1.068179 0.18835613 0.17633386 0.36359626 1.8207625 18.181818
 7.26794 6.200362 5.642791 0.91007435 0.8531114 9.385208 7.142857
 127.66519 117.86712 107.84925 0.9150071 0.9232518 9.087124 1.1363636
 0.85352975 0.3627597 0.094785936 0.26129127 0.4250112 1.5095422 27.5
 9.176697 7.677118 7.066351 0.9204432 0.8365884 8.964956 5.681818
 3.6791034 1.0117412 0.21486896 0.21237543 0.27499667 1.8822498 18.181818
 6.2163777 4.5348306 4.0152 0.8854135 0.7294973 8.739868 12.5
 2.2470896 0.49530584 0.15352592 0.30996186 0.22042105 2.6015165 19.736841
 13.010787 12.407071 11.766871 0.9484004 0.9535988 9.059655 6.818182
 7.7855644 6.960166 6.3439317 0.91146266 0.8939835 9.222754 9.090909
 9.276343 8.428079 7.425392 0.88103026 0.90855616 9.129505 11.363636
 5.1447043 3.4457295 2.7978075 0.81196374 0.66976243 8.950473 13.095238
 2.18056 0.86584914 0.30526114 0.35255694 0.3970765 2.9718351 17.857143
 8.699694 7.9295025 7.189608 0.9066909 0.9114692 9.156389 7.9545455
 1.4761254 0.47180778 0.16460106 0.34887314 0.31962582 4.09613 21.875
 9.054995 7.6113133 6.766681 0.8890294 0.8405652 9.100479 14.772727
 111.03373 97.205025 89.08501 0.916465 0.8754549 9.070351 12.5
 119.40426 110.97295 101.78719 0.91722524 0.9293886 9.117742 0.0
 77.70266 38.483532 31.709463 0.8239748 0.49526662 8.247029 14.772727
 125.635956 117.59058 107.645454 0.91542584 0.9359628 9.105949 1.1363636
 1.1014222 0.31561297 0.096621215 0.30613828 0.2865504 3.07921 19.117647
 2.3592153 0.6047975 0.14366043 0.23753475 0.25635538 1.5330154 17.105263
 2.711043 0.5662696 0.16193157 0.285962 0.20887518 3.0076292 20.0
 1.8507895 0.5306769 0.17786269 0.33516192 0.28673002 3.2117898 18.421053
 106.93968 99.210526 90.97808 0.91702044 0.9277242 9.051865 1.1363636
 11.173 8.972918 8.198527 0.9136969 0.8030894 8.943106 13.636364
 2.0188076 0.6137443 0.10893343 0.1774899 0.30401328 2.0386903 21.25
 1.6953874 0.9566249 0.39087346 0.40859637 0.56425154 3.9949374 18.75
 12.284024 11.450293 10.51287 0.9181311 0.9321288 9.227506 6.818182
 2.6187623 1.3057377 0.44847333 0.34346357 0.49860874 3.7557516 19.444445
 8.345492 7.4366508 6.7144604 0.9028877 0.8910979 8.785842 7.9545455
 2.3218977 0.90050143 0.36045548 0.40028307 0.38782993 3.7170033 19.444445
 4.892263 3.9277363 3.3837614 0.86150426 0.8028465 8.689876 17.857143
 126.93702 112.670815 102.694664 0.91145754 0.887612 7.784972 12.5
 10.76854 9.746564 8.712662 0.8939214 0.9050961 7.5913515 7.894737
 121.21074 107.80667 99.303276 0.9211237 0.88941514 7.4072986 11.842105
 4.1697583 2.4089065 2.0391803 0.846517 0.5777089 5.4574437 10.9375
 118.28023 115.93871 106.99125 0.92282593 0.9802037 6.0411043 0.0
 1.2762592 0.32760945 0.058830004 0.1795736 0.25669506 1.0802984 15.0
 115.742325 120.60622 110.77771 0.91850746 1.0420234 5.5799885 1.6666666
 115.380066 118.88621 109.13754 0.918 1.0303878 5.621989 0.0
 117.37285 124.34627 114.35974 0.9196878 1.0594125 5.511405 0.0
 123.893776 128.26723 117.68141 0.9174706 1.0353 5.5385966 0.0
 101.72751 105.12315 96.25785 0.9156674 1.0333798 5.536275 1.6666666
 1.0 42.95497 39.551914 35.89295 0.90748954 0.9207761 291.35687 11.389012 47.0
