 22.313663 17.335941 16.114265 0.9295293 0.77692044 8.922841 9.090909
 11.110665 9.144166 8.451784 0.92428154 0.823008 8.792198 13.636364
 129.02289 128.2848 117.310814 0.914456 0.99427944 5.525679 1.6666666
 12.580208 10.806341 9.30503 0.8610712 0.85899544 6.4808197 17.105263
 17.23197 15.803248 14.692041 0.9296849 0.91708887 9.235949 10.227273
 112.45745 113.100685 106.845665 0.9446951 1.0057198 9.015244 7.9545455
 11.736234 9.978236 4.2387166 0.4247962 0.8502076 5.723225 13.636364
 118.95202 121.72341 115.07045 0.9453436 1.0232984 9.292337 1.1363636
 115.97208 116.9146 109.32119 0.9350517 1.0081271 8.867485 1.1363636
 78.84554 68.69395 61.81095 0.899802 0.871247 5.7565413 9.375
 19.549864 20.77853 20.06416 0.9656198 1.0628479 9.036321 2.2727273
 78.59594 76.30369 70.82857 0.9282457 0.970835 7.207217 3.9473684
 32.792927 34.537132 31.508 0.9122935 1.0531884 9.441742 3.409091
 13.914657 14.205329 11.30972 0.79616034 1.0208896 10.153397 9.090909
 15.608077 14.18265 12.356902 0.8712689 0.9086737 7.2212434 3.409091
 80.67345 83.2356 79.85198 0.9593489 1.0317595 8.354314 2.2727273
 11.7146015 8.644698 7.5082154 0.86853415 0.73794216 9.580873 11.363636
 21.190548 15.690322 11.961218 0.76233095 0.74043965 4.4837956 12.5
 3.7693958 2.3388934 1.9000485 0.8123708 0.62049556 9.996215 13.636364
 17.510693 16.658285 15.042897 0.90302795 0.9513207 10.424669 5.681818
 116.4925 116.74484 110.70144 0.9482341 1.0021662 8.779308 1.1363636
 6.7930913 6.049928 5.4094195 0.8941295 0.89060014 7.97306 15.909091
 97.664505 80.9437 75.23779 0.9295076 0.8287934 8.64582 13.636364
 1.4766649 0.3172915 0.07777053 0.24510752 0.21487035 1.5584542 18.181818
 106.19667 106.17425 100.17437 0.94349027 0.9997888 8.9067 4.5454545
 13.507549 14.302226 13.041215 0.91183114 1.058832 10.049815 6.818182
 18.906654 18.482626 17.439241 0.94354784 0.97757256 8.9121895 9.090909
 10.7596 9.521198 8.844911 0.9289703 0.8849027 8.39346 10.227273
 0.835397 0.3812406 0.10655839 0.2795043 0.4563586 1.2974819 29.166666
 13.362506 9.3518715 6.2942047 0.67304224 0.69985914 7.642324 13.636364
 133.63802 133.06544 121.78934 0.91525894 0.9957155 5.566898 0.0
 11.813481 10.644369 9.767979 0.9176663 0.9010357 8.427233 10.227273
 92.25857 91.063965 81.02369 0.8897448 0.98705155 4.0619864 2.0833333
 119.38696 118.232475 110.19923 0.9320555 0.99032986 7.780166 10.0
 13.664332 12.944116 12.056924 0.9314598 0.9472922 9.020674 9.090909
 13.254675 10.992086 9.964902 0.9065524 0.82929885 8.637172 10.227273
 4.6731853 3.4548466 3.2683077 0.9460066 0.73929155 8.738758 22.368422
 111.66236 114.0625 107.87631 0.9457649 1.0214946 8.914761 0.0
 20.269104 18.531635 16.371027 0.88340974 0.91428 7.556228 6.818182
 15.851439 13.641825 11.858583 0.8692813 0.86060476 9.674944 15.909091
 9.977394 9.092533 8.14947 0.8962816 0.9113134 8.018998 15.909091
 112.75664 115.49764 107.84356 0.9337295 1.024309 6.8129015 1.3888888
 9.343361 9.620937 9.022513 0.9377999 1.0297084 8.372659 5.952381
 22.858284 12.761696 7.153481 0.5605432 0.5582963 4.561666 11.363636
 1.7973115 0.3669701 0.05331742 0.14529091 0.20417723 1.1906639 19.736841
 15.534778 13.770015 11.05187 0.80260414 0.8863992 7.7844286 10.227273
 5.0538316 4.6803155 4.3809834 0.93604445 0.92609257 5.9638753 10.294118
 16.543686 15.277129 14.399509 0.94255334 0.92344165 9.326599 9.090909
 12.090578 10.661743 9.915237 0.9299827 0.88182247 8.505099 12.5
 123.93908 124.42327 116.8372 0.9390301 1.0039066 7.854822 1.25
 101.49147 70.9422 64.48366 0.9089605 0.69899666 5.4257364 16.666666
 26.904928 25.495289 18.908138 0.7416326 0.9476066 3.6595953 2.0833333
 5.6871033 3.0552742 2.6044116 0.8524314 0.5372286 5.443036 10.714286
 27.453152 28.194859 26.646326 0.9450775 1.0270172 8.889514 0.0
 8.796586 8.058056 7.4666266 0.92660403 0.91604346 8.9851 9.090909
 124.62867 126.06759 116.434425 0.9235873 1.0115457 5.3800073 1.6666666
 107.85919 107.21636 99.473785 0.9277855 0.9940401 8.988409 1.1363636
 17.745996 15.380777 14.626493 0.9509593 0.8667182 9.053598 9.090909
 5.3259735 3.3821213 3.1217406 0.92301255 0.6350241 10.325789 14.772727
 77.20958 76.99674 72.87169 0.9464256 0.9972434 8.823417 6.818182
 124.531456 126.16938 115.44833 0.91502655 1.0131527 5.5571394 0.0
 126.464935 131.24203 120.71166 0.91976374 1.0377741 5.5036335 1.6666666
 31.588287 31.54432 29.773594 0.94386554 0.99860805 8.917492 0.0
 5.4016232 4.8541946 4.4190674 0.91036063 0.8986548 9.201646 12.5
 11.529487 9.000971 8.283128 0.92024827 0.7806914 8.153822 14.772727
 10.952656 10.274892 9.6109295 0.93538016 0.93811876 8.573422 11.363636
 6.4571548 5.786178 4.66879 0.8068866 0.8960878 9.17141 13.636364
 18.649794 18.608818 17.475904 0.9391195 0.99780285 9.124198 0.0
 112.09239 111.258766 105.09153 0.9445685 0.9925631 8.833398 1.1363636
 1.7974013 1.0621874 0.2630763 0.24767411 0.5909573 2.7865465 16.666666
 3.829806 0.9250923 0.20621186 0.22290951 0.24155068 2.3416417 17.045454
 113.91575 104.82664 98.164505 0.93644613 0.920212 8.87974 11.363636
 1.5625423 0.34831566 0.16511895 0.47404978 0.22291598 3.8149047 22.058823
 7.5817876 6.2639055 5.667925 0.9048548 0.8261779 8.75491 15.909091
 1.4561799 0.611191 0.30532396 0.4995557 0.4197222 3.6600583 21.052631
 125.266106 124.68439 114.7993 0.92071915 0.99535614 5.5098066 1.6666666
 93.01745 94.686165 88.4108 0.9337246 1.0179398 6.3749723 0.0
 19.528025 19.560764 18.454056 0.94342196 1.0016766 8.509083 0.0
 99.64409 101.70494 93.5951 0.9202611 1.0206821 8.981451 1.1363636
 27.614351 27.97275 26.251366 0.93846214 1.0129788 8.94177 3.409091
 6.8040495 5.0956907 3.5006335 0.6869792 0.7489203 6.2473826 12.5
 14.27333 13.101836 11.962899 0.91307044 0.9179243 8.456433 5.681818
 95.80701 95.40766 90.02293 0.94356084 0.9958317 8.728906 6.818182
 4.8718104 4.812834 4.4521756 0.92506325 0.98789436 8.998881 14.285714
 10.151588 8.534382 7.155258 0.83840376 0.8406943 9.084378 10.227273
 81.40732 76.767525 71.72201 0.9342754 0.9430052 8.832087 7.9545455
 11.342219 6.0068784 5.0149703 0.8348713 0.5296035 8.737446 15.909091
 113.32172 113.303764 105.4957 0.9310874 0.9998416 6.7357817 1.3888888
 107.496124 104.220116 96.28239 0.92383695 0.9695244 5.9743505 6.25
 5.067458 4.312657 3.7227464 0.8632141 0.85104936 4.245806 10.416667
 43.41072 43.129368 40.81731 0.94639254 0.99351877 8.518895 3.409091
 13.048096 12.74814 11.920218 0.9350555 0.97701156 7.9191546 3.5714285
 10.32551 9.823995 9.283042 0.9449355 0.95142955 8.823653 7.9545455
 5.3507857 3.4475975 2.5949335 0.7526788 0.64431614 3.010057 15.909091
 7.344289 7.069781 6.6388526 0.93904644 0.96262294 8.731776 10.227273
 88.27598 89.552826 83.65227 0.9341108 1.0144643 10.084347 4.5454545
 105.017456 107.42599 101.78926 0.94752914 1.0229346 8.967632 1.1363636
 15.818368 15.739477 11.710555 0.7440244 0.9950127 9.42607 11.363636
 21.622343 21.49358 20.224043 0.9409341 0.9940449 9.529232 2.2727273
 109.57952 85.01572 78.707504 0.9257995 0.7758358 8.693887 15.909091
 121.69084 121.14797 108.17241 0.8928949 0.995539 4.592786 0.0
 25.229599 26.051092 24.75331 0.95018315 1.0325606 8.936744 4.5454545
 22.853662 18.70222 16.599554 0.8875712 0.8183468 9.373282 9.090909
 15.066321 9.806623 6.06635 0.61859727 0.65089697 7.147498 12.5
 113.052704 115.94882 109.96905 0.9484275 1.0256175 8.887308 1.1363636
 79.775764 80.09677 75.56099 0.94337124 1.0040239 8.934819 1.1363636
 98.609215 98.059006 87.89468 0.89634484 0.9944203 4.6082973 1.9230769
 16.345093 12.447826 11.373529 0.913696 0.7615635 8.273361 13.636364
 3.7140777 2.2130833 1.4017715 0.63340205 0.59586346 9.198404 18.75
 1.4790591 0.3372709 0.10813708 0.32062382 0.22803071 2.1935947 21.666666
 12.061874 12.129126 11.059654 0.91182613 1.0055755 9.825321 7.9545455
 7.3889766 4.492554 1.3795924 0.30708417 0.60800767 3.4811525 19.047619
 11.919183 10.513525 9.432623 0.8971894 0.8820676 10.78993 15.476191
 125.0555 126.60103 118.086975 0.9327489 1.0123588 9.350823 0.0
 104.20975 109.546684 103.89405 0.9483998 1.0512134 8.631013 1.1363636
 119.635765 115.97437 106.03671 0.9143116 0.96939546 5.4236093 1.6666666
 22.948898 24.53775 23.188877 0.9450286 1.0692344 8.267988 5.681818
 101.14913 100.07443 94.32434 0.94254184 0.98937505 8.893295 0.0
 71.082146 72.15311 66.41669 0.9204966 1.0150665 8.404873 3.409091
 54.52519 56.644867 52.42876 0.9255695 1.0388752 6.1727805 1.6666666
 127.7724 126.343544 115.83345 0.9168134 0.9888172 5.5661583 0.0
 7.8448386 7.159764 6.46736 0.90329236 0.9126719 8.759552 12.5
 22.048616 20.225069 16.125536 0.79730433 0.91729426 7.007654 11.363636
 3.131813 2.1328607 0.742092 0.34793273 0.68103063 2.7222142 17.857143
 102.60553 107.52304 102.42981 0.9526313 1.0479264 8.896335 6.818182
 92.08698 83.2748 76.128235 0.9141809 0.90430593 5.800585 7.8125
 120.52251 121.4829 114.87444 0.9456017 1.0079685 8.996695 10.227273
 95.03121 97.09731 91.333664 0.94064057 1.0217413 9.259185 0.0
 18.309723 16.75697 15.761405 0.94058806 0.9151951 8.882033 7.9545455
 94.98243 99.031136 94.43394 0.9535782 1.0426259 8.959775 6.818182
 59.420757 61.88951 58.99453 0.9532234 1.0415471 8.184629 1.1363636
 7.6558824 6.9329557 6.190896 0.89296633 0.90557235 8.051558 9.090909
 109.20811 111.0148 104.79575 0.94398 1.0165436 8.987765 13.636364
 88.045616 88.02464 83.38641 0.9473076 0.99976176 8.821194 1.1363636
 87.39873 88.32871 82.96902 0.93932104 1.0106407 8.666507 5.681818
 8.689216 9.027684 8.648653 0.9580145 1.0389527 6.820219 11.904762
 24.921774 23.797983 22.294073 0.9368051 0.9549073 9.811959 2.2727273
 39.581566 39.282913 36.74109 0.9352944 0.99245477 8.670446 5.681818
 17.980825 15.430725 13.956578 0.9044668 0.85817665 7.021866 7.9545455
 83.02469 84.0915 76.99501 0.91560984 1.0128493 7.962727 0.0
 2.7568016 1.0981495 0.8677882 0.7902277 0.39834186 8.075903 20.833334
 121.321465 122.922195 116.53655 0.94805133 1.0131941 8.857547 1.1363636
 14.478336 14.1610365 12.495411 0.8823797 0.9780845 7.832279 9.090909
 18.202423 17.6702 16.571478 0.9378206 0.9707609 9.727065 5.681818
 2.7193487 1.402604 0.8581551 0.61182994 0.51578677 6.759692 19.117647
 126.90899 127.371735 116.99034 0.9184953 1.0036463 5.471224 1.6666666
 16.565893 15.046725 13.038618 0.8665419 0.9082954 8.394251 10.227273
 93.629814 94.54039 89.46114 0.94627434 1.0097252 8.985067 7.9545455
 12.159516 11.671271 10.971466 0.9400403 0.9598467 9.416986 13.636364
 125.97417 125.59417 115.26022 0.9177196 0.9969835 5.51359 1.6666666
 11.772233 11.678871 11.022723 0.94381744 0.9920694 8.53733 9.090909
 4.8815827 4.4301543 3.9515686 0.8919709 0.90752417 8.187975 14.285714
 18.525372 18.412598 16.938295 0.9199296 0.9939125 4.9249635 0.0
 4.063451 3.1706977 2.7984936 0.88261133 0.7802968 10.128212 16.25
 24.484957 25.42981 20.913513 0.82240146 1.0385891 8.315007 7.9545455
 6.2641172 6.5716667 5.958799 0.9067409 1.049097 5.338699 14.285714
 6.346569 5.813818 5.309852 0.91331583 0.9160569 7.3432617 13.095238
 92.02593 93.94111 89.6003 0.9537923 1.0208112 8.812513 1.1363636
 110.8229 113.3339 107.30241 0.9467812 1.0226578 8.803992 0.0
 22.051306 23.128698 22.08105 0.9547035 1.0488584 9.060838 0.0
 17.981878 17.955341 16.835318 0.9376217 0.99852425 9.1409235 12.5
 24.568651 24.147676 23.039515 0.95410895 0.9828654 8.6753025 6.818182
 16.20394 15.504733 14.105932 0.9097823 0.95684963 8.74187 12.5
 14.89292 12.914084 11.170125 0.8649568 0.8671291 8.357927 5.681818
 107.8347 106.4554 99.53109 0.9349558 0.98720914 8.755934 7.9545455
 9.131717 7.765559 5.4688163 0.7042399 0.85039425 7.733203 7.9545455
 2.2083416 0.9190263 0.5702168 0.6204575 0.4161613 7.179935 17.5
 122.937004 126.19703 119.12493 0.9439599 1.0265179 8.6084175 1.1904762
 11.26215 7.7556105 6.4757605 0.83497757 0.6886439 4.605259 8.333333
 1.6935437 0.42652303 0.1715918 0.40230373 0.2518524 3.6869023 19.736841
 129.56064 128.81342 115.81407 0.8990839 0.9942327 4.5136795 1.9230769
 90.60176 93.03095 87.42018 0.9396892 1.0268117 7.3026495 1.3157895
 134.17073 119.29488 102.66512 0.8605996 0.88912743 4.081136 4.1666665
 15.726798 18.11517 17.11236 0.94464254 1.1518664 7.1457515 5.5555553
 106.938995 112.62787 104.766464 0.93020016 1.0531974 6.9574976 1.3888888
 98.59675 99.1068 89.610306 0.9041792 1.0051731 4.2577057 1.9230769
 9.526665 8.547936 7.770539 0.90905434 0.89726436 6.440708 14.705882
 92.39995 95.655716 89.02856 0.9307186 1.0352356 6.3885884 1.4705882
 105.28062 107.78408 100.4125 0.9316079 1.0237789 6.3266463 4.4117646
 12.77533 9.704536 6.206559 0.63955235 0.759631 5.220971 11.764706
 89.385544 92.613144 85.553955 0.92377764 1.0361089 6.045747 1.5625
 124.61162 126.02307 116.3699 0.9234016 1.0113268 5.9909735 1.5625
 11.5504465 8.795034 6.441718 0.73242664 0.76144546 5.8913703 6.25
 24.783773 22.846151 20.797047 0.91030854 0.921819 6.030458 1.5625
 107.86151 106.86021 97.80523 0.9152633 0.99071676 6.027972 6.25
 95.009445 99.81718 91.26311 0.91430265 1.0506026 5.52677 0.0
 2.371308 0.88246363 0.37197486 0.42151862 0.37214214 2.877178 22.5
 119.66979 124.882515 114.14664 0.91403216 1.0435593 5.3865666 6.6666665
 90.67943 88.79011 80.906265 0.91120815 0.9791648 5.486711 8.333333
 7.775992 6.784458 6.318001 0.93124616 0.87248784 3.9412267 9.615385
 84.66428 85.76573 77.05788 0.89846927 1.0130097 4.599152 1.9230769
 96.01941 101.0551 91.50958 0.9055414 1.0524445 4.6180162 5.769231
 99.54786 102.61985 92.501625 0.90140086 1.0308595 4.692729 0.0
 20.239246 16.186962 13.438131 0.8301824 0.79978085 3.79328 12.5
 102.2883 104.16927 93.00962 0.89287 1.018389 4.204483 4.1666665
 1.0 50.610188 49.698105 45.80433 0.9216514 0.98197824 363.6031 7.945277 195.0
