 2.53453 0.83363026 0.48196897 0.57815677 0.32890922 4.5068665 19.736841
 135.0403 123.717995 108.75557 0.87906027 0.91615605 8.4489975 4.5454545
 115.018936 105.14301 100.55161 0.95633185 0.9141365 8.748172 6.818182
 117.553825 101.19439 96.07068 0.94936764 0.8608345 8.74319 3.409091
 120.205956 107.89865 103.28127 0.9572064 0.89761484 8.458017 4.5454545
 113.877556 104.43888 98.95468 0.94748896 0.91711557 8.5706835 2.2727273
 113.17367 100.49714 96.27125 0.9579501 0.8879905 8.834163 6.818182
 123.744225 111.27747 102.01809 0.9167901 0.8992539 8.753073 1.1363636
 2.1887195 0.59743744 0.19991535 0.3346214 0.27296206 3.5283585 16.25
 104.30651 94.51126 90.26871 0.9551106 0.9060917 8.630709 3.409091
 123.75433 111.64297 106.43591 0.9533598 0.9021338 8.903124 10.227273
 130.09283 118.31478 109.25729 0.9234459 0.90946424 4.772143 1.7857143
 99.900375 89.84474 84.85468 0.944459 0.89934343 8.857976 10.227273
 126.435295 114.69334 109.53981 0.9550669 0.90713066 8.783216 3.409091
 22.414654 21.209553 20.089449 0.94718874 0.9462361 9.109501 3.409091
 105.68771 82.37427 77.535484 0.9412585 0.779412 8.5977955 13.636364
 124.36367 111.16399 105.8124 0.9518587 0.8938622 8.636351 2.2727273
 115.261 105.22106 99.96301 0.95002854 0.9128939 8.746365 5.681818
 133.89069 123.66404 115.86777 0.93695605 0.9236194 8.896272 1.1363636
 23.37902 20.91668 19.926153 0.9526443 0.8946773 8.6350155 5.681818
 127.526764 115.88135 110.12796 0.950351 0.9086826 8.838619 3.409091
 20.593782 16.964481 16.224382 0.9563736 0.8237671 8.425005 4.5454545
 83.59171 65.288284 61.77319 0.94616044 0.78103775 8.677245 13.636364
 3.1164212 0.8397868 0.1500836 0.17871632 0.26947153 1.462678 15.909091
 129.92133 114.889694 105.937065 0.9220763 0.884302 8.606177 5.681818
 22.464388 18.70822 17.824669 0.9527721 0.8327945 8.7178955 7.9545455
 108.7502 94.50446 88.791954 0.9395531 0.86900496 8.291061 9.523809
 4.2819557 1.149569 0.20801236 0.18094811 0.2684682 1.3047 13.095238
 114.03361 107.177414 99.69828 0.9302172 0.9398757 4.88137 3.5714285
 71.821495 65.36409 61.389687 0.93919593 0.9100909 9.496348 5.681818
 121.5683 109.31531 102.85739 0.940924 0.899209 8.646735 3.409091
 93.85575 84.54567 77.97446 0.92227614 0.90080434 4.9227924 7.142857
 123.92851 113.77371 107.35781 0.9436082 0.91805923 8.595593 4.5454545
 3.159191 0.72631496 0.28500688 0.39240122 0.22990537 3.0592663 19.047619
 12.1645975 11.430674 10.804587 0.94522756 0.93966717 6.4707456 6.25
 112.61058 104.653564 99.47398 0.95050734 0.9293404 8.055528 11.25
 45.186005 45.39311 43.177128 0.9511824 1.0045834 8.0182495 0.0
 94.21087 91.60009 85.93815 0.93818843 0.97228795 7.1348543 15.277778
 78.58993 79.12347 71.209496 0.8999795 1.006789 4.71617 5.769231
 5.9468746 2.2438884 0.7222518 0.32187507 0.3773223 2.0880487 14.285714
 77.564026 71.981606 64.337875 0.89381 0.92802817 3.8411222 2.0833333
 1.0 83.11488 74.74902 70.05852 0.9372499 0.8993459 597.8417 7.2799673 41.0
