 9.119663 7.4913573 6.6434097 0.8868099 0.82145107 8.855004 10.227273
 113.08979 108.61926 103.492165 0.9527975 0.96046925 9.3485 1.1363636
 99.17815 94.17919 87.98095 0.93418676 0.94959617 9.287585 2.2727273
 102.25132 96.59597 88.86017 0.91991585 0.9446917 9.236213 3.409091
 113.95682 111.289955 105.98841 0.9523628 0.9765976 9.391378 3.409091
 11.89155 11.9490185 10.3814125 0.8688088 1.0048327 8.927118 4.5454545
 112.02755 106.570015 96.728905 0.9076559 0.951284 9.12193 2.2727273
 13.523515 12.336556 11.685134 0.94719577 0.9122301 9.438855 12.5
 102.6517 99.31528 94.794815 0.95448375 0.9674976 9.322661 1.1363636
 116.602005 112.830696 105.22152 0.93256116 0.96765655 8.739093 3.5714285
 111.13956 106.90943 101.733475 0.95158553 0.9619386 9.324993 1.1363636
 110.51183 104.26815 98.14793 0.941303 0.9435021 9.3329525 1.1363636
 112.77448 105.75312 99.649734 0.9422865 0.9377398 9.354636 0.0
 97.4299 91.776245 88.16012 0.9605984 0.9419721 8.954885 6.818182
 114.13962 111.02374 102.79751 0.92590564 0.97270125 9.117189 3.409091
 110.66866 103.572945 95.97701 0.926661 0.9358832 6.5895014 4.4117646
 101.42064 96.479324 88.38203 0.9160722 0.951279 5.27394 1.7857143
 10.674426 8.860315 8.270597 0.93344283 0.8300507 9.09873 10.714286
 112.693726 107.30473 102.09828 0.95147973 0.9521802 9.326208 3.409091
 14.261955 10.368208 8.850089 0.8535794 0.7269836 9.446481 7.9545455
 120.95543 115.576256 107.73725 0.9321746 0.9555276 9.175594 2.2727273
 108.03218 104.432884 99.37434 0.95156175 0.9666831 9.005691 1.1904762
 121.788315 114.78725 107.780304 0.93895715 0.9425145 9.275191 13.636364
 115.96748 111.57223 106.4701 0.95427066 0.9620992 9.334784 1.1363636
 118.15093 110.60761 103.062675 0.9317864 0.9361552 9.256289 2.2727273
 8.4562025 7.2818747 6.7434006 0.92605275 0.8611283 6.0575085 14.0625
 116.610596 107.93648 101.87752 0.94386554 0.92561466 9.160312 9.090909
 114.07459 109.746994 104.618935 0.9532738 0.96206343 9.250424 5.681818
 107.95362 102.534676 95.62521 0.9326134 0.94980305 9.206489 9.090909
 108.56804 106.814026 101.017265 0.9457303 0.9838441 7.834011 0.0
 102.07864 91.44412 86.785675 0.949057 0.89582026 9.720796 5.681818
 13.212455 12.401715 11.321815 0.9129233 0.9386382 9.476823 11.363636
 103.7813 97.142235 92.08597 0.9479499 0.9360283 9.25094 6.818182
 107.658226 107.03234 102.59169 0.9585111 0.9941864 9.270558 1.1363636
 119.238655 114.437965 108.973465 0.9522492 0.9597388 9.318318 1.1363636
 103.51809 94.21742 88.72659 0.9417218 0.9101541 9.534066 14.772727
 115.239334 109.757835 102.53027 0.93414986 0.95243376 8.915436 4.5454545
 110.13779 103.66028 96.896835 0.9347537 0.9411872 9.309936 13.636364
 112.598175 108.98393 103.858505 0.9529708 0.96790147 9.482253 3.409091
 111.56168 109.43104 102.17903 0.9337299 0.98090166 6.2520204 1.5625
 108.63644 100.3445 94.85273 0.94527084 0.9236726 9.31195 9.090909
 108.80866 106.455635 101.684746 0.9551842 0.97837466 9.274296 1.1363636
 104.47383 99.26403 94.405045 0.95104986 0.9501329 9.3760805 3.409091
 108.285324 102.364655 96.384544 0.9415803 0.94532347 9.241069 13.636364
 61.830544 57.261383 53.988403 0.94284135 0.92610186 9.301812 3.409091
 102.028336 97.554474 92.67421 0.9499739 0.9561508 9.355392 2.2727273
 11.821459 9.499688 8.965327 0.9437496 0.803597 8.760807 12.5
 106.277054 100.9947 96.023186 0.95077455 0.9502963 9.42825 2.2727273
 108.5336 104.354836 98.83064 0.9470634 0.9614979 8.428009 5.0
 111.504715 107.74018 100.2505 0.9304839 0.96623874 8.518644 8.333333
 109.74816 109.31505 101.1435 0.9252478 0.9960536 7.565862 1.3157895
 98.21723 103.14852 94.181564 0.9130675 1.050208 5.9793863 7.8125
 112.43917 112.462395 105.20304 0.9354508 1.0002066 7.912293 0.0
 102.49941 103.28723 96.44543 0.93375945 1.007686 7.400632 1.3157895
 15.065764 10.229832 8.168733 0.79852074 0.67901176 7.266404 11.842105
 108.77096 109.362656 101.94867 0.9322073 1.0054399 7.4077077 1.3157895
 119.97308 114.94858 105.94473 0.9216707 0.95811975 5.946372 9.375
 98.40405 92.11914 84.235435 0.9144184 0.9361316 5.9072294 1.5625
 91.35662 69.216736 61.41132 0.8872322 0.7576543 6.0165358 10.9375
 122.24026 121.88735 111.85654 0.9177042 0.99711305 4.9901495 5.357143
 122.878525 122.308586 112.3531 0.91860354 0.9953618 5.024312 0.0
 117.599915 116.20592 106.874275 0.91969734 0.98814625 5.0183964 1.7857143
 112.16456 109.94617 100.698524 0.9158894 0.980222 5.034847 3.5714285
 113.24951 112.48191 103.034584 0.91601026 0.99322206 5.055719 0.0
 108.92499 108.54071 98.66547 0.9090181 0.99647206 5.0684614 3.5714285
 111.23467 110.47048 99.92948 0.9045809 0.99312985 4.974386 1.7857143
 101.82525 96.8682 87.67192 0.905064 0.9513181 4.998475 0.0
 117.82161 117.85131 108.45189 0.9202434 1.0002521 5.0537124 1.7857143
 125.10131 123.90716 113.328705 0.914626 0.9904545 5.077068 0.0
 120.83613 119.30226 109.32407 0.9163621 0.98730624 5.014487 0.0
 115.127365 115.34002 104.45421 0.90561986 1.0018471 5.0042996 3.5714285
 120.338394 120.98109 111.03092 0.91775435 1.0053407 5.0502563 1.7857143
 110.71551 108.16387 97.736946 0.9036007 0.9769532 4.5560937 5.769231
 106.36098 86.24887 74.87097 0.86808056 0.8109071 3.9725432 10.416667
 1.0 97.90111 93.88812 87.47465 0.9316903 0.95900977 725.8047 4.779608 74.0
