 4.3458753 3.4838939 3.0303962 0.8698302 0.8016553 9.428421 15.909091
 4.959146 3.823554 3.3480153 0.8756291 0.7710105 7.503443 10.227273
 11.621817 10.855475 9.993959 0.9206376 0.93406016 9.2188225 13.636364
 19.99004 17.581005 16.16293 0.9193405 0.8794882 8.764592 7.9545455
 4.240375 3.9064817 3.6116064 0.9245163 0.92125857 9.106521 15.476191
 82.92074 66.78508 58.667004 0.8784448 0.80540866 5.5917234 10.0
 5.3611655 4.3497906 3.8024445 0.8741672 0.81135166 8.806876 12.5
 4.440219 3.174717 2.8251975 0.88990533 0.7149911 9.18513 11.363636
 5.648614 4.4787445 3.8698099 0.86403906 0.79289263 7.983154 15.476191
 4.546714 2.799506 2.344958 0.83763283 0.6157207 9.961419 13.095238
 5.327137 4.1845922 3.8694847 0.9246982 0.7855237 8.605433 17.045454
 43.690464 34.077522 31.12323 0.9133068 0.7799761 9.083413 11.363636
 90.93423 82.62136 76.33645 0.9239312 0.90858376 9.095037 7.9545455
 77.38892 71.19971 66.46792 0.93354195 0.9200246 8.095949 6.818182
 18.898973 18.3227 17.025417 0.929198 0.9695077 9.198566 1.1363636
 6.648161 5.4195895 3.4339983 0.63362706 0.8152013 9.085547 12.5
 7.05218 3.5120225 2.7506425 0.7832076 0.49800524 8.076876 13.157895
 71.1531 48.872807 42.869232 0.87715924 0.6868683 6.15444 8.823529
 7.3462963 5.4449306 4.4112577 0.81015867 0.74118036 7.975982 12.5
 5.082642 3.9802155 3.556337 0.8935036 0.7830997 8.299068 15.476191
 73.717606 65.01087 59.499115 0.91521794 0.8818907 7.5288386 13.157895
 5.033843 4.1051435 3.9039397 0.9509874 0.81550884 9.54071 15.476191
 108.53608 83.565155 77.052315 0.92206275 0.7699297 9.0551195 15.909091
 5.0732694 3.332884 2.4448674 0.73355913 0.65694994 4.644119 16.17647
 106.14203 104.729095 98.20473 0.9377024 0.98668826 9.235218 3.409091
 5.8332586 4.278914 2.2079809 0.5160143 0.7335375 6.626693 13.636364
 114.89027 108.66609 99.73984 0.9178561 0.9458251 9.041604 11.363636
 9.257158 5.629469 4.795132 0.8517912 0.6081207 8.592831 13.75
 88.25893 73.394424 67.41932 0.9185892 0.83158076 9.059644 13.636364
 5.7183924 1.7091558 0.44133094 0.25821576 0.29888746 3.3384745 19.318182
 3.0803516 1.8615686 1.26526 0.67967415 0.6043364 8.617389 13.636364
 87.05598 75.895 70.016716 0.9225471 0.8717954 8.924026 11.363636
 11.543073 9.388097 8.18879 0.87225246 0.81331 7.544133 7.9545455
 105.54299 102.206696 92.37536 0.90380925 0.9683892 9.00573 0.0
 82.107704 62.513306 56.404324 0.9022771 0.76135737 7.188931 13.157895
 110.19648 107.26727 97.44982 0.90847677 0.9734183 9.044776 1.1363636
 93.72774 87.56143 79.42904 0.9071236 0.9342105 9.004259 3.409091
 4.4524765 3.5346677 2.4202733 0.6847244 0.7938656 7.133193 9.090909
 3.6959612 2.5535793 2.4231734 0.9489322 0.69091076 6.6589346 14.285714
 118.06869 87.51544 76.48607 0.87397224 0.7412248 5.5691304 16.666666
 7.179414 3.4890172 1.2441292 0.3565844 0.4859752 4.153034 17.045454
 15.125619 12.510735 11.794134 0.9427211 0.82712215 7.392277 12.5
 2.0511947 0.5375794 0.2179307 0.40539256 0.26208112 3.7855859 18.181818
 106.22636 101.00762 93.55567 0.9262239 0.9508716 9.081608 2.2727273
 99.64661 74.51014 68.469734 0.9189318 0.74774384 8.874231 14.772727
 2.1021035 1.4295961 1.1815658 0.8265032 0.6800788 8.856617 19.444445
 5.535768 4.0716996 3.4079282 0.8369793 0.73552567 8.823772 13.636364
 107.425545 104.49572 94.39546 0.90334284 0.97272694 8.876774 3.409091
 112.99897 99.80166 87.94644 0.8812122 0.8832086 5.638339 15.0
 2.07749 0.7252465 0.13326922 0.18375716 0.34909746 1.7966526 16.666666
 12.359517 11.633405 10.702373 0.9199691 0.94125074 8.672532 11.363636
 2.4113977 0.5887878 0.16143332 0.27417913 0.24416867 2.4690487 16.25
 94.903275 92.81175 86.46509 0.9316179 0.9779616 9.153824 5.681818
 102.95714 72.77036 66.3638 0.91196185 0.7068025 9.030283 15.909091
 3.9706178 2.6800883 2.2773464 0.8497281 0.67498016 8.480761 14.285714
 5.3514166 2.8806853 2.3306856 0.8090733 0.5383033 8.644001 13.636364
 93.805595 88.44728 82.086685 0.928086 0.9428785 9.243382 3.409091
 98.38568 92.26466 84.93857 0.92059696 0.9377855 9.0672655 5.681818
 3.2209148 0.6702886 0.11198506 0.16706991 0.20810504 1.5680746 16.666666
 6.8055506 4.6817064 4.169177 0.8905251 0.6879247 10.203501 18.055555
 110.87442 101.43821 86.48765 0.85261416 0.91489273 4.624292 7.6923075
 7.478084 2.054149 0.27205896 0.13244365 0.2746892 1.1633731 18.181818
 80.347244 77.30368 71.309166 0.922455 0.9621199 8.923791 2.2727273
 1.4355454 0.40860093 0.14338338 0.35091302 0.28463113 3.6538742 17.647058
 11.682937 9.9304905 7.926854 0.7982339 0.8499995 9.381802 10.227273
 104.09058 97.761284 90.49077 0.92562985 0.9391943 9.147775 3.409091
 104.30979 101.705894 94.331566 0.92749363 0.9750369 9.134153 2.2727273
 99.511314 75.90034 69.4095 0.91448206 0.7627307 6.826912 11.111111
 82.9325 32.26234 25.579844 0.79287004 0.38901925 7.0803776 15.789474
 96.7041 87.015816 79.5539 0.9142465 0.8998151 6.866553 4.1666665
 95.92261 93.967354 83.993286 0.89385605 0.97961634 4.3257737 10.416667
 1.0 46.526173 40.075325 36.24111 0.9043248 0.8613501 323.8026 11.493025 71.0
