 110.61259 100.24967 93.52103 0.9328811 0.9063134 8.213844 13.636364
 106.22351 89.69314 84.384094 0.9408088 0.8443813 8.246288 12.5
 79.72026 80.51937 76.52896 0.95044154 1.0100241 8.296303 0.0
 80.89593 69.593575 65.48821 0.94100946 0.8602853 8.213046 14.772727
 10.569728 9.613857 9.104933 0.94706345 0.90956527 8.05705 18.181818
 6.4640007 4.552064 2.263372 0.49721882 0.70421773 3.6820853 11.363636
 9.58392 9.352982 9.055728 0.9682183 0.9759036 8.823046 14.772727
 10.07441 8.236267 6.902131 0.8380169 0.81754327 9.103527 13.636364
 102.58285 89.01968 82.77616 0.9298637 0.8677832 6.8712683 14.473684
 94.705536 77.056786 72.259125 0.9377387 0.813646 7.6721163 13.636364
 105.33191 82.36208 76.791824 0.9323687 0.7819291 8.145857 12.5
 15.523926 14.841589 14.120567 0.9514188 0.9560461 8.696312 7.9545455
 16.977242 15.961044 14.685939 0.92011136 0.9401435 7.0945897 10.227273
 90.37125 60.836147 52.92474 0.8699554 0.6731804 5.4511523 10.9375
 20.162899 7.583244 6.577034 0.8673114 0.3760989 7.889512 17.045454
 41.326366 12.834212 9.868848 0.7689485 0.31055748 5.243652 16.666666
 108.601875 110.49689 105.088165 0.9510509 1.0174491 8.333652 1.1363636
 85.32478 82.40591 79.17146 0.9607498 0.96579105 8.158559 2.2727273
 104.40119 104.19126 98.97555 0.949941 0.99798924 8.430202 0.0
 4.929604 1.6601453 0.2421787 0.145878 0.33677053 1.1771353 15.476191
 6.0415635 1.191128 0.32925072 0.27641925 0.1971556 2.6936352 19.318182
 71.70823 69.99921 66.81763 0.9545483 0.976167 8.157002 14.772727
 100.56308 102.62035 97.86729 0.95368296 1.0204575 8.14529 1.1363636
 95.805504 96.89792 92.19163 0.9514304 1.0114024 8.222853 3.409091
 97.95844 96.763306 92.02107 0.9509914 0.9877996 8.284558 12.5
 95.10448 94.66068 90.356865 0.9545343 0.9953336 8.408412 3.409091
 71.51506 42.446953 38.08808 0.8973101 0.59353864 6.9449635 11.25
 106.32916 103.41413 97.546104 0.943257 0.97258484 8.331392 12.5
 99.51284 99.16415 93.936455 0.94728243 0.99649596 8.252303 6.818182
 9.150023 7.789236 7.224733 0.9275278 0.8512804 7.8127456 16.666666
 92.30859 93.15144 88.90802 0.95444596 1.0091308 8.204276 1.1363636
 101.72449 102.33304 97.077995 0.9486477 1.0059824 8.4348955 11.363636
 94.1965 74.06067 69.21861 0.93462044 0.78623587 8.153058 14.772727
 2.2927992 1.111706 0.77399707 0.6962246 0.4848685 5.08474 17.045454
 80.81661 69.78469 65.23279 0.9347722 0.8634944 8.273167 12.5
 80.329254 61.60371 56.92862 0.92411023 0.7668901 8.092515 12.5
 107.59199 102.92029 96.43224 0.93696046 0.9565795 8.4275465 5.681818
 1.1490093 0.40727022 0.095634334 0.23481789 0.35445336 1.9573766 21.428572
 71.482765 50.95441 47.25146 0.92732817 0.71282095 8.137877 14.772727
 71.38499 36.938675 31.666569 0.8572741 0.5174572 5.3299665 17.1875
 77.785995 78.86674 74.39563 0.943308 1.0138938 8.3607855 3.409091
 3.8972182 1.85551 1.463892 0.78894323 0.4761114 7.2216163 12.5
 0.32893857 0.10820348 0.05410174 0.5 0.32894737 2.0 33.333332
 88.73717 58.282036 53.447086 0.9170422 0.656794 8.139556 14.772727
 100.4272 101.12836 96.23668 0.951629 1.0069817 8.337004 12.5
 91.268265 87.64983 83.131714 0.94845265 0.9603539 8.301914 7.9545455
 1.4733237 0.48091653 0.13666871 0.28418383 0.32641605 2.954979 23.333334
 95.35294 93.52281 88.79815 0.9494812 0.9808067 8.310971 11.363636
 82.29621 48.308804 43.59237 0.9023691 0.5870113 7.1315756 16.25
 111.03079 110.11375 104.57014 0.9496556 0.9917406 6.9983945 1.3157895
 120.85522 95.39604 88.43888 0.9270708 0.7893415 4.56707 15.384615
 101.173416 85.12811 77.95372 0.9157224 0.8414079 4.6329618 13.461538
 96.941925 79.702644 74.10813 0.92980766 0.82216895 6.0077305 12.5
 75.080696 52.87345 46.53516 0.8801233 0.7042216 4.703078 10.714286
 1.0 68.66664 59.86463 55.991802 0.9353069 0.8718154 461.19797 11.854674 54.0
