 14.025357 11.935802 11.314398 0.9479377 0.851016 9.117006 10.227273
 16.43417 14.290408 13.576639 0.95005256 0.8695546 9.243726 15.909091
 81.83522 81.53967 77.67962 0.9526604 0.9963885 8.958442 4.5454545
 13.145935 9.438201 7.892873 0.8362688 0.7179559 8.241594 17.045454
 77.22334 76.9623 72.536865 0.9424986 0.99661976 8.934042 1.1363636
 25.908762 25.08334 23.762115 0.9473266 0.9681412 8.624482 5.681818
 24.530872 24.818817 23.795101 0.9587524 1.0117381 9.181807 2.2727273
 78.523605 74.165184 70.05419 0.9445698 0.94449544 8.98208 10.227273
 76.495346 75.94509 72.428856 0.9537003 0.9928067 9.082797 9.090909
 14.9502735 14.3707485 13.297452 0.9253138 0.9612365 8.86085 9.090909
 84.14448 73.885925 69.21921 0.9368389 0.8780841 8.941219 12.5
 22.755428 22.036234 20.98592 0.9523369 0.9683946 9.152472 10.227273
 16.83546 14.202328 13.290299 0.93578315 0.843596 9.107791 13.636364
 3.4979079 1.1843276 0.58377856 0.4929198 0.3385817 5.385598 19.047619
 28.96111 28.690733 27.302217 0.95160407 0.9906642 8.578422 5.681818
 92.402885 92.50924 88.54628 0.9571615 1.001151 9.025568 3.409091
 1.551176 0.36547887 0.13306695 0.3640893 0.23561406 3.3326237 19.444445
 27.005543 26.74178 25.584444 0.9567218 0.990233 8.385012 14.772727
 7.22117 3.6832104 3.2800317 0.89053607 0.5100573 10.14586 17.045454
 34.224525 35.09027 33.287613 0.9486279 1.0252961 9.014667 1.1363636
 1.7658867 0.37878853 0.07751561 0.20464084 0.21450332 1.5516942 21.052631
 10.115536 7.653383 7.0449667 0.9205036 0.75659686 8.850345 11.363636
 87.97655 74.9559 70.63445 0.9423468 0.8519987 8.950521 9.090909
 91.1764 90.98322 85.85873 0.94367653 0.9978813 6.922996 1.3888888
 81.46127 81.17696 77.33923 0.95272386 0.9965099 9.110635 3.409091
 59.840588 59.699657 57.07377 0.95601505 0.9976449 8.473678 3.409091
 16.327505 14.219713 13.224066 0.92998123 0.8709054 9.337305 12.5
 14.163873 9.091646 7.8443346 0.86280686 0.64188987 3.9142241 14.583333
 2.888852 0.8000279 0.33968204 0.42458776 0.2769363 3.0594242 17.045454
 81.75467 80.962234 77.09967 0.9522918 0.99030715 9.2830715 1.1363636
 22.47333 14.751743 10.839619 0.7348026 0.6564111 5.582787 11.842105
 15.176474 14.22574 13.616915 0.9572025 0.9373548 10.580596 13.636364
 93.95577 83.097374 78.36437 0.94304264 0.88443077 8.9695835 10.227273
 19.961943 18.55511 17.321392 0.93351054 0.92952436 8.789691 3.409091
 15.345965 11.736349 10.845123 0.9240628 0.76478404 8.1665745 18.181818
 15.991117 15.966998 14.982817 0.9383615 0.99849176 7.7612314 9.090909
 17.06073 12.210606 11.078235 0.9072633 0.7157141 8.758592 14.772727
 7.287325 6.1708946 5.4077773 0.87633604 0.84679836 8.391846 11.363636
 19.966238 19.908249 18.355232 0.9219912 0.99709564 4.997938 5.357143
 89.52104 74.61919 69.72042 0.9343498 0.83353794 9.039754 15.909091
 11.808088 11.244767 10.451661 0.9294689 0.95229363 7.4711294 15.909091
 11.979041 10.974707 10.034819 0.9143587 0.91615903 8.880858 3.409091
 43.18495 41.042824 39.04819 0.9514012 0.9503964 8.656343 2.2727273
 15.733136 16.238152 15.272373 0.9405241 1.0320988 9.484509 12.5
 98.80443 95.38213 90.18114 0.945472 0.96536297 8.951154 0.0
 21.427187 21.850504 20.928385 0.9577988 1.0197561 9.159274 2.2727273
 13.969616 12.535421 11.492389 0.9167932 0.8973347 8.898293 5.681818
 78.88807 77.80268 73.89432 0.9497657 0.9862414 8.830868 1.1363636
 19.035862 21.102621 20.448904 0.969022 1.1085719 8.359998 11.363636
 72.259796 72.12134 68.28386 0.94679135 0.9980839 6.9134545 6.9444447
 94.73022 94.4709 89.809364 0.95065635 0.99726266 9.05464 1.1363636
 89.09191 87.41568 83.25805 0.95243835 0.9811853 9.025474 1.1363636
 84.15933 86.89359 78.338524 0.9015454 1.0324891 4.0466294 6.25
 13.779917 12.729768 12.379166 0.9724581 0.9237913 10.45073 13.636364
 21.97191 21.946774 20.88942 0.95182186 0.99885595 9.035518 4.5454545
 20.16634 20.556637 19.6804 0.9573746 1.0193539 9.345516 10.227273
 90.68924 73.852554 69.67794 0.94347364 0.8143475 8.984926 10.227273
 82.06415 82.07421 77.90129 0.94915676 1.0001225 8.329234 1.1904762
 18.607288 16.589216 15.260554 0.9199081 0.89154404 8.804309 10.227273
 13.731233 12.150675 11.406099 0.9387215 0.88489324 7.3450975 13.636364
 86.99635 70.942955 66.508896 0.9374983 0.8154704 8.92554 12.5
 10.968622 10.372997 9.8495035 0.949533 0.9456974 8.154172 2.2727273
 28.00999 28.859518 27.719997 0.9605149 1.0303295 8.788293 5.681818
 84.242744 45.72659 39.68006 0.8677679 0.5427956 8.508501 18.181818
 14.685763 10.931204 10.076721 0.92183083 0.7443402 10.178687 14.772727
 16.723236 17.03068 16.20689 0.95162916 1.0183842 8.926657 12.5
 89.2996 90.23338 84.29887 0.9342315 1.0104568 8.811669 5.681818
 82.19237 82.5972 78.69676 0.9527776 1.0049254 8.974356 0.0
 15.147622 11.881296 11.38327 0.9580832 0.7843671 8.539633 19.318182
 76.287025 76.25923 72.52201 0.9509933 0.99963564 9.027596 2.2727273
 82.55466 79.95384 76.059944 0.9512981 0.96849585 8.998065 2.2727273
 11.224271 8.547369 7.902704 0.9245774 0.7615077 8.696173 13.636364
 72.99874 71.43382 66.946846 0.93718684 0.9785624 8.642581 5.681818
 14.16178 12.944567 12.1882305 0.9415712 0.9140494 9.374662 11.363636
 22.758514 22.003523 20.972118 0.95312554 0.96682596 9.098466 4.5454545
 80.556946 62.678402 59.218765 0.9448034 0.7780633 9.064102 15.909091
 16.82342 16.649012 15.721147 0.9442691 0.98963296 8.79114 4.5454545
 15.761425 15.373772 14.647914 0.952786 0.9754049 8.977847 7.9545455
 18.83522 17.2657 16.222864 0.93960077 0.9166709 9.034403 0.0
 96.45327 97.07457 92.1891 0.94967306 1.0064414 8.94858 0.0
 7.9484496 5.0662527 4.531531 0.8944542 0.6373888 7.0408807 14.772727
 72.10557 68.92193 65.517166 0.9505998 0.95584744 8.786951 10.227273
 88.24772 81.899895 77.73767 0.9491792 0.9280681 8.882769 11.363636
 96.37782 70.25489 65.46905 0.93187886 0.7289529 8.755987 19.318182
 13.712779 13.675315 11.627113 0.8502264 0.9972679 4.2397795 11.538462
 96.08343 95.98221 91.40024 0.9522623 0.99894655 9.075729 0.0
 15.079886 13.962164 13.188625 0.94459754 0.9258799 8.97634 13.636364
 11.007812 10.287651 9.80431 0.95301735 0.93457735 8.84718 11.363636
 23.218218 20.174906 18.868536 0.93524784 0.8689257 7.726997 7.9545455
 14.102464 13.139569 12.595313 0.9585788 0.93172157 8.828051 3.409091
 6.6215754 2.9812555 2.0003254 0.6709674 0.4502336 7.9465103 15.909091
 16.125198 14.999096 14.050157 0.93673354 0.93016505 8.33016 7.9545455
 19.874947 18.60967 16.949781 0.91080505 0.9363382 7.5295086 9.090909
 4.158949 1.4136492 1.0929415 0.77313495 0.3399054 7.2517757 17.045454
 7.5973434 7.0015326 6.4170833 0.9165255 0.92157644 8.47351 12.5
 74.5719 76.901695 73.39053 0.95434225 1.0312423 8.962696 0.0
 15.07771 15.425945 14.435192 0.93577355 1.023096 9.411573 1.1363636
 9.315811 7.5074253 6.930303 0.92312646 0.8058799 7.9112067 15.909091
 15.4834795 13.423539 12.776061 0.9517655 0.86695886 9.376966 13.636364
 85.90123 86.10302 81.63745 0.9481369 1.0023491 8.960649 10.227273
 19.999332 19.564194 18.576286 0.9495043 0.97824234 9.408705 3.409091
 94.91925 95.6582 91.2322 0.953731 1.0077851 9.056218 6.818182
 13.104979 11.798725 10.746027 0.9107787 0.9003238 9.724276 7.9545455
 6.6003656 3.352466 3.0312116 0.9041737 0.5079213 10.218025 13.636364
 93.60326 77.52509 72.94282 0.940893 0.82823074 9.008087 15.909091
 84.803734 79.89333 75.477066 0.944723 0.9420968 8.843739 12.5
 94.88852 96.70574 91.96988 0.9510281 1.0191511 9.030847 1.1363636
 87.10171 85.70754 80.77311 0.94242704 0.9839938 9.007628 1.1363636
 65.87737 65.612816 61.987106 0.9447408 0.99598414 8.974598 11.363636
 94.65385 70.751495 66.33048 0.93751353 0.74747616 8.851335 12.5
 86.500435 85.28439 81.006325 0.94983757 0.98594177 8.959294 14.772727
 29.887648 29.585598 28.252861 0.95495325 0.98989385 8.713375 4.5454545
 53.693165 53.01428 50.35077 0.94975865 0.9873561 8.424907 6.818182
 89.08615 83.86839 79.27451 0.94522506 0.9414302 8.994672 2.2727273
 87.029625 86.91515 82.47806 0.9489492 0.99868464 8.992721 0.0
 99.122696 80.63513 76.27214 0.94589216 0.81348807 8.8579855 15.909091
 33.678688 32.246758 30.361525 0.9415372 0.95748264 8.834339 1.1363636
 91.66953 69.941696 66.14869 0.94576895 0.76297647 8.780724 12.5
 85.45961 53.947807 49.58547 0.91913784 0.6312667 8.692085 12.5
 8.802822 6.9262066 6.3887253 0.92239887 0.7868166 8.515151 14.772727
 80.89982 78.57643 74.0712 0.9426644 0.9712807 8.857257 3.409091
 92.20129 92.52048 87.8865 0.94991404 1.0034618 8.338161 1.1904762
 53.47 54.324783 51.40648 0.9462804 1.0159862 8.448894 10.714286
 20.50086 19.84657 19.312855 0.97310805 0.96808463 8.875428 9.090909
 10.521179 7.9286876 5.0798607 0.6406937 0.7535931 4.31878 13.636364
 10.53397 9.532722 8.95088 0.93896365 0.9049506 8.578879 9.090909
 81.023155 81.73989 78.009186 0.95435876 1.0088462 9.047671 1.1363636
 90.66777 90.99549 86.43627 0.9498962 1.0036145 9.083753 11.363636
 17.47252 15.859876 15.073914 0.9504433 0.9077039 9.334569 9.090909
 76.739914 76.479004 72.23955 0.944567 0.99660015 9.081351 3.409091
 18.416683 17.054201 16.217735 0.9509525 0.92601913 8.911766 6.818182
 24.622217 23.018799 21.707188 0.94302005 0.9348792 8.506804 11.363636
 75.07192 48.022614 42.135513 0.8774098 0.63968813 5.0305734 14.285714
 9.740599 8.814063 7.9048963 0.8968504 0.90487903 8.785758 9.090909
 89.875534 90.39749 86.00714 0.95143276 1.0058075 8.995771 1.1363636
 19.763954 17.035114 15.955216 0.9366076 0.86192846 9.028611 12.5
 90.68819 70.79422 66.61779 0.94100606 0.7806333 9.163954 14.772727
 89.60022 88.52839 82.77435 0.9350035 0.9880376 8.520185 1.1904762
 78.08879 77.45372 73.54547 0.9495409 0.99186736 8.902796 10.227273
 84.89633 82.61281 75.14168 0.9095645 0.9731022 5.0920095 5.357143
 95.90278 96.00771 91.38056 0.9518044 1.0010942 9.050913 5.681818
 8.360828 7.572062 7.121907 0.94055057 0.9056593 8.558719 13.636364
 19.866604 19.448662 18.688887 0.96093434 0.9789626 8.822513 3.409091
 12.940081 11.679227 11.292768 0.9669106 0.90256214 9.320226 14.772727
 45.908752 48.75904 46.774303 0.959295 1.062086 9.1192 1.1363636
 13.921275 13.906804 9.185029 0.6604702 0.99896044 7.238421 5.681818
 38.532757 42.86351 39.44455 0.92023605 1.1123915 8.206079 4.5454545
 12.950211 10.769552 9.669651 0.89786935 0.83161217 5.514279 10.714286
 27.17621 26.508366 23.596226 0.8901426 0.9754254 4.3124356 7.6923075
 33.15869 34.88785 33.25366 0.9531586 1.052148 7.4285936 6.9444447
 16.915112 15.735785 14.694441 0.9338232 0.93027973 8.41917 6.818182
 14.946764 11.34291 6.425532 0.56648 0.75888735 4.3976364 10.227273
 23.700819 23.079552 21.526087 0.93269086 0.9737871 8.747704 3.409091
 72.219376 69.83073 66.16884 0.9475605 0.96692514 9.052075 7.9545455
 36.90718 37.241985 35.370518 0.94974846 1.0090716 9.247163 3.409091
 63.106224 55.199425 52.226364 0.9461397 0.87470645 8.96662 12.5
 49.891193 49.845535 47.750046 0.95796037 0.9990849 9.667928 1.1363636
 30.951605 26.810902 24.521679 0.914616 0.86622006 7.5230417 7.9545455
 94.77334 95.621735 89.990074 0.94110477 1.0089518 6.988176 1.3888888
 12.809927 10.724544 9.900796 0.9231904 0.83720565 6.1452537 7.8125
 82.60974 83.53722 77.926254 0.9328327 1.0112271 8.8970785 2.2727273
 80.87923 71.820114 66.87425 0.9311355 0.8879921 6.131919 14.0625
 37.70567 38.69445 35.60306 0.92010766 1.0262238 6.1011653 8.333333
 16.246128 10.320508 9.308935 0.9019843 0.63525957 7.323966 14.772727
 81.27493 74.50022 70.1678 0.94184685 0.9166446 8.93577 5.681818
 15.0102215 11.176088 10.256785 0.9177438 0.7445652 9.945851 13.636364
 12.478182 11.134357 10.338178 0.9284934 0.8923061 8.496603 9.090909
 6.692407 4.6472225 4.169346 0.8971695 0.6944023 7.794248 15.476191
 23.479788 22.1859 21.009674 0.94698316 0.94489354 8.106472 11.904762
 22.952925 22.036491 20.81776 0.9446949 0.96007335 8.449419 2.3809524
 86.72235 88.909355 82.00946 0.92239404 1.0252185 6.1551847 10.9375
 14.996168 12.621064 11.63955 0.9222321 0.84161925 5.779584 15.0
 88.181244 86.462395 80.91576 0.93584913 0.98050785 8.044278 7.5
 27.803722 27.462416 25.870275 0.9420248 0.98772436 7.1149964 5.263158
 86.16839 87.12888 80.87318 0.92820174 1.0111467 7.4228387 7.894737
 89.18944 86.73419 79.880516 0.9209807 0.9724716 6.807797 12.5
 70.53765 44.732525 39.121326 0.8745612 0.6341652 6.7741537 13.888889
 85.97165 83.44428 76.51894 0.91700643 0.97060233 6.3574424 1.4705882
 93.36101 74.13908 67.16684 0.90595734 0.79411185 6.2645946 14.705882
 97.58414 93.9767 86.10484 0.9162361 0.96303254 6.3668737 4.4117646
 15.813125 5.3985944 2.3029752 0.4265879 0.3413996 4.470347 17.647058
 87.61871 77.25446 69.33107 0.8974378 0.8817119 5.3308325 8.333333
 88.369675 80.36953 72.803154 0.9058552 0.90946954 5.7139688 7.8125
 67.2998 65.81552 59.995937 0.91157734 0.9779453 5.760017 1.5625
 12.979057 12.646625 11.557639 0.9138912 0.97438705 5.9311604 4.6875
 79.90203 66.98 61.665077 0.920649 0.8382766 5.36032 13.333333
 12.669846 9.179306 8.1139765 0.8839422 0.7245003 5.288214 13.333333
 17.003006 15.8614855 14.2240505 0.8967666 0.93286365 5.4447675 11.666667
 85.45797 83.78002 77.36606 0.9234428 0.9803652 5.3693 1.6666666
 57.730953 56.03262 50.717007 0.9051336 0.97058195 5.2583313 0.0
 24.041027 17.007204 13.651137 0.802668 0.70742416 4.566706 3.3333333
 42.56419 47.197414 43.97682 0.93176335 1.1088526 4.6819816 10.714286
 92.86344 77.04338 70.057014 0.909319 0.8296417 4.9037313 14.285714
 19.542343 15.680501 14.5302925 0.92664725 0.8023859 3.6121829 10.416667
 84.5837 83.788666 75.64213 0.90277284 0.9906005 4.088949 2.0833333
 76.38089 72.62281 64.456604 0.8875532 0.95079815 4.134562 8.333333
 18.525703 14.819967 13.359586 0.90145856 0.7999678 4.1514254 6.25
 1.0 46.77496 43.44679 40.6226 0.93499666 0.92884713 351.3982 8.652893 197.0
