 79.22209 33.70329 29.068642 0.86248684 0.42542788 7.7548094 11.904762
 98.655 93.35761 87.68119 0.93919706 0.9463039 8.495363 9.090909
 13.820617 12.736009 11.97884 0.94054896 0.9215225 8.543171 11.363636
 102.68327 92.93285 86.15355 0.92705154 0.9050437 8.5326 12.5
 10.307581 7.3977895 6.783266 0.91693145 0.71770376 8.073177 13.636364
 100.4389 96.548706 86.59934 0.8969498 0.961268 4.8649187 12.5
 14.630372 10.859001 6.3142204 0.5814734 0.74222314 4.332473 14.772727
 91.6723 87.85705 78.68084 0.8955553 0.9583816 4.839455 7.142857
 107.577995 103.23915 96.37349 0.9334975 0.9596679 8.610201 1.1363636
 86.64477 86.3398 80.15018 0.928311 0.9964802 6.7693095 11.111111
 16.084442 6.0304146 5.3728533 0.8909592 0.37492225 8.147031 18.181818
 4.852271 3.0495074 1.2526879 0.4107837 0.6284701 4.3160706 14.772727
 11.444032 10.006113 9.327411 0.9321712 0.8743521 8.306008 13.636364
 101.31248 66.03093 60.790665 0.9206392 0.65175515 8.32774 11.363636
 7.8520703 7.3736134 6.8168364 0.9244906 0.9390661 9.575956 15.909091
 6.675248 5.069458 4.626027 0.9125289 0.7594412 9.326326 12.5
 91.905525 88.223015 83.15975 0.94260836 0.9599316 8.587751 0.0
 3.691632 1.7624058 1.3544075 0.76849926 0.47740558 9.507505 16.666666
 16.665718 15.297036 14.351369 0.9381797 0.91787446 8.617108 15.909091
 24.19846 21.807087 20.270117 0.92951965 0.9011767 9.443696 14.772727
 8.86437 6.776252 4.834791 0.7134905 0.76443684 6.957355 13.636364
 102.586136 81.688 76.11194 0.9317395 0.796287 8.426964 13.636364
 113.37467 83.46627 76.445335 0.91588295 0.7361986 8.402159 15.909091
 12.919088 12.179056 11.487294 0.9432007 0.9427179 8.448771 13.636364
 106.59703 101.073944 95.06892 0.94058776 0.9481873 8.593358 12.5
 101.06705 93.8222 86.769196 0.9248259 0.92831635 8.518038 6.818182
 18.914633 14.235963 11.913864 0.8368851 0.7526428 8.725778 11.363636
 0.9394043 0.22624181 0.059135217 0.26138058 0.24083541 3.0450678 22.5
 73.13015 71.60815 67.580734 0.94375765 0.9791878 8.647209 1.1363636
 97.615845 93.88531 88.078384 0.93814874 0.96178347 8.422455 12.5
 109.25881 96.048416 90.0105 0.9371367 0.87909085 8.330536 10.227273
 118.06899 110.95914 104.70809 0.94366354 0.9397822 8.63333 13.636364
 105.502205 79.50453 73.05914 0.9189306 0.7535817 8.386189 15.909091
 10.695847 8.192218 6.9276075 0.84563273 0.7659251 9.954504 14.772727
 10.710399 8.118593 7.3401256 0.904113 0.7580104 8.738961 12.5
 2.3497765 0.4537923 0.13941601 0.30722427 0.19312148 3.8554852 21.428572
 109.53347 103.95486 97.84801 0.9412548 0.9490693 8.659837 6.818182
 103.891106 97.926674 92.10641 0.9405651 0.9425896 8.612058 4.5454545
 1.7499154 0.53183514 0.20266597 0.38106918 0.30392048 2.9232843 18.421053
 108.97025 86.89391 79.767044 0.91798204 0.7974094 8.279786 14.772727
 106.10048 86.18756 80.304245 0.93173826 0.8123202 8.498071 15.909091
 115.900116 110.76081 104.64806 0.9448113 0.9556575 8.580385 7.9545455
 110.056274 98.94066 92.51081 0.93501306 0.8990006 8.494206 13.636364
 99.5627 96.16658 90.780914 0.9439965 0.96588963 8.590933 12.5
 110.341805 94.39364 87.724754 0.9293503 0.85546577 8.540003 12.5
 110.76138 107.037544 101.14275 0.9449278 0.96637964 8.605689 3.409091
 1.6457591 0.39758664 0.09039751 0.22736555 0.24158253 2.4974527 23.61111
 123.8992 100.555855 93.184135 0.9266903 0.81159407 8.541121 15.909091
 105.78578 100.05929 92.76024 0.92705274 0.94586706 8.434124 6.818182
 28.765018 22.58781 21.162111 0.93688196 0.78525275 7.5393634 7.9545455
 1.8664188 0.47219658 0.10324066 0.21863917 0.25299603 2.1292398 17.045454
 1.0735557 0.33732063 0.11463766 0.33984777 0.31420878 3.2154605 19.642857
 5.4718227 2.7765672 0.89010954 0.32057914 0.50743 3.2090442 18.181818
 1.6064982 0.56227314 0.13430536 0.23886144 0.34999922 2.894915 16.17647
 2.976797 1.0727841 0.4429058 0.41285646 0.360382 4.403156 15.909091
 81.402306 78.599434 70.88552 0.90185785 0.9655677 4.867814 1.7857143
 1.085467 0.20774502 0.049772166 0.23958296 0.19138768 1.9314913 25.0
 54.91901 50.694096 46.096943 0.9093158 0.9230701 9.464483 7.9545455
 2.4183984 0.6208726 0.101880215 0.16409197 0.25672886 1.5145901 18.181818
 41.539303 41.94484 40.00304 0.95370597 1.0097626 8.593846 7.9545455
 4.505492 1.254368 0.6977397 0.55624807 0.27840865 3.0447185 15.384615
 102.65047 88.71425 83.32113 0.939208 0.86423624 7.6924314 12.5
 9.718527 8.54048 7.885055 0.92325675 0.87878335 7.7992563 7.894737
 104.49884 97.406906 89.31877 0.9169655 0.93213385 5.321511 6.6666665
 1.0 56.806644 49.866524 46.123714 0.92494345 0.8778291 400.0946 12.594047 64.0
