 64.22616 37.15428 33.452957 0.90037966 0.57849145 8.821382 15.909091
 27.119875 25.921192 24.031641 0.927104 0.95580053 9.467465 7.9545455
 9.273965 7.9786234 7.3396454 0.91991377 0.860325 9.389124 10.227273
 100.24175 96.38075 90.56818 0.9396915 0.9614831 9.361581 5.681818
 17.066002 17.3643 16.437029 0.94659907 1.0174791 9.405908 1.1363636
 4.2360773 3.625952 3.4138958 0.94151706 0.85596925 8.12349 15.476191
 12.382 12.421537 11.359161 0.91447306 1.0031931 8.94674 9.090909
 119.14556 124.04775 113.06007 0.9114238 1.0411445 9.171047 6.818182
 1.779905 0.9612517 0.7342513 0.7638492 0.5400579 3.2210395 19.736841
 48.836338 42.81498 39.9608 0.9333369 0.8767033 9.386799 10.227273
 125.94003 132.47546 122.62991 0.9256802 1.0518932 8.938959 4.5454545
 99.27619 80.00003 75.476265 0.943453 0.8058329 9.190279 13.636364
 12.455062 12.571287 11.921364 0.948301 1.0093316 9.258087 10.227273
 14.227834 13.928853 13.236265 0.95027673 0.9789862 9.189569 6.818182
 6.7821302 5.261303 4.3681936 0.8302494 0.77575964 4.065859 13.461538
 70.61056 54.277493 50.771317 0.93540275 0.7686881 9.309922 11.363636
 17.012617 16.996788 15.860219 0.9331303 0.99906963 9.793994 10.227273
 29.145128 17.242212 14.200046 0.8235629 0.59159845 4.236408 15.384615
 51.03542 39.66562 34.591366 0.87207425 0.77721745 5.122826 8.928572
 103.63966 102.73349 92.09042 0.8964012 0.99125654 4.9836607 0.0
 4.7825265 4.113144 2.879826 0.70015204 0.8600358 4.4109282 11.538462
 1.0 44.724514 40.37792 37.06585 0.9179732 0.90281403 336.2028 9.9233265 21.0
