 15.20188 14.909954 13.416222 0.8998164 0.9807967 8.080918 5.681818
 2.3585086 0.5158089 0.12524949 0.2428215 0.2187013 1.156424 15.384615
 2.9528651 0.9970101 0.51039463 0.5119253 0.3376416 4.7633686 15.909091
 15.698143 15.719041 14.934268 0.950075 1.0013312 9.148413 7.9545455
 176.12628 183.53511 165.72438 0.9029574 1.0420654 6.8771515 5.5555553
 2.5850139 0.83825755 0.20497963 0.2445306 0.32427585 2.7703264 16.666666
 1.2899104 0.32786486 0.052088115 0.15887068 0.25417647 1.6308428 23.4375
 20.71995 6.936543 2.55372 0.3681546 0.33477604 4.2401834 17.105263
 15.806191 13.06525 11.265624 0.86225855 0.82659066 9.370751 10.227273
 101.55531 104.4959 96.38327 0.92236406 1.0289556 8.336056 3.409091
 162.26155 171.05974 161.88725 0.94637847 1.0542222 9.015411 1.1363636
 13.639741 13.852491 12.9295225 0.93337166 1.0155978 9.5159645 4.5454545
 1.0992345 0.26328444 0.0431343 0.16383155 0.23951618 1.2598252 22.222221
 14.463927 12.9199095 10.351071 0.80117214 0.8932504 9.036993 10.227273
 5.75753 5.2249866 4.7201877 0.90338755 0.90750486 8.566649 14.772727
 97.83288 94.72305 83.11053 0.8774055 0.9682129 5.400848 0.0
 1.6812335 0.52521056 0.11040475 0.21021046 0.31239596 1.4446647 17.5
 16.336935 16.96808 15.794698 0.93084764 1.0386331 9.200659 1.1363636
 171.8926 178.78758 168.5542 0.9427624 1.0401123 9.041746 13.636364
 106.96068 111.14655 104.182625 0.9373446 1.0391347 9.269815 1.1363636
 164.5665 173.64449 164.01596 0.94455034 1.055163 8.925491 1.1363636
 2.215258 0.92425895 0.6142619 0.66459936 0.41722408 8.4360695 19.117647
 18.704014 19.74195 18.726805 0.94857925 1.0554926 9.008918 2.2727273
 2.3164485 0.83588403 0.2787195 0.3334428 0.36084726 2.568895 16.666666
 1.872605 0.64549696 0.1445501 0.22393614 0.34470537 2.2706363 15.277778
 1.3775213 0.29754588 0.08956016 0.30099612 0.21600091 1.0649623 25.0
 158.45769 164.50507 154.8183 0.9411156 1.038164 9.000833 1.1363636
 160.23512 167.64473 157.28139 0.9381827 1.0462421 9.035529 1.1363636
 12.38308 12.368454 11.766021 0.9512928 0.9988189 7.1969824 6.818182
 18.679733 17.58001 16.690271 0.9493892 0.9411275 8.838241 7.9545455
 2.5407727 0.924706 0.38629276 0.41774657 0.36394677 3.4346547 17.857143
 14.219326 11.146029 7.1013784 0.6371218 0.78386486 3.9889557 4.5454545
 1.9656657 0.5362522 0.16754551 0.3124379 0.27280948 2.4805276 13.636364
 4.692362 2.002023 0.77609205 0.38765392 0.42665568 2.2827265 15.909091
 150.1514 157.31789 148.82324 0.9460033 1.0477283 8.947166 2.2727273
 99.99623 103.21789 97.508675 0.9446878 1.0322177 8.5274315 1.1904762
 22.404589 20.228542 16.53833 0.8175741 0.9028749 8.971711 11.363636
 17.016315 17.8533 16.194128 0.90706635 1.0491872 6.5939803 9.090909
 15.242653 13.144958 11.226348 0.8540421 0.8623799 8.529322 7.9545455
 15.187103 13.414946 12.315838 0.9180684 0.8833117 9.501061 4.5454545
 162.4564 167.69012 152.66971 0.9104275 1.0322162 6.4299846 1.4705882
 1.0432706 0.24119802 0.07009911 0.29062888 0.23119411 3.91737 23.529411
 15.596778 16.074516 13.972558 0.86923665 1.0306306 4.844144 3.3333333
 16.242023 16.77727 13.84211 0.8250514 1.0329545 4.642668 3.5714285
 16.550611 17.544647 15.229228 0.86802703 1.0600604 4.1859107 0.0
 1.7953444 0.8162036 0.3035634 0.37192115 0.4546223 3.9717038 19.736841
 136.5965 144.70103 131.85396 0.9112164 1.0593319 5.2169704 0.0
 3.6255794 1.2763654 0.4596513 0.36012515 0.35204455 4.3237534 19.047619
 162.8323 147.7627 129.80276 0.87845427 0.9074531 9.801745 2.2727273
 20.658642 17.774294 15.650501 0.8805132 0.86038053 6.8686476 3.9473684
 176.68767 173.56601 156.86665 0.9037867 0.98233235 5.4951863 1.6666666
 10.660014 9.729248 3.8168714 0.39230898 0.9126862 3.6327457 10.526316
 14.731974 13.613475 12.640349 0.92851746 0.9240768 6.6284275 1.3888888
 17.769756 17.187212 11.538385 0.6713355 0.967217 3.581748 5.882353
 156.85944 152.73807 138.46857 0.90657526 0.97372574 6.226157 1.4705882
 25.944448 27.530096 25.021797 0.9088889 1.061117 5.354261 6.6666665
 170.14778 167.39378 154.97644 0.9258196 0.98381406 5.3515253 1.6666666
 177.12204 183.56172 169.07611 0.92108583 1.0363574 4.987801 1.7857143
 171.9189 175.19897 161.61469 0.92246366 1.0190792 4.9586205 0.0
 35.21882 43.338524 41.162148 0.94978195 1.2305502 4.2233906 11.538462
 130.25514 133.37746 119.08578 0.8928479 1.0239707 4.53997 7.6923075
 163.29242 168.59134 154.23857 0.9148665 1.0324504 4.416699 0.0
 15.519263 13.307528 9.995069 0.75108385 0.8574845 3.4908597 7.6923075
 153.47104 156.42921 140.84392 0.90036833 1.0192752 4.534655 3.8461537
 4.337287 2.254654 0.96012145 0.42583984 0.51983047 1.9408422 13.636364
 157.76923 163.68575 144.38457 0.882084 1.0375011 3.962458 4.1666665
 1.0 59.84163 60.25678 54.86154 0.91046256 1.0069375 410.18124 8.319128 66.0
