 25.754778 24.971367 23.275026 0.93206865 0.96958196 9.39831 3.409091
 11.77598 10.167768 9.489802 0.9333222 0.86343277 9.133171 11.363636
 8.545075 2.056751 0.41027912 0.19947924 0.2406943 1.8237385 14.772727
 11.955847 8.914352 8.087094 0.9071993 0.7456061 9.148435 11.363636
 5.458797 2.1815193 1.1408664 0.5229687 0.39963374 5.554744 17.045454
 16.300308 11.319237 8.724977 0.7708096 0.69441855 8.160077 13.636364
 17.517416 16.127287 15.081343 0.9351444 0.9206431 9.459197 4.5454545
 9.499918 8.111457 7.4528847 0.9188096 0.85384494 8.688937 10.227273
 6.434668 4.6998525 3.8252964 0.8139184 0.7303955 7.7857156 11.363636
 11.21544 9.13486 7.9696064 0.8724388 0.81448966 10.109456 12.5
 1.4504942 0.6298422 0.14097437 0.22382489 0.43422598 2.76302 22.058823
 64.61587 62.917747 58.74291 0.93364614 0.9737198 9.367737 5.681818
 24.004057 22.515001 21.2743 0.94489443 0.9379665 9.106589 5.681818
 12.360196 8.714937 7.957949 0.91313905 0.7050808 8.987588 13.636364
 40.837757 44.565643 42.900906 0.9626453 1.0912852 4.823494 7.6923075
 38.92749 38.693977 36.58665 0.9455387 0.9940013 9.418083 12.5
 21.16057 18.67464 17.725727 0.94918704 0.8825207 9.451827 9.090909
 21.08845 20.816195 19.814278 0.9518684 0.9870899 9.707327 3.409091
 15.192117 11.933307 10.307586 0.86376613 0.7854933 9.135792 14.772727
 8.860659 6.556803 6.079634 0.9272254 0.7399905 8.682167 13.636364
 20.28659 19.553078 18.30852 0.93634975 0.9638425 9.529875 11.363636
 94.573105 77.8716 72.23766 0.9276509 0.82340115 10.106186 11.363636
 10.317608 10.050604 9.58942 0.9541138 0.9741215 9.942061 6.818182
 8.582122 7.019472 5.9634085 0.8495523 0.81791806 8.085281 13.636364
 18.02488 14.92482 13.74206 0.92075217 0.82801217 10.294299 13.636364
 13.043943 12.496989 11.669938 0.93381995 0.9580684 9.410429 10.227273
 24.349276 23.790684 22.479496 0.9448865 0.97705925 9.611426 10.227273
 99.32024 92.02116 85.93987 0.9339143 0.9265097 9.523466 10.227273
 16.079294 11.982978 11.233316 0.93743944 0.7452427 9.402013 13.636364
 13.223034 11.656635 10.379458 0.89043343 0.8815402 9.71674 13.636364
 15.907444 12.0053835 11.206221 0.93343294 0.7547022 8.988154 17.045454
 97.34689 77.10504 71.99233 0.9336916 0.7920647 9.418878 17.045454
 5.218382 2.9443877 2.4344063 0.82679546 0.56423384 7.65515 13.095238
 59.80702 50.391678 48.503128 0.96252257 0.8425713 7.401833 14.772727
 10.673718 6.192175 5.7499657 0.9285858 0.5801329 9.094936 15.909091
 78.35516 79.101494 74.33443 0.9397348 1.009525 9.7452345 1.1363636
 13.243647 13.2159195 12.485427 0.94472635 0.9979064 9.343244 15.909091
 1.53191 0.43543017 0.14969139 0.3437782 0.28424007 2.7264147 26.666666
 20.080574 19.457445 18.308655 0.9409588 0.9689686 9.305246 11.363636
 99.45266 81.382545 75.45416 0.92715406 0.81830436 9.548493 11.363636
 15.191913 11.924305 10.982537 0.92102116 0.78491133 10.142208 15.909091
 2.171531 0.47040957 0.09151897 0.19455166 0.2166258 2.3981025 22.368422
 24.443968 23.838142 22.380743 0.9388627 0.97521573 9.497502 5.681818
 12.062903 12.019852 10.879032 0.9050888 0.996431 8.799981 14.772727
 22.116295 20.399158 19.326656 0.9474242 0.9223588 8.407024 15.909091
 6.5854025 4.5653257 4.201417 0.9202886 0.6932493 9.9670105 18.181818
 14.643026 4.227535 2.1941466 0.5190132 0.28870636 2.2908485 11.538462
 3.1728055 0.7515349 0.17025435 0.22654217 0.23686762 2.3112109 19.318182
 12.316461 8.833615 7.8449593 0.8880802 0.71722037 7.3808208 12.5
 6.3518434 3.3546777 2.85095 0.8498432 0.5281424 8.82814 14.772727
 13.253778 8.061634 7.152298 0.887202 0.60825175 8.456437 15.909091
 99.27867 77.03589 68.40691 0.88798755 0.7759561 4.322212 11.538462
 18.17464 16.594896 15.567754 0.9381049 0.9130798 9.672881 12.5
 46.51357 33.577053 31.111073 0.92655754 0.72187656 9.035429 14.772727
 23.761587 23.83419 22.631155 0.94952476 1.0030556 9.480366 11.363636
 17.578468 16.183512 15.120754 0.9343308 0.9206441 9.298786 5.681818
 104.038605 95.32844 89.35733 0.9373628 0.9162795 9.457968 11.363636
 24.788393 24.089052 22.788683 0.9460183 0.97178763 9.51135 14.772727
 11.15163 10.147664 9.565138 0.942595 0.9099714 9.558758 5.681818
 47.783474 27.223413 14.100622 0.51795936 0.56972444 8.074088 12.5
 43.944576 36.497555 34.169674 0.9362182 0.830536 9.771038 9.090909
 9.026722 4.028995 3.1549358 0.7830578 0.44634086 7.3533764 15.909091
 7.896717 5.970652 4.937311 0.82693 0.75609297 7.1841383 17.045454
 93.43576 86.73821 81.47499 0.9393206 0.9283192 9.438605 12.5
 28.308266 28.141514 26.485365 0.94114923 0.99410945 9.49236 6.818182
 11.996504 9.161964 7.2178473 0.7878056 0.76371956 9.449709 13.636364
 23.090816 21.256231 19.989206 0.9403928 0.9205492 9.923669 9.090909
 12.049879 11.27077 10.590648 0.939656 0.935343 9.534132 12.5
 19.150784 16.403713 15.382537 0.93774724 0.8565557 9.18871 10.227273
 18.382248 9.594851 6.5342607 0.68101746 0.5219628 10.084797 18.181818
 10.384993 8.781432 3.9642246 0.4514326 0.8455887 5.4127326 12.5
 8.176067 2.6339345 1.4009176 0.53187263 0.32215172 7.5560436 16.666666
 10.546365 9.515193 8.326654 0.8750905 0.9022249 10.172281 6.818182
 12.902531 11.009199 10.156024 0.92250335 0.8532589 9.69704 13.636364
 8.07885 7.2442346 6.856625 0.9464941 0.8966914 9.262947 11.363636
 92.595245 91.86562 86.769135 0.94452226 0.9921203 9.504709 1.1363636
 10.140024 9.726416 8.330695 0.85650206 0.9592103 9.896527 10.227273
 71.57307 47.514133 41.353397 0.87033886 0.6638549 11.580917 17.045454
 29.875845 33.381325 32.071487 0.9607613 1.117335 8.530473 9.210526
 86.52799 83.820206 78.39285 0.9352501 0.9687062 9.480392 2.2727273
 8.415782 5.495429 4.8675065 0.8857373 0.65299094 8.332756 15.909091
 104.58583 105.71325 97.182724 0.9193051 1.0107799 7.6543684 6.5789475
 98.87156 91.11642 85.53529 0.93874735 0.9215635 9.443336 13.636364
 2.7421734 1.194502 0.2841255 0.23786105 0.43560413 1.791755 21.666666
 14.681967 12.996147 12.09975 0.93102586 0.88517755 9.518984 9.090909
 10.865961 7.3076634 6.992198 0.95683086 0.6725281 8.682782 17.045454
 8.748277 8.290242 7.819592 0.9432284 0.94764286 9.41995 5.681818
 10.639766 5.4446588 4.7583647 0.8739509 0.51172733 9.079185 18.181818
 14.144511 13.732861 12.9662895 0.9441798 0.97089684 9.14522 14.772727
 12.874798 12.329979 11.542747 0.93615294 0.95768327 9.566077 3.409091
 7.630364 6.8417716 6.4158964 0.9377536 0.8966508 9.321306 13.636364
 24.580832 24.271315 23.005634 0.9478528 0.9874082 9.78009 13.636364
 10.962632 9.303076 8.265739 0.8884953 0.84861696 8.493225 10.227273
 16.251701 15.312691 14.46534 0.94466347 0.94222075 9.938177 11.363636
 7.643921 2.8013382 1.4047337 0.50145096 0.36647925 6.543444 18.181818
 18.33953 15.412736 14.045369 0.9112833 0.8404106 9.318498 11.363636
 9.824306 3.263052 1.4061769 0.43093917 0.3321407 4.060441 18.181818
 77.69861 62.12998 51.08884 0.82228965 0.79962796 7.3460574 13.636364
 90.87677 70.25673 64.84152 0.92292255 0.7730989 9.293949 11.363636
 16.169703 14.646659 13.536332 0.9241925 0.9058088 9.41821 11.363636
 23.421267 22.064186 21.001476 0.9518355 0.9420578 8.906106 13.636364
 20.05327 17.124847 15.434658 0.901302 0.8539678 9.588077 13.636364
 13.665805 13.172149 12.127171 0.9206676 0.96387655 10.471399 9.090909
 62.80408 68.37391 66.41689 0.97137773 1.0886859 10.093726 4.5454545
 49.03625 38.691032 33.03656 0.8538557 0.7890292 12.170474 10.227273
 112.56264 94.29175 88.081184 0.9341346 0.8376825 9.350254 18.181818
 8.772859 7.631845 6.4751253 0.8484351 0.86993825 8.584441 9.090909
 20.054636 16.727867 15.58093 0.93143547 0.83411473 9.330699 15.909091
 20.609068 18.431496 16.53657 0.89719087 0.8943391 6.622725 10.294118
 2.5324783 0.85075 0.13095376 0.15392742 0.33593577 1.4610986 17.857143
 2.578013 0.99059165 0.34618166 0.3494696 0.3842462 2.3399134 14.285714
 10.267882 9.06207 8.189259 0.90368515 0.88256466 9.448797 11.363636
 13.125087 9.831561 9.041979 0.91968906 0.7490664 6.62858 13.235294
 8.49991 7.105649 6.0812287 0.85583013 0.8359676 8.98847 9.090909
 30.058634 17.179285 14.826931 0.8630703 0.5715258 7.780747 14.772727
 11.888477 3.9692106 3.4098012 0.8590628 0.3338704 4.179032 12.5
 6.0703163 3.6012375 2.099827 0.5830849 0.5932537 6.1182256 17.045454
 18.664442 17.907581 16.779171 0.936987 0.959449 9.37328 11.363636
 8.841495 4.1060796 3.4207385 0.83309114 0.46441013 7.9877806 17.045454
 10.163396 8.679304 8.119022 0.9354462 0.8539767 9.520355 13.636364
 16.95834 15.203335 14.299398 0.9405436 0.8965108 9.367238 15.909091
 13.3157215 13.135278 12.461707 0.94872046 0.98644876 9.155145 7.9545455
 6.2593513 5.509512 4.8498154 0.8802622 0.880205 9.40535 12.5
 22.330793 20.489832 19.271416 0.9405356 0.9175595 9.124776 11.904762
 110.1198 107.52437 102.319954 0.9515978 0.97643083 9.16959 1.1904762
 2.1615376 0.587233 0.095988125 0.16345832 0.27167374 0.8213583 13.333333
 15.766826 14.374767 13.210204 0.9189856 0.9117097 8.435748 11.25
 95.0353 91.57528 86.10024 0.9402127 0.9635922 8.655325 3.75
 15.912041 7.0633225 2.786236 0.39446533 0.44389796 3.3119226 15.277778
 100.38739 97.879776 88.67563 0.9059648 0.97502065 6.908245 11.764706
 61.835083 53.194862 47.262077 0.8884707 0.8602699 5.994824 12.5
 10.841828 7.001658 6.1015677 0.87144613 0.6458005 6.7983985 13.333333
 105.12319 89.80702 79.95493 0.8902971 0.85430264 5.6788626 15.0
 25.041292 23.436152 21.106695 0.9006042 0.9359002 5.2362866 8.928572
 19.50525 17.231062 15.034508 0.8725236 0.88340634 4.569539 9.615385
 105.10912 77.6729 67.356346 0.86717945 0.7389739 4.6467156 13.461538
 96.41468 89.25558 76.10501 0.85266393 0.9257468 4.0089912 2.0833333
 1.0 29.694687 25.641703 23.358276 0.9109487 0.8635115 218.96434 12.159664 137.0
