 0.87130064 0.19611686 0.0486119 0.24787211 0.22508518 2.2711625 25.0
 10.126374 9.254832 8.683364 0.93825185 0.91393346 9.014549 14.285714
 1.5808012 0.37674195 0.15513173 0.41177186 0.2383234 3.1464906 25.0
 1.3951654 0.45864597 0.12698929 0.27687868 0.32873946 2.8278925 16.071428
 100.45567 97.14897 90.86911 0.93535846 0.967083 9.004538 9.090909
 2.3652287 0.8450658 0.10927662 0.12931138 0.35728717 1.0328916 19.117647
 2.351046 1.3520756 0.9340405 0.69081974 0.5750953 8.396636 17.647058
 17.336353 17.584953 16.625778 0.9454548 1.0143398 8.861361 5.681818
 116.620384 113.02019 106.01538 0.93802166 0.96912897 8.366988 2.3809524
 111.46654 104.055725 95.82604 0.9209108 0.93351537 8.91062 1.1363636
 81.334076 79.43461 73.277756 0.9224915 0.9766461 8.808111 1.1363636
 11.491281 10.626785 9.91265 0.9327986 0.92476946 8.648788 7.9545455
 1.1133733 0.2884218 0.07821529 0.2711837 0.25905222 3.1449034 19.047619
 10.610021 9.449832 8.794294 0.9306297 0.89065164 9.222981 6.818182
 109.00134 104.31778 98.082886 0.94023174 0.957032 9.010844 3.409091
 117.76453 110.61182 98.634476 0.8917174 0.93926257 5.145988 1.7857143
 108.60516 101.97966 95.77899 0.939197 0.9389946 8.957764 18.181818
 28.016195 21.473934 19.656366 0.91535926 0.7664829 8.123387 14.772727
 1.1464125 0.27365458 0.048404157 0.1768805 0.23870516 1.203905 20.588236
 95.30188 89.77396 83.52607 0.93040425 0.9419956 8.985906 1.1363636
 109.6436 104.89075 98.51912 0.93925464 0.95665175 8.98929 5.681818
 114.87669 109.94992 100.276596 0.9120206 0.9571125 8.755648 5.681818
 13.6092825 12.325716 11.474726 0.93095815 0.9056845 8.801645 10.227273
 3.1778047 1.0417 0.45645702 0.43818474 0.3278049 4.843044 14.285714
 120.87514 114.70406 107.816864 0.93995684 0.9489467 8.987158 1.1363636
 2.0424626 0.6431707 0.14380357 0.2235854 0.31489962 1.630576 18.75
 1.6168326 0.36551797 0.07226968 0.19771853 0.22607039 1.5039262 17.105263
 1.63875 0.4591922 0.10257554 0.22338258 0.28020883 1.5934492 20.0
 12.252554 11.476753 10.710981 0.9332763 0.9366825 9.08671 7.9545455
 6.848457 5.32873 4.910759 0.92156273 0.7780921 9.205991 14.772727
 58.663372 45.932415 42.586468 0.927155 0.7829828 8.772129 11.363636
 94.96619 90.0164 84.55822 0.93936455 0.9478784 8.904723 11.363636
 3.5622182 0.9112047 0.17685914 0.19409375 0.255797 2.0592031 16.666666
 5.6916676 1.7455794 0.57724935 0.33069214 0.30669034 3.9838228 15.909091
 126.2243 122.30162 107.67816 0.8804312 0.9689229 4.566369 1.9230769
 125.953766 120.86878 106.360344 0.87996536 0.95962816 4.556717 0.0
 130.01349 126.644806 111.16258 0.8777508 0.9740898 4.535085 1.9230769
 127.62932 124.1122 109.08649 0.87893444 0.9724427 4.549138 1.9230769
 112.280945 108.29902 93.02382 0.8589535 0.964536 3.9324827 10.416667
 2.839325 0.9314487 0.2571466 0.27607164 0.32805288 2.3731852 15.0
 120.264694 118.2789 110.13221 0.931123 0.98348814 7.8538685 0.0
 103.546196 100.51303 93.98416 0.9350445 0.9707071 7.3634634 1.3157895
 105.45112 105.80586 98.40482 0.93005073 1.0033641 6.025997 6.25
 82.11257 83.83982 77.84328 0.9284762 1.0210352 5.5993657 1.6666666
 0.8301614 0.2938045 0.14772326 0.5027944 0.3539125 2.6468387 31.25
 1.0 55.901424 52.982315 48.392166 0.9133645 0.94778115 381.28857 10.506877 45.0
