 6.861602 6.7503405 6.3022428 0.93361855 0.9837849 9.006277 13.636364
 13.122641 12.282779 11.565201 0.94157845 0.9359991 8.304817 11.363636
 11.540586 5.5662355 2.1992648 0.39510813 0.48231825 3.6609561 15.909091
 24.634966 24.503052 22.267954 0.90878284 0.9946453 8.117298 7.9545455
 123.38713 122.50671 111.40847 0.9094071 0.99286455 6.47309 1.4705882
 120.32565 124.53699 113.707695 0.9130436 1.0349995 5.8501687 3.125
 110.30785 111.062614 103.28725 0.9299911 1.0068423 8.524798 3.5714285
 104.36384 108.32686 101.67929 0.93863416 1.0379732 8.1829605 3.5714285
 21.052444 20.195097 17.028307 0.8431901 0.95927566 8.268774 6.818182
 19.466341 17.842405 16.856974 0.9447703 0.9165773 8.005734 9.090909
 112.72074 116.10805 108.724655 0.9364093 1.0300504 8.373786 1.1904762
 119.64859 121.92163 109.15259 0.89526844 1.0189977 8.22687 5.952381
 120.28503 124.566414 116.53419 0.9355185 1.0355936 8.363506 3.5714285
 11.218307 10.116173 9.533906 0.94244194 0.9017558 8.583378 11.363636
 125.67827 126.25804 113.670334 0.90030175 1.0046132 5.761002 10.9375
 100.19135 102.0057 96.36987 0.94474983 1.0181088 8.132384 3.5714285
 121.83504 122.4898 111.89131 0.91347456 1.0053742 8.327565 7.142857
 6.3325386 4.6668434 3.685882 0.7898019 0.7369625 5.683541 13.333333
 107.38313 109.08428 99.53798 0.912487 1.0158418 8.202941 7.142857
 123.00742 93.76438 86.034515 0.9175608 0.762266 8.575012 14.772727
 20.8743 21.857103 20.033428 0.91656375 1.047082 10.330536 3.409091
 123.50685 129.27324 118.41889 0.9160356 1.0466889 5.9737334 1.5625
 127.46563 124.07409 107.88659 0.86953366 0.9733925 3.8443136 0.0
 13.127941 11.6174135 10.5528755 0.90836704 0.88493794 8.520074 11.363636
 107.10123 109.90131 102.61817 0.9337301 1.0261443 8.499107 0.0
 1.3506765 0.3444427 0.06806203 0.19760047 0.25501493 2.1812844 21.875
 100.948524 98.00937 91.891396 0.93757766 0.9708846 8.990612 13.636364
 124.193344 124.701004 113.80518 0.9126245 1.0040877 8.197049 1.1904762
 115.16861 116.86625 109.66977 0.93842125 1.0147405 8.328054 3.5714285
 1.806821 0.5253518 0.076576345 0.14576203 0.2907603 1.678705 20.0
 120.63577 119.022644 112.074394 0.94162244 0.98662806 8.83775 1.1363636
 98.90744 96.64454 90.50418 0.93646455 0.977121 8.29338 8.333333
 3.0478852 0.7863885 0.18319657 0.23295937 0.25801122 2.1785092 15.909091
 123.8289 126.7241 118.32799 0.93374497 1.0233806 8.3086195 3.5714285
 104.63607 108.862404 98.92093 0.90867853 1.0403908 5.8410063 10.9375
 113.31393 110.42006 100.96778 0.9143971 0.9744615 8.113657 4.7619047
 16.153963 17.447428 15.535852 0.89043796 1.0800711 8.417765 7.9545455
 122.6217 120.64661 111.34862 0.922932 0.9838928 8.124079 4.7619047
 110.98166 110.9342 103.6247 0.9341096 0.99957234 8.305638 8.333333
 115.66421 118.43398 110.98079 0.9370688 1.0239468 8.163688 3.5714285
 123.3936 127.030685 118.72403 0.93460906 1.0294755 8.3996525 2.3809524
 110.55114 112.72398 105.09054 0.93228203 1.0196546 8.302562 2.3809524
 119.08401 121.52465 111.68613 0.9190409 1.0204952 8.351904 4.7619047
 109.59468 102.91618 94.261696 0.91590744 0.9390619 9.114275 4.5454545
 119.687775 120.99545 106.52689 0.8804206 1.0109258 4.314143 5.769231
 80.94621 63.453247 58.371105 0.91990733 0.78389394 8.442736 15.909091
 105.087135 105.65283 98.34479 0.93082964 1.0053831 7.7956314 3.75
 108.74294 110.88627 103.18997 0.9305929 1.01971 8.319455 11.904762
 104.7094 107.17017 100.22792 0.93522215 1.023501 8.406094 1.1904762
 112.17825 109.154495 99.67871 0.91318923 0.97304505 6.257332 4.4117646
 99.29776 101.75444 95.5427 0.9389537 1.0247405 8.331205 5.952381
 4.1641827 1.4803559 0.5054725 0.34145334 0.35549733 3.3608344 19.736841
 19.050426 17.449238 15.7224455 0.90103906 0.91595 6.61996 8.333333
 108.24718 110.00111 102.564125 0.93239176 1.0162029 6.084386 3.125
 108.03626 119.332794 111.111275 0.9311043 1.1045624 5.7447286 8.333333
 118.15789 128.72612 119.2514 0.9263963 1.0894415 5.6750207 0.0
 112.458725 120.06022 111.46927 0.9284446 1.0675936 5.5275035 5.0
 122.465034 127.437225 114.27704 0.89673203 1.0406009 4.2011647 6.25
 122.150986 131.15363 120.614456 0.9196426 1.0737009 5.7071924 5.0
 111.11075 116.27533 104.232994 0.8964326 1.0464814 5.605938 6.6666665
 107.8434 114.16316 106.10347 0.92940205 1.0586013 5.586198 6.6666665
 114.96509 124.23381 114.89275 0.9248107 1.0806221 5.7439065 10.0
 111.95214 96.730804 81.98645 0.84757334 0.8640371 3.8338704 6.25
 1.0 87.659904 87.9675 80.84608 0.91904485 1.0035089 635.12805 7.1379037 63.0
