 9.461255 2.082141 0.2827581 0.1358016 0.22007027 1.5528846 19.318182
 9.029276 1.9885997 0.6994428 0.35172632 0.22023912 1.2504851 13.461538
 110.0868 81.2745 78.7132 0.9684859 0.7382765 5.772607 5.882353
 122.71611 114.93314 105.77675 0.92033285 0.93657744 5.422801 5.0
 125.22483 119.76647 113.65997 0.94901323 0.95641154 8.143887 11.363636
 103.905464 100.95619 96.16699 0.9525616 0.9716158 8.111307 4.5454545
 111.52798 105.58802 97.0236 0.9188883 0.9467402 5.4524393 10.0
 8.651012 8.395945 8.00065 0.95291847 0.97051585 8.121436 9.090909
 2.1343558 0.6884926 0.16271974 0.23634204 0.32257628 2.8981895 21.875
 9.418603 8.077507 7.4548297 0.9229122 0.857612 8.36728 14.285714
 119.38551 115.85716 106.47073 0.91898274 0.97044575 5.5403996 1.6666666
 133.84193 126.991356 116.82054 0.9199094 0.94881594 5.4294343 5.0
 119.2005 112.385704 105.30998 0.93704075 0.94282913 8.227653 7.9545455
 128.638 123.762886 118.20377 0.95508254 0.96210206 8.3312025 2.2727273
 128.80446 120.86368 111.1385 0.91953593 0.93835014 5.4609556 1.6666666
 126.83431 121.88505 113.92391 0.9346832 0.9609785 8.159744 0.0
 5.9996033 4.7117085 4.404799 0.9348624 0.7853367 6.8896766 16.666666
 122.62885 114.193436 107.1714 0.93850756 0.9312118 6.634213 0.0
 111.85854 100.602684 91.28197 0.9073512 0.8993742 5.404506 0.0
 102.33267 72.782265 67.87203 0.9325354 0.7112319 7.9673634 13.636364
 123.18237 117.76604 108.68023 0.9228487 0.95602995 5.4666166 1.6666666
 140.0018 134.10023 123.74578 0.9227857 0.95784646 5.4364033 0.0
 109.605194 102.06891 97.2287 0.9525791 0.9312415 8.04597 2.2727273
 111.98361 102.32507 95.921844 0.9374227 0.91375047 6.591524 4.1666665
 127.01075 120.48489 111.06567 0.92182237 0.94861966 5.4706693 1.6666666
 109.015976 102.86342 94.67103 0.92035663 0.9435628 5.437451 1.6666666
 110.69689 106.57755 101.20211 0.9495631 0.9627872 8.419974 9.090909
 130.408 122.6074 112.90226 0.9208438 0.94018304 5.4866557 5.0
 11.5034485 10.465614 9.81039 0.9373927 0.9097806 7.9681716 8.333333
 118.39324 107.57963 100.478485 0.9339918 0.9086636 8.063327 10.227273
 15.257862 14.121178 13.295218 0.9415091 0.92550176 8.303279 6.818182
 16.81049 15.687918 15.02624 0.9578225 0.9332219 8.061587 4.5454545
 17.455421 16.655235 15.798543 0.94856316 0.95415837 8.30151 6.818182
 106.71728 103.61396 99.10118 0.95644623 0.9709202 8.224988 2.2727273
 11.577126 10.609068 10.087247 0.9508137 0.9163819 8.211 9.090909
 131.70804 124.48926 114.66852 0.92111176 0.9451911 5.461746 15.0
 57.380165 54.36208 52.072845 0.95788914 0.9474019 8.053343 9.090909
 107.86251 104.33367 99.679214 0.9553887 0.96728396 8.267378 2.2727273
 104.02319 100.03266 95.52642 0.9549523 0.96163803 8.308217 2.2727273
 91.65192 87.84626 84.31491 0.9598008 0.9584771 7.9478555 2.2727273
 104.603035 97.46806 92.59026 0.9499549 0.93179 8.207865 12.5
 118.013985 111.19857 99.63964 0.8960514 0.9422491 3.8501704 0.0
 119.56987 128.0476 120.26009 0.9391827 1.0709019 5.725001 0.0
 1.0 88.51424 82.63003 77.16989 0.9339207 0.93352246 554.91284 6.5286484 43.0
