 14.481386 11.458909 9.997789 0.8724905 0.7912854 8.365865 13.636364
 116.32078 104.45943 96.140335 0.9203605 0.89802897 8.639261 13.636364
 23.703192 16.307474 14.587801 0.8945469 0.68798643 8.83279 11.363636
 111.70891 97.948524 90.23747 0.9212744 0.8768193 8.439435 4.5454545
 109.26885 96.93732 86.131584 0.8885287 0.88714504 6.1875534 1.4705882
 104.759026 91.38625 82.231834 0.89982724 0.8723473 6.5529485 11.111111
 116.73763 89.23033 80.23048 0.89913905 0.7643665 7.1721263 14.473684
 111.700294 100.11671 92.0127 0.9190544 0.8962976 8.573873 5.681818
 104.29075 87.92094 80.29865 0.9133053 0.8430368 8.447094 12.5
 112.87972 100.52382 92.832695 0.9234896 0.8905392 8.523281 12.5
 85.29935 74.88104 67.857285 0.9062011 0.87786186 8.248167 3.409091
 0.8025353 0.309413 0.098694935 0.31897476 0.38554442 1.9802983 31.818182
 14.795232 12.771634 11.535458 0.90320927 0.86322635 8.787605 11.363636
 15.15384 13.786633 12.813932 0.92944616 0.9097781 8.640654 13.636364
 94.85692 86.3504 79.468704 0.92030495 0.9103227 8.628347 1.1363636
 104.15397 92.881546 84.393486 0.9086141 0.89177155 8.507845 5.681818
 123.63944 95.90678 90.94583 0.9482733 0.77569723 5.508981 3.3333333
 106.29017 93.11499 85.54596 0.9187131 0.8760451 8.612168 1.1363636
 12.868494 8.347786 7.8856134 0.9446353 0.6486995 8.017607 14.772727
 38.360104 32.440742 28.77494 0.8870001 0.84568965 6.766193 1.3888888
 33.581833 30.712494 27.985903 0.9112221 0.9145568 8.894017 1.1363636
 118.385666 91.00239 49.90312 0.5483715 0.76869434 6.8540883 5.681818
 109.13269 95.4843 87.149124 0.9127064 0.87493765 8.527698 5.681818
 111.48697 98.23353 89.445305 0.9105374 0.88112116 8.456658 9.090909
 4.533364 1.4680256 0.4540608 0.30930033 0.323827 2.8719935 16.666666
 15.768055 14.503258 11.530273 0.79501265 0.91978735 5.2234325 1.7857143
 109.70587 97.38853 88.802925 0.91184175 0.8877239 8.520889 3.409091
 102.71678 91.76182 84.57148 0.92164135 0.89334786 8.566942 2.2727273
 4.2266135 1.8434243 1.4959157 0.81148744 0.43614691 6.9777856 18.181818
 117.11935 101.55135 89.24358 0.87880254 0.8670758 5.7389603 1.5625
 111.03977 101.8048 93.64411 0.9198398 0.91683185 8.746926 1.1363636
 102.74604 90.57471 83.07162 0.91716135 0.88153964 8.558934 3.409091
 11.791946 10.585317 9.747315 0.9208336 0.8976734 8.871764 13.636364
 26.353296 13.257878 9.9649105 0.75162184 0.5030824 3.2987223 9.615385
 108.78102 96.58252 87.08624 0.9016771 0.88786185 8.539493 7.9545455
 111.61187 100.00423 91.98208 0.9197819 0.8959999 8.536894 0.0
 111.83805 96.97029 85.709595 0.8838748 0.86705995 5.776024 0.0
 12.837845 8.95467 4.476484 0.49990496 0.6975213 4.40845 15.909091
 14.076582 11.495365 6.99126 0.6081808 0.8166304 8.281187 7.9545455
 114.29083 97.342606 85.18032 0.8750569 0.85170966 5.7068257 4.6875
 107.83606 95.74698 88.26487 0.92185545 0.88789386 8.654676 3.409091
 107.18415 88.25361 78.331985 0.88757825 0.82338303 5.6505647 10.9375
 93.838844 83.98527 77.35481 0.92105216 0.89499474 8.460778 13.636364
 30.445158 28.294441 25.465624 0.90002215 0.92935765 8.904353 1.1363636
 21.140703 7.4955907 4.3973913 0.5866638 0.35455728 3.159802 10.416667
 115.36484 104.95625 97.63049 0.9302018 0.90977675 8.416631 1.1363636
 96.96462 84.62836 78.158714 0.9235523 0.8727756 8.534101 1.1363636
 55.558678 49.630875 45.60146 0.9188123 0.8933056 8.1863 9.090909
 23.715757 19.910507 18.049427 0.90652764 0.83954763 8.839152 0.0
 102.03496 91.50935 84.2986 0.92120206 0.89684314 8.56268 3.409091
 119.17934 105.135666 93.8765 0.8929083 0.8821635 6.2345705 11.764706
 75.11906 44.899 39.531635 0.8804569 0.59770447 8.214912 7.9545455
 117.50263 100.742386 92.01238 0.9133433 0.8573628 8.501597 10.227273
 17.62411 16.155611 12.431525 0.76948655 0.9166767 7.643017 10.227273
 108.14545 90.06752 81.8046 0.9082586 0.8328369 8.432835 7.9545455
 109.82088 95.86674 80.426186 0.83893734 0.8729373 4.31682 9.615385
 24.19461 16.624619 15.133982 0.91033554 0.68712074 8.479636 17.045454
 101.45977 87.76414 80.46698 0.91685486 0.8650142 8.527834 5.681818
 109.94364 99.22055 90.84371 0.9155736 0.90246737 8.699741 9.090909
 106.432846 95.50499 88.32843 0.9248567 0.8973263 8.477704 1.1363636
 21.274538 16.183475 14.2473545 0.88036436 0.7606969 8.323255 11.363636
 115.771645 102.72666 90.623924 0.8821851 0.8873214 5.646814 7.8125
 110.07285 97.762505 89.09284 0.9113191 0.8881618 8.503017 2.2727273
 14.56528 11.734113 10.752344 0.91633207 0.80562216 7.5494986 13.636364
 32.223007 26.78912 24.392101 0.91052276 0.83136624 8.440076 7.9545455
 92.027405 81.12231 73.59622 0.9072255 0.8815016 9.083241 1.1363636
 114.139114 103.12895 92.347145 0.89545316 0.9035374 6.5727835 4.1666665
 106.17399 96.57863 88.876465 0.9202499 0.90962607 8.421699 10.227273
 109.42681 97.82064 90.09584 0.921031 0.8939367 8.558215 1.1363636
 104.21788 91.18566 83.690414 0.9178024 0.8749522 8.663468 12.5
 94.88504 85.31458 78.45524 0.91959935 0.89913625 8.576132 2.2727273
 21.545107 20.101318 17.056454 0.84852415 0.93298763 8.226494 11.363636
 90.37734 77.264244 68.94123 0.8922786 0.8549072 6.214919 10.294118
 18.530481 15.825025 13.994491 0.8843266 0.85399973 8.781393 7.9545455
 44.20837 15.80536 10.829173 0.68515825 0.35751963 5.7640653 13.636364
 115.24865 101.27649 92.21616 0.91053873 0.87876505 8.568666 4.5454545
 29.86859 13.529427 10.898544 0.80554366 0.45296505 8.038851 15.909091
 70.68778 41.575836 34.849487 0.83821493 0.5881616 7.7228413 13.636364
 109.40358 99.86187 91.43969 0.91566175 0.9127843 7.522383 1.25
 114.47545 102.47541 91.86677 0.89647627 0.89517367 6.6890845 2.7777777
 108.832695 97.33379 89.09865 0.9153927 0.8943433 8.550708 1.1363636
 106.709694 94.840675 85.806595 0.9047446 0.8887728 8.3827305 5.681818
 111.855644 98.25502 88.44101 0.90011704 0.87840915 8.569655 11.363636
 103.10099 87.940346 81.46607 0.9263787 0.8529535 7.9428744 3.5714285
 111.84197 96.67422 88.33473 0.9137362 0.86438227 7.712048 0.0
 104.65773 92.98241 87.54532 0.94152564 0.8884428 7.548806 1.25
 13.559792 8.750866 8.326451 0.95150024 0.64535403 7.781992 14.473684
 102.97126 87.25095 81.314735 0.9319638 0.8473331 7.772075 3.75
 105.30855 93.453415 87.481575 0.9360982 0.8874248 7.721471 0.0
 107.58397 96.324554 90.04259 0.93478334 0.89534295 7.166872 3.9473684
 98.96819 88.72889 83.45573 0.94057 0.89653945 7.1653423 3.9473684
 16.70814 17.071865 16.046816 0.9399568 1.0217694 8.633861 7.894737
 41.690056 20.037489 18.509094 0.9237233 0.48062992 6.878804 14.705882
 120.922806 114.17684 107.64013 0.94274926 0.9442126 6.860624 2.7777777
 21.84577 14.505056 12.878015 0.88782936 0.6639755 6.015824 12.5
 91.78268 83.172264 77.92593 0.93692195 0.906187 6.90853 4.1666665
 6.703497 6.6969533 6.3824515 0.95303804 0.99902385 7.152632 9.722222
 103.36541 104.88418 95.82092 0.913588 1.0146931 4.8297853 1.7857143
 100.52074 98.911095 90.80172 0.91801345 0.98398703 5.8107047 4.6875
 101.96141 100.58647 91.83607 0.91300607 0.9865151 4.8721204 1.7857143
 104.69682 106.35905 96.024704 0.90283537 1.0158765 4.3107123 1.9230769
 109.46946 108.04309 100.22545 0.9276433 0.9869701 6.3328466 7.352941
 102.370514 95.5781 88.05118 0.9212484 0.9336487 6.2827063 5.882353
 94.80866 93.20804 85.08884 0.9128916 0.9831173 4.746405 5.357143
 114.878746 114.26908 107.01093 0.936482 0.9946929 6.2288156 4.4117646
 106.10431 102.70327 95.55838 0.9304317 0.9679463 6.1864533 10.294118
 27.497185 26.046085 17.115612 0.657128 0.9472273 6.080534 8.823529
 109.91714 106.9715 99.42192 0.9294244 0.9732013 6.2545576 7.352941
 111.67299 108.92759 100.73552 0.9247934 0.97541577 6.3387804 10.294118
 106.26912 102.829666 95.696266 0.9306289 0.9676345 6.236151 13.235294
 106.34901 106.5399 97.85627 0.9184941 1.0017949 6.288105 4.4117646
 112.16103 111.36739 103.03395 0.92517155 0.9929241 6.353508 1.4705882
 98.92882 99.7603 93.55279 0.93777573 1.0084049 6.3182025 0.0
 119.1938 116.60791 108.11046 0.927128 0.9783051 6.232884 4.4117646
 100.52429 97.88544 89.611465 0.9154729 0.97374904 5.2878227 8.333333
 104.4578 103.24264 96.31863 0.9329346 0.98836696 6.2749553 7.352941
 101.98598 100.246445 93.39774 0.9316814 0.98294336 6.279431 10.294118
 107.21725 106.39508 98.63141 0.9270298 0.99233174 6.151308 1.4705882
 95.85718 92.96415 85.83174 0.92327785 0.96981937 6.195424 8.823529
 112.32225 111.90274 103.43495 0.92432904 0.9962651 6.2901764 1.4705882
 103.89529 101.37648 94.189316 0.9291042 0.9757563 6.348895 8.823529
 102.86985 99.4683 92.268776 0.92761993 0.9669334 6.2250257 7.352941
 100.38327 97.162926 89.70879 0.92328215 0.9679195 6.2662945 4.4117646
 105.36827 104.03561 96.892815 0.93134284 0.9873523 6.229839 4.4117646
 13.402871 8.898722 6.921767 0.7778384 0.66394144 4.4301534 11.538462
 109.77753 106.89351 97.23043 0.90960085 0.9737286 5.3818636 8.333333
 105.36275 103.66522 95.97807 0.9258464 0.98388875 6.3693304 2.9411764
 109.531 109.44522 101.08837 0.9236435 0.9992169 6.1235714 4.4117646
 88.60089 83.481804 77.47201 0.9280107 0.942223 6.328252 4.4117646
 105.98597 101.42952 94.33203 0.93002546 0.95700896 6.270031 7.352941
 111.4114 108.16526 100.91821 0.9330002 0.97086346 6.2170343 7.352941
 118.00089 117.64689 109.54088 0.9310988 0.997 6.330431 0.0
 95.4682 96.96266 85.929596 0.88621324 1.0156541 3.7497988 6.25
 103.34105 100.38375 92.59448 0.9224051 0.97138315 6.239276 11.764706
 110.439064 110.04559 102.42324 0.9307346 0.99643725 6.26867 1.4705882
 113.91069 113.71755 105.90626 0.9313097 0.9983044 6.1037936 1.4705882
 104.66242 102.730286 95.59005 0.9304953 0.9815393 6.2637296 0.0
 116.05423 114.01681 104.22337 0.9141054 0.98244417 4.831767 0.0
 108.49286 105.16247 97.986374 0.9317618 0.96930313 6.2577825 1.4705882
 113.4881 111.3671 100.76158 0.90476966 0.98131084 4.8113794 5.357143
 104.459305 101.877304 92.26572 0.9056553 0.9752822 4.247298 1.9230769
 117.64295 115.43664 106.804825 0.9252247 0.98124564 6.3307114 1.4705882
 77.85423 79.86721 71.24059 0.891988 1.0258557 3.752809 0.0
 98.20334 97.50704 91.04501 0.93372756 0.9929096 6.343955 13.235294
 91.34467 91.412506 84.085396 0.91984564 1.0007427 6.4913983 4.4117646
 73.90673 76.9793 71.734726 0.9318703 1.0415736 5.663959 1.5625
 89.61172 89.04983 82.263565 0.9237925 0.99372965 5.741471 0.0
 94.90997 91.63689 84.388954 0.92090595 0.96551377 5.811171 1.5625
 103.12549 104.65214 97.07434 0.9275906 1.0148039 5.754539 10.9375
 108.474846 108.40657 100.84027 0.9302044 0.99937063 5.6458015 1.5625
 91.790115 84.49874 78.05202 0.92370635 0.9205647 5.7798624 7.8125
 93.50087 96.43741 89.271225 0.9256908 1.0314065 5.408694 10.0
 16.885664 16.505825 15.301384 0.9270294 0.9775052 5.795647 6.6666665
 87.23461 88.03021 82.00943 0.9316055 1.0091202 5.3164406 3.3333333
 6.4614224 3.539661 1.5264671 0.43124667 0.54781455 2.6875887 15.384615
 100.512276 100.39581 92.063934 0.9170097 0.9988413 5.0188394 1.7857143
 122.88152 121.10368 111.91918 0.92416 0.9855321 5.0547967 1.7857143
 95.31341 95.09444 87.35613 0.91862506 0.99770266 4.6196084 3.8461537
 39.20402 16.634127 12.725649 0.7650326 0.42429644 2.742149 9.615385
 92.63604 92.84391 84.8467 0.91386396 1.002244 4.655658 7.6923075
 110.727554 108.80939 100.5363 0.92396724 0.9826767 4.634545 9.615385
 121.871124 122.76041 113.21244 0.92222273 1.0072969 4.6716056 1.9230769
 95.40687 99.73604 89.02011 0.8925571 1.045376 4.0128107 2.0833333
 106.1913 107.732605 95.69833 0.888295 1.0145144 4.0523868 8.333333
 100.61317 101.66022 90.404915 0.8892851 1.0104067 3.8624682 2.0833333
 111.46068 114.203125 101.93265 0.8925557 1.0246047 4.023244 2.0833333
 1.0 85.94559 78.917755 71.907036 0.91116416 0.9182293 526.45 6.5130835 166.0
