 109.43274 104.72745 97.20106 0.92813355 0.95700294 8.814872 0.0
 115.69159 110.87455 103.51637 0.9336351 0.9583631 9.135734 1.1363636
 113.89301 106.84588 99.35751 0.92991436 0.93812495 9.077729 0.0
 112.33299 101.42122 89.326454 0.8807472 0.90286225 4.83001 1.7857143
 119.7984 113.88398 106.32521 0.9336274 0.95063025 9.095314 1.1363636
 115.278915 111.13449 102.67624 0.9238917 0.9640487 8.817121 1.1363636
 112.880486 108.145096 99.628494 0.9212484 0.95804954 8.85579 1.1363636
 109.030945 102.64142 95.65045 0.9318894 0.9413972 8.987888 9.090909
 15.110905 14.468444 13.4936695 0.9326276 0.95748365 8.039354 6.818182
 115.88637 110.55225 102.892654 0.9307151 0.9539712 9.328065 1.1363636
 76.530624 74.728676 69.80133 0.93406355 0.97645456 8.9782295 1.1363636
 110.40262 104.527405 94.9434 0.90831107 0.9467837 9.004035 6.818182
 9.391196 7.963995 6.9019165 0.86664 0.84802777 9.377201 12.5
 116.33957 111.28724 104.874794 0.94237936 0.9565726 8.6701145 0.0
 6.5930457 5.7067537 5.2774487 0.9247724 0.86557174 8.423497 11.363636
 8.9487915 6.6770744 5.920471 0.88668644 0.74614257 4.818556 8.333333
 124.03082 118.90121 110.90236 0.9327269 0.9586424 9.020655 0.0
 26.529093 26.72948 23.487116 0.87869704 1.0075536 8.520144 9.090909
 115.17436 109.70787 102.04713 0.93017143 0.95253724 8.94715 1.1363636
 10.131167 8.223288 7.280732 0.88537973 0.8116821 9.407698 9.090909
 95.11673 75.89476 69.48139 0.9154965 0.7979118 8.641175 1.1363636
 117.98414 112.40161 105.10097 0.9350486 0.95268404 9.063653 1.1363636
 79.94339 75.69985 68.586754 0.90603554 0.9469182 8.728472 3.409091
 125.14213 119.0765 108.51467 0.91130215 0.9515301 9.041051 3.409091
 57.704605 55.62914 51.906055 0.9330731 0.96403295 8.941886 3.409091
 82.30126 76.152084 70.60331 0.9271356 0.9252845 9.309979 5.681818
 128.31036 122.78813 114.86416 0.9354663 0.9569619 9.066164 0.0
 99.041245 90.62617 82.821266 0.913878 0.91503465 8.930522 4.5454545
 69.66421 66.4548 63.29441 0.95244294 0.95393044 8.918299 2.2727273
 123.980415 114.124825 101.319046 0.88779145 0.9205069 4.7401404 1.7857143
 106.7144 103.01456 96.29707 0.9347909 0.96532947 9.09332 1.1363636
 95.70206 90.434135 83.74026 0.92598057 0.944955 8.956433 1.1363636
 115.2769 109.34479 101.915955 0.9320604 0.94854033 8.86595 10.227273
 117.472626 113.53661 105.550735 0.9296625 0.96649426 8.970948 0.0
 107.023865 102.72019 95.55474 0.930243 0.9597877 9.186334 1.1363636
 14.466101 10.383992 9.373282 0.90266657 0.7178156 9.094864 14.772727
 66.1594 62.775352 58.59928 0.9334759 0.94885004 9.233817 1.1363636
 3.5243807 0.75876224 0.11067487 0.14586239 0.21528953 1.1135583 15.909091
 66.04739 65.84737 61.469982 0.9335222 0.9969715 8.935655 6.818182
 96.18846 92.56988 86.59971 0.93550634 0.96238035 9.128133 3.409091
 102.60457 99.02693 92.77575 0.936874 0.96513176 9.040378 1.1363636
 59.586823 55.83773 51.397717 0.9204836 0.9370819 9.787629 6.818182
 87.665886 53.968216 46.321735 0.85831517 0.6156125 8.799189 17.045454
 84.25013 81.384415 75.46776 0.92729986 0.96598566 7.4598217 13.157895
 121.754776 115.81686 108.39636 0.93592906 0.95123047 9.036213 5.681818
 64.17586 47.13301 42.7611 0.90724313 0.73443526 8.900659 14.772727
 104.65806 99.6648 93.12815 0.9344137 0.95228976 9.046309 1.1363636
 103.02682 98.86958 92.94921 0.9401193 0.959649 8.976171 3.409091
 117.46246 112.60317 105.207306 0.9343192 0.9586311 9.056339 3.409091
 106.497375 101.11604 94.24629 0.9320607 0.9494698 9.046283 0.0
 20.611435 17.294971 15.476589 0.89486057 0.839096 8.639532 11.904762
 111.715385 106.64924 100.5649 0.94295007 0.9546513 7.7956758 1.3157895
 83.23567 77.60134 73.56799 0.94802475 0.9323087 7.359289 10.526316
 83.43124 77.5035 72.47967 0.9351792 0.92895067 7.9592643 0.0
 121.579834 120.055176 109.88 0.91524583 0.9874596 7.1091843 1.3888888
 113.16855 114.49477 107.05341 0.93500704 1.011719 6.7562027 1.4705882
 136.03522 135.54407 126.16101 0.93077487 0.9963895 6.7686925 2.9411764
 112.356705 114.89322 107.31345 0.93402773 1.0225755 6.799529 1.4705882
 94.09952 95.16755 89.888794 0.944532 1.01135 6.645335 1.4705882
 126.43933 127.57516 118.91654 0.93212926 1.0089831 6.7089834 1.4705882
 123.84629 129.23999 120.769135 0.9344564 1.0435516 6.693086 0.0
 108.56607 111.163124 104.84517 0.94316506 1.0239215 6.6597924 1.4705882
 115.62821 112.705475 103.93606 0.9221918 0.9747229 6.827471 0.0
 98.4272 101.40491 94.7537 0.93440944 1.0302528 6.8019323 4.4117646
 125.193016 129.81105 122.06093 0.94029695 1.0368873 6.7772255 8.823529
 128.47737 131.40881 122.96381 0.93573487 1.0228168 6.7520204 1.4705882
 114.835144 119.645134 112.60105 0.9411252 1.0418861 6.7802258 1.4705882
 112.533775 116.244545 109.44822 0.9415342 1.0329747 6.7326274 0.0
 124.21387 128.2615 119.84067 0.93434626 1.0325861 6.7088814 1.4705882
 129.19557 131.58257 123.550514 0.9389581 1.0184759 6.6673274 1.4705882
 125.776955 128.53412 120.49769 0.9374763 1.021921 6.7122273 5.882353
 106.77662 109.116196 101.74164 0.9324156 1.0219109 6.741579 1.4705882
 120.62307 120.83745 109.07548 0.9026628 1.0017773 6.676668 1.4705882
 99.5044 100.61435 94.102974 0.93528384 1.0111548 6.84268 4.4117646
 60.35074 59.301403 55.061886 0.928509 0.9826127 6.660307 2.9411764
 115.16442 118.26179 111.04949 0.93901414 1.0268952 6.732765 2.9411764
 139.38101 141.97498 132.77184 0.9351778 1.0186106 6.781303 1.4705882
 102.21411 104.10996 97.48682 0.9363832 1.0185479 6.8616133 0.0
 136.07419 137.88924 128.77724 0.933918 1.0133387 6.806914 0.0
 128.42755 130.77628 122.093636 0.93360686 1.0182884 6.752271 7.352941
 132.44327 135.80296 127.04361 0.9354995 1.025367 6.751361 1.4705882
 142.43454 146.07704 136.56958 0.93491477 1.0255731 6.7608747 0.0
 136.10962 139.50278 130.31467 0.93413675 1.0249296 6.8354077 0.0
 125.61696 128.49208 120.22876 0.93569005 1.0228881 6.771272 0.0
 107.05663 104.87144 98.37234 0.93802786 0.97958845 6.696626 4.6875
 117.0331 123.96993 108.352516 0.87402254 1.0592724 4.7043004 0.0
 1.0 98.15617 95.5021 88.71479 0.9289303 0.97296065 740.0958 3.7270653 86.0
