 121.83047 122.27936 113.61973 0.9291816 1.0036845 9.019097 4.5454545
 103.54301 105.80986 98.475 0.93067884 1.0218928 9.138697 5.681818
 115.303215 115.72621 107.39916 0.92804533 1.0036685 9.117835 13.636364
 13.189301 9.018252 5.349141 0.59314615 0.68375516 8.418564 14.285714
 111.4372 118.87763 101.3222 0.8523235 1.0667679 4.020809 0.0
 108.21159 108.339165 100.49898 0.9276329 1.0011789 8.954523 2.2727273
 2.1311102 0.48937488 0.11728242 0.23965763 0.22963376 2.7706969 20.0
 95.566216 99.35172 91.4029 0.9199931 1.0396113 8.805686 1.1904762
 7.7241936 4.123643 3.5171015 0.85291123 0.5338606 8.746038 15.909091
 111.58184 113.274025 104.10555 0.9190594 1.0151654 8.046204 3.75
 110.01023 109.74838 102.01244 0.9295121 0.9976198 8.963351 4.5454545
 107.00969 113.64253 97.27862 0.8560054 1.0619836 3.9929032 2.0833333
 11.65964 8.790228 6.658309 0.75746715 0.75390214 6.0778503 15.909091
 101.34413 108.5061 92.31168 0.85075104 1.0706698 4.068516 2.0833333
 111.60987 110.044014 101.44558 0.9218637 0.98597026 8.880495 3.409091
 109.11704 109.60756 102.03267 0.9308908 1.0044953 8.964827 3.409091
 113.40102 113.13317 105.1551 0.92948073 0.9976381 8.97533 4.5454545
 109.69415 113.61412 96.163124 0.84640115 1.0357355 4.022988 4.1666665
 3.2260842 1.8644973 1.580878 0.84788436 0.5779444 8.452827 16.25
 116.02124 115.65729 107.543106 0.9298429 0.99686307 8.914189 1.1363636
 11.409977 10.521979 9.221596 0.87641263 0.9221737 9.318875 11.904762
 6.1754336 3.2941759 2.7577507 0.8371595 0.5334323 7.635786 12.5
 7.721127 7.11095 6.3880925 0.8983458 0.92097306 9.5828495 11.363636
 96.10477 96.4397 89.46323 0.92765975 1.0034851 8.955985 3.409091
 91.8908 89.06283 82.4795 0.92608225 0.96922463 8.985364 4.5454545
 99.617935 102.06017 94.26061 0.9235788 1.0245161 8.478993 2.3809524
 112.77739 113.240265 105.30149 0.9298944 1.0041044 9.024982 3.409091
 114.64506 113.88127 105.228516 0.92401946 0.99333787 9.098892 4.5454545
 112.58666 109.534386 100.817696 0.92042047 0.97288954 8.66019 6.818182
 115.49059 115.200035 105.76245 0.9180765 0.99748415 9.048273 3.409091
 119.395996 126.29684 107.73013 0.8529916 1.0577979 4.041056 0.0
 88.62967 86.72736 80.60754 0.92943597 0.97853655 9.010197 12.5
 93.55416 93.21264 85.64392 0.91880167 0.99634945 8.595977 1.1363636
 11.961812 9.997721 9.005878 0.9007931 0.8358032 8.299558 13.636364
 10.613254 9.529698 8.541073 0.8962585 0.89790547 7.6866145 10.227273
 1.9188967 0.56164175 0.12236768 0.21787496 0.29268995 2.579628 15.0
 117.21665 120.79915 110.76552 0.91693956 1.030563 7.4229255 13.157895
 3.887738 3.3431723 2.7656786 0.82726175 0.85992736 8.592795 15.0
 108.25354 108.462585 100.674126 0.9281922 1.0019311 9.0230665 9.090909
 115.32371 117.926476 107.91297 0.91508687 1.0225693 7.439316 9.210526
 10.91779 8.484522 7.5781455 0.893173 0.7771281 8.542556 13.636364
 8.9985695 8.967734 8.170445 0.91109365 0.9965734 9.465303 10.227273
 94.4196 89.06831 81.68907 0.9171508 0.9433244 8.95011 9.090909
 12.559741 12.679943 11.631664 0.9173277 1.0095705 9.871035 6.818182
 73.60088 72.13141 66.13106 0.9168136 0.9800345 8.892053 6.818182
 9.196595 7.9943557 7.567692 0.9466294 0.86927336 8.009056 14.772727
 107.81721 106.75658 99.1431 0.92868376 0.99016273 8.832983 4.5454545
 14.980523 13.869453 12.195339 0.8792948 0.92583245 9.307828 11.363636
 7.6501937 5.1503158 4.5373325 0.88098145 0.67322683 8.565886 14.772727
 12.296808 10.662968 10.008891 0.938659 0.86713296 9.34042 13.636364
 114.338974 112.76815 104.48202 0.92652065 0.98626167 8.922806 9.090909
 114.89879 114.41135 106.42231 0.9301726 0.9957577 8.8988285 11.363636
 110.34138 110.700836 103.14481 0.93174374 1.0032576 9.008735 2.2727273
 8.612879 6.5369787 5.2536397 0.8036801 0.75897723 6.5530825 14.285714
 6.608111 5.2727823 4.73412 0.897841 0.79792583 9.331068 10.227273
 3.1416104 0.8999899 0.17981218 0.19979353 0.28647408 1.8462466 19.318182
 114.010284 118.24048 109.57827 0.92674077 1.0371037 8.522121 1.1904762
 9.144198 9.37043 8.716968 0.9302634 1.0247405 9.150622 10.227273
 111.176 110.07146 101.685684 0.9238152 0.99006486 8.882826 4.5454545
 96.28984 93.770706 87.16794 0.929586 0.97383803 8.938147 4.5454545
 1.7283248 0.47041827 0.21259075 0.45191857 0.27218163 1.8417699 20.3125
 89.24928 82.04727 76.742744 0.9353479 0.91930455 7.0420823 4.1666665
 9.650572 6.165118 4.1958637 0.6805812 0.6388345 7.355171 15.625
 112.32249 115.58664 107.36743 0.9288914 1.0290605 5.6759896 1.6666666
 115.06907 113.674576 106.11803 0.93352467 0.98788124 6.160138 6.25
 100.52328 95.98856 88.759544 0.92468876 0.95488894 6.2076335 0.0
 10.827378 9.929346 8.709743 0.8771719 0.9170591 5.5571976 8.928572
 46.695465 46.466873 41.9849 0.9035448 0.9951047 5.2734203 3.5714285
 102.5118 101.759254 91.49982 0.89917934 0.9926589 4.52931 3.8461537
 1.0 68.87484 68.53619 62.594894 0.91331154 0.99508303 536.94055 8.10392 69.0
