 102.35099 101.78401 95.905685 0.9422471 0.99446046 8.863396 5.681818
 99.66666 96.09914 88.479645 0.9207122 0.96420544 6.7109118 10.294118
 73.91149 75.714935 71.4562 0.94375306 1.0244 8.7969885 1.1363636
 76.87455 74.7483 69.06017 0.923903 0.97234124 8.9039545 11.363636
 76.65222 76.5131 71.851265 0.9390714 0.998185 9.0901575 1.1363636
 77.68692 76.46051 72.120445 0.9432378 0.9842134 8.7748165 9.090909
 15.734046 13.420738 12.456318 0.92813957 0.85297436 8.472134 11.363636
 76.58583 73.941414 65.84591 0.89051455 0.9654712 5.0692077 8.928572
 88.687645 84.4629 79.361275 0.9395993 0.95236367 8.787669 7.9545455
 91.45026 91.44288 86.406075 0.94491863 0.9999193 8.788815 4.5454545
 12.096087 11.285652 10.163695 0.90058553 0.93300027 7.5794997 13.636364
 82.51573 81.74439 76.73144 0.9386752 0.9906522 8.807643 5.681818
 83.234886 80.55227 75.95601 0.94294065 0.9677705 8.764707 5.681818
 92.98058 92.90142 86.19332 0.92779344 0.9991486 8.740127 3.409091
 1.9105908 0.81684214 0.31760442 0.3888198 0.42753384 4.4705615 22.058823
 12.974227 13.39887 12.569731 0.9381187 1.0327299 9.013602 9.090909
 1.5719383 0.47997925 0.103365436 0.21535398 0.3053423 1.5408947 25.0
 3.9389584 0.99726635 0.16483238 0.16528422 0.25318024 1.6654387 18.181818
 25.750746 13.471296 12.112853 0.8991602 0.523142 8.200651 18.181818
 72.737915 71.839516 67.85646 0.9445561 0.98764884 8.811879 5.681818
 99.26224 98.530075 92.916534 0.9430272 0.9926239 8.738561 7.9545455
 12.7843895 11.662368 10.66623 0.9145853 0.9122351 8.8182125 10.227273
 4.2896 2.3039908 1.06423 0.4619072 0.53711087 6.9707747 11.363636
 91.88489 90.945244 82.23656 0.9042425 0.98977363 5.7390223 8.333333
 84.30528 84.5391 79.72379 0.9430404 1.0027735 8.825906 10.227273
 11.490859 0.8627794 0.5391056 0.6248476 0.07508397 7.95788 16.666666
 84.79161 83.86614 78.86505 0.9403681 0.9890854 8.851837 7.9545455
 75.968445 71.91096 66.908226 0.9304316 0.9465899 7.147477 0.0
 98.89283 97.244316 90.99477 0.9357335 0.9833303 7.868261 7.5
 87.53946 88.70761 84.26993 0.949974 1.0133443 8.771185 7.9545455
 74.69776 73.9857 69.98279 0.9458961 0.9904675 8.787527 5.681818
 5.759912 4.090996 2.089397 0.5107306 0.7102532 6.10931 13.636364
 73.79371 69.52621 63.360687 0.9113209 0.9421698 6.661978 8.823529
 88.48022 88.93467 83.566956 0.9396443 1.0051363 8.804081 1.1363636
 81.5567 78.501854 69.74703 0.88847625 0.96254325 4.5057483 15.384615
 7.0396934 5.438149 4.833784 0.88886565 0.772498 9.779976 11.363636
 76.40965 74.18514 69.49053 0.9367177 0.97088706 8.740472 5.681818
 92.92722 91.66285 85.41615 0.9318514 0.9863939 7.774893 8.75
 83.92252 73.41699 67.778984 0.9232057 0.87481874 6.9790835 6.9444447
 78.88431 76.191505 68.45324 0.8984366 0.965864 5.061692 7.142857
 88.23041 91.999535 82.09218 0.89231074 1.0427191 4.389486 7.6923075
 2.1682944 0.71769476 0.14691885 0.20470938 0.33099505 1.7290692 15.0
 78.50912 76.643585 71.33776 0.9307727 0.976238 8.669607 5.681818
 80.20187 80.35014 76.645355 0.953892 1.0018487 8.514476 2.2727273
 90.748505 90.571144 85.13454 0.9399741 0.9980456 8.858748 2.2727273
 10.272228 10.072094 9.209931 0.9144009 0.9805169 8.472314 11.363636
 81.69721 81.608696 77.377846 0.94815683 0.99891657 8.702158 7.9545455
 76.85775 75.08287 70.84637 0.94357556 0.97690696 8.804282 7.9545455
 98.34104 99.301125 93.70294 0.94362414 1.0097628 8.8865795 1.1363636
 1.4639586 0.39906636 0.08596561 0.21541683 0.272594 2.5081716 17.5
 77.40042 77.46867 73.14639 0.94420606 1.0008819 8.779873 5.681818
 19.328285 6.652646 2.99054 0.4495264 0.34419224 4.400196 14.772727
 1.6675143 0.45051265 0.096708745 0.21466377 0.27017018 2.8050432 18.75
 11.832171 10.429816 9.648905 0.925127 0.88147944 9.528142 17.045454
 93.56374 94.105385 88.81516 0.94378406 1.005789 8.841658 5.681818
 74.0268 71.42079 66.490295 0.9309656 0.96479636 8.918537 6.818182
 78.136536 74.67922 70.02603 0.937691 0.95575297 8.956792 6.818182
 80.80455 79.55784 74.29104 0.93379915 0.9845713 8.731278 5.681818
 78.444145 75.60762 71.19617 0.9416534 0.9638402 8.655268 3.409091
 14.361351 13.704403 11.766809 0.8586152 0.9542559 9.989474 11.363636
 8.463038 6.4825363 5.972975 0.9213947 0.76598215 7.9909115 11.363636
 95.1922 93.50919 88.08315 0.9419732 0.98231995 8.788001 9.090909
 14.526005 14.137104 13.149262 0.9301242 0.97322726 9.388912 14.772727
 74.028114 72.415436 68.08283 0.94017017 0.9782154 8.810643 5.681818
 77.414856 76.63201 72.39297 0.9446832 0.98988765 8.762277 9.090909
 64.5259 63.65358 57.47747 0.9029732 0.986481 8.61518 2.2727273
 76.61261 76.485756 72.01546 0.9415538 0.9983443 7.6949263 11.25
 85.938995 85.54379 80.640076 0.942676 0.9954013 8.815311 7.9545455
 70.215164 68.18174 63.97092 0.93824124 0.97104007 8.6761675 9.090909
 94.3839 90.21932 82.97295 0.91968054 0.9558761 6.617392 8.823529
 45.745552 21.709888 18.946407 0.8727086 0.47457922 8.089693 12.5
 8.082665 6.774741 5.1044016 0.753446 0.83818156 7.3949356 12.5
 97.85813 97.22573 91.63239 0.94247067 0.99353755 8.882089 14.772727
 89.22521 86.59572 81.03785 0.9358182 0.9705296 8.715556 10.227273
 83.19049 79.19851 73.80508 0.93189985 0.9520139 8.704762 14.772727
 91.52663 90.99399 85.88078 0.94380724 0.9941805 8.661924 5.681818
 79.785446 76.59849 71.915344 0.93886113 0.96005595 8.914848 10.227273
 78.170494 73.797844 68.51293 0.9283866 0.9440626 8.930215 14.772727
 88.43573 88.07848 83.09048 0.9433686 0.9959605 8.7610445 10.227273
 91.07478 90.34206 84.25349 0.9326054 0.9919546 8.78777 9.090909
 92.7749 91.20058 84.04543 0.92154497 0.9830307 8.743556 7.9545455
 71.5044 69.85883 62.267086 0.8913273 0.97698647 4.494766 9.615385
 59.340256 21.506891 14.321023 0.6658807 0.3624334 5.302444 10.294118
 87.62497 89.122406 79.15649 0.88817716 1.0170892 4.4922686 7.6923075
 76.77193 76.40842 68.32777 0.8942439 0.99526507 4.505029 1.9230769
 103.5127 98.829384 92.971756 0.94072986 0.95475614 8.783338 15.909091
 73.031654 72.49046 68.323105 0.9425116 0.9925896 8.851432 9.090909
 90.17542 78.409 66.136375 0.84347945 0.8695162 9.79124 7.9545455
 50.136425 48.874687 45.69714 0.9349858 0.9748339 8.938963 3.409091
 76.32135 75.32093 70.98949 0.94249344 0.9868921 8.703243 7.9545455
 87.88125 82.204895 75.71667 0.9210724 0.9354088 9.092359 9.090909
 16.698196 15.48027 14.088949 0.910123 0.92706245 8.392203 12.5
 79.95591 79.12341 74.3974 0.94027036 0.9895881 8.71208 5.681818
 88.23146 83.330795 78.228645 0.9387723 0.9444567 8.74754 9.090909
 5.563435 2.2921317 1.1717701 0.51121414 0.41199937 5.3958335 17.045454
 86.89898 79.721535 74.92194 0.9397956 0.9174047 8.684365 12.5
 14.858423 15.226331 14.573797 0.9571444 1.0247608 8.317325 11.363636
 13.001564 10.856074 9.695272 0.8930735 0.83498216 10.325904 13.636364
 84.04687 82.634384 77.990166 0.943798 0.9831941 8.785559 13.636364
 15.656616 15.426422 14.735497 0.9552116 0.9852973 9.334845 10.227273
 92.53164 92.738434 87.06817 0.93885744 1.0022348 8.948524 2.2727273
 2.8252625 0.60335076 0.16948001 0.28089797 0.21355563 1.7775259 15.384615
 14.531645 14.172754 13.168049 0.9291101 0.9753028 8.830542 12.5
 73.70443 72.66177 68.40514 0.9414185 0.9858536 8.951514 4.5454545
 81.74023 80.3717 74.82857 0.9310313 0.98325753 8.729831 5.681818
 82.46194 78.21499 71.75835 0.9174501 0.9484981 6.8587623 8.823529
 74.4948 73.5545 69.07897 0.9391537 0.98737764 8.68953 1.1363636
 15.274777 14.373852 13.43118 0.9344176 0.9410187 5.443234 13.157895
 67.01375 64.04705 59.891277 0.9351138 0.9557299 8.153777 3.5714285
 68.18623 67.40917 63.055267 0.93541074 0.9886039 8.130376 13.095238
 87.41815 85.70388 79.68613 0.92978436 0.98038995 7.4473076 13.75
 83.13612 79.424225 73.80602 0.9292634 0.95535153 7.115581 7.894737
 75.00217 72.52884 67.83584 0.9352947 0.96702325 7.072857 11.842105
 69.10939 68.607124 64.05352 0.93362784 0.99273235 7.1719503 9.210526
 83.55193 80.768036 76.00984 0.9410882 0.9666806 6.8459663 2.7777777
 6.7429953 4.609238 4.2805386 0.9286868 0.6835595 5.72117 14.705882
 87.51602 67.02437 61.64742 0.91977626 0.7658525 6.452784 11.764706
 92.07567 86.68607 82.30525 0.94946337 0.9414656 6.4166994 2.9411764
 94.5095 82.46848 74.968895 0.90906113 0.87259465 4.2931395 8.333333
 84.583084 83.99244 77.51108 0.9228339 0.993017 6.0559087 0.0
 4.1263576 1.1648897 0.52637327 0.45186535 0.28230458 3.6149824 10.9375
 72.9372 69.58277 63.532185 0.91304475 0.9540093 5.2582283 11.666667
 26.756563 29.712427 27.610895 0.9292709 1.1104726 5.2354636 11.666667
 17.12085 18.864489 16.6709 0.88371867 1.101843 3.971852 0.0
 1.0 62.64341 60.04503 55.734325 0.9282088 0.95852107 478.9562 9.2263975 124.0
