 0.7270691 0.18675731 0.0486862 0.26069233 0.25686324 1.8529501 25.0
 11.263494 11.516791 10.993162 0.9545334 1.0224884 7.8042583 12.5
 102.997116 99.34767 93.31373 0.9392644 0.96456754 8.806331 7.9545455
 2.6361153 0.85917974 0.16361767 0.19043474 0.32592645 2.0169575 21.25
 87.58501 83.08282 77.68214 0.93499637 0.94859636 8.739686 10.227273
 90.14699 86.98686 80.02149 0.91992617 0.9649448 7.7972426 7.5
 85.596756 82.00445 72.13229 0.8796144 0.9580322 4.2083297 9.615385
 96.608955 93.27187 87.6546 0.9397753 0.9654578 8.710354 11.363636
 92.46432 83.59381 76.325195 0.9130484 0.9040656 6.685844 9.722222
 97.10384 88.463 81.669716 0.92320764 0.9110144 6.8033915 9.722222
 92.991585 88.22134 81.26655 0.9211666 0.9487024 8.669515 4.5454545
 94.31737 91.52358 86.0293 0.9399687 0.9703789 8.788958 13.636364
 96.45859 84.2342 77.362816 0.91842526 0.87326807 6.878011 12.5
 6.3145223 5.7350426 5.3392367 0.9309846 0.90823066 8.51239 13.636364
 97.74973 92.85649 86.9305 0.9361812 0.9499411 8.79439 3.409091
 85.97682 81.945724 76.90224 0.9384533 0.95311415 8.869211 10.227273
 10.960195 9.432242 8.623924 0.91430265 0.86059076 7.5708323 12.5
 88.12082 83.71025 78.69036 0.9400326 0.9499486 8.686147 7.9545455
 86.1493 78.568504 73.190895 0.93155515 0.912004 8.757891 11.363636
 83.255135 72.9871 66.94597 0.9172301 0.8766678 8.523279 14.772727
 79.24864 75.731384 71.13424 0.93929666 0.9556175 8.676773 9.090909
 10.636295 9.812741 9.51577 0.96973616 0.9225713 7.538999 17.045454
 6.4365673 4.6086984 4.2906237 0.9309839 0.716018 8.609856 13.636364
 98.245834 95.36313 86.66824 0.9088234 0.97065824 5.8296056 1.5625
 98.396774 95.17902 89.38691 0.9391451 0.96729815 8.840145 12.5
 15.674643 15.288626 14.324714 0.9369523 0.97537315 8.652343 10.227273
 91.30008 87.309006 82.042404 0.9396786 0.9562862 8.846736 5.681818
 104.22676 99.08689 92.88774 0.93743724 0.95068574 8.861138 7.9545455
 10.32507 3.2117698 0.8520766 0.26529816 0.3110652 2.1587355 15.789474
 18.764442 17.377876 16.092136 0.9260129 0.9261067 8.464703 10.227273
 3.084874 1.3838084 0.42295703 0.3056471 0.4485786 4.094937 14.772727
 90.02242 82.66426 77.05809 0.93218136 0.918263 8.929507 9.090909
 94.28758 84.33887 79.448616 0.9420166 0.8944855 9.015633 17.045454
 91.264786 88.92911 83.17125 0.9352533 0.97440773 8.932664 6.818182
 85.65107 82.23788 76.1773 0.9263042 0.96015006 8.624049 2.2727273
 8.640829 6.1940637 5.2593102 0.84908885 0.71683675 9.370603 11.363636
 10.244337 8.5625 7.384416 0.86241347 0.83582765 4.973415 7.9545455
 96.37692 92.54042 82.87778 0.8955846 0.96019274 4.7720118 1.7857143
 4.775667 3.7293289 3.4629483 0.9285714 0.78090215 7.6356378 17.045454
 105.77242 99.523796 92.90675 0.933513 0.94092387 8.827708 6.818182
 91.98224 87.493484 81.11238 0.9270677 0.9511997 8.735723 12.5
 85.75992 82.955154 77.906586 0.9391409 0.9672952 8.802878 5.681818
 21.255386 18.740402 13.641777 0.72793406 0.8816778 7.1350303 9.090909
 102.30207 98.492485 92.4629 0.9387812 0.9627614 8.796648 5.681818
 8.102172 6.84716 6.523685 0.9527578 0.8451017 8.403272 14.772727
 89.36018 84.201706 78.98437 0.93803763 0.94227314 8.605501 5.681818
 0.6331714 0.15062141 0.0435127 0.28888786 0.2378841 2.549266 25.0
 83.73871 79.65645 74.97831 0.941271 0.9512501 8.75656 3.409091
 11.708679 9.155808 8.6243 0.94194853 0.7819677 8.722079 13.636364
 79.715454 74.622086 69.48085 0.9311031 0.9361056 8.453202 5.681818
 8.432088 6.570879 5.6853275 0.8652309 0.7792707 8.249824 17.045454
 91.01527 80.4363 69.70688 0.86660975 0.8837672 3.8289206 2.0833333
 99.11958 91.27472 85.23786 0.93386054 0.92085457 9.115486 9.090909
 75.03405 66.18306 61.571793 0.93032557 0.88204044 8.538744 14.772727
 88.83019 82.20303 76.06766 0.9253631 0.9253952 7.1061378 9.210526
 14.316352 13.962043 13.059128 0.93533075 0.97525144 9.4934845 15.909091
 92.41677 88.71972 82.76984 0.93293613 0.95999587 8.616357 7.9545455
 85.72163 81.71049 76.82984 0.940269 0.95320743 8.828546 5.681818
 94.7483 86.844086 80.93346 0.9319397 0.9165767 8.752393 12.5
 83.78495 81.19349 74.96187 0.9232497 0.96907 8.622033 0.0
 98.26449 94.89877 89.22618 0.9402248 0.9657484 8.790129 10.227273
 7.829487 7.080119 6.797625 0.9601004 0.904289 9.216238 12.5
 75.346306 71.62628 67.24307 0.9388045 0.9506276 8.806228 14.772727
 63.194206 57.16079 53.364887 0.9335926 0.9045258 8.697131 10.227273
 84.03335 76.21826 70.58752 0.9261235 0.9070001 8.742562 11.363636
 87.74632 83.865166 79.067444 0.9427925 0.9557684 8.789352 6.818182
 93.23796 89.539085 84.10068 0.93926215 0.9603287 8.794244 3.409091
 10.84362 8.888534 8.036257 0.90411496 0.8197017 8.621906 11.363636
 89.85432 83.23886 76.78182 0.92242765 0.92637575 8.190528 11.904762
 14.968597 12.870416 10.884521 0.84570074 0.85982776 9.110058 11.363636
 7.694741 6.7105603 6.3048887 0.93954724 0.872097 8.257396 10.227273
 93.59008 88.64037 81.54072 0.9199049 0.94711286 8.641275 4.5454545
 98.14352 94.280876 88.13736 0.93483824 0.96064293 8.201414 4.7619047
 82.43234 81.1378 75.818756 0.93444425 0.9842957 7.899905 1.25
 87.361946 80.78857 76.60203 0.94817907 0.92475694 7.7611065 12.5
 99.21369 95.8546 90.599464 0.945176 0.9661428 7.953121 3.75
 86.81867 84.2015 78.41545 0.9312833 0.9698547 7.516772 6.5789475
 84.65408 79.336624 73.36471 0.9247269 0.937186 6.969891 11.111111
 93.06568 96.37755 90.24376 0.93635666 1.0355864 6.13823 10.9375
 87.1071 86.90549 77.930275 0.8967244 0.9976855 5.0264373 8.928572
 91.69154 88.13847 78.59756 0.8917509 0.96124977 4.4642596 11.538462
 1.0 66.39344 62.478676 57.912075 0.92690945 0.9410368 500.4305 10.043803 81.0
