 138.49686 137.13213 122.86245 0.8959421 0.9901461 4.4175034 0.0
 17.712471 16.844318 13.559154 0.80496895 0.95098644 7.7122555 8.823529
 117.389145 117.00788 108.826225 0.930076 0.99675214 9.579271 1.1363636
 134.15309 109.34879 99.40131 0.9090298 0.81510454 4.8607464 12.5
 135.61963 134.40602 126.07393 0.938008 0.9910514 9.631688 1.1363636
 24.342342 19.191055 16.471083 0.8582688 0.7883816 3.6206114 8.333333
 10.9640665 7.0445986 4.8944316 0.6947779 0.642517 3.5223148 8.333333
 123.44624 100.36534 90.52721 0.90197676 0.8130287 6.61742 13.235294
 117.49407 116.233955 108.52403 0.933669 0.98927504 9.62908 1.1363636
 131.29066 132.58635 121.45762 0.91606426 1.0098689 9.715068 4.5454545
 116.709015 113.295135 99.806816 0.88094527 0.97074884 9.616487 6.818182
 14.13176 13.10969 11.596261 0.88455653 0.9276756 7.914536 8.75
 12.868361 11.92735 10.720953 0.8988545 0.92687404 9.700812 10.227273
 10.496631 9.981652 9.54123 0.95587677 0.9509387 8.561436 10.227273
 117.48759 114.876724 107.14302 0.9326782 0.97777754 9.751465 1.1363636
 17.802916 13.036643 11.018809 0.8452183 0.7322757 10.289786 13.636364
 120.33139 119.10652 111.39511 0.9352561 0.9898209 9.734003 9.090909
 136.31194 129.08531 114.23739 0.88497585 0.94698477 3.9104702 2.0833333
 117.971695 117.220314 104.959206 0.8954012 0.9936308 4.4651775 11.538462
 9.921743 9.7091255 9.073988 0.9345835 0.9785705 9.794107 11.904762
 16.009815 15.662276 14.6734495 0.9368657 0.9782922 9.505476 12.5
 22.455631 19.714516 17.101564 0.8674605 0.87793195 7.785194 10.227273
 6.4807982 3.3904288 2.1609342 0.6373631 0.5231499 3.776479 14.772727
 20.744743 22.399553 19.698673 0.87942255 1.0797701 10.605373 5.681818
 134.0181 130.39607 116.05368 0.890009 0.9729737 4.378829 9.615385
 120.43311 117.298874 107.87768 0.91968215 0.97397524 9.598945 1.1363636
 140.49365 141.93509 133.40253 0.93988407 1.0102599 9.7536125 1.1363636
 128.19742 128.42001 116.73942 0.90904385 1.0017364 6.0284014 1.5625
 112.63477 112.522446 106.16408 0.9434925 0.99900275 9.597319 9.090909
 129.41634 126.72719 112.97673 0.8914956 0.9792209 4.3823986 5.769231
 10.809209 9.61476 9.106799 0.94716865 0.8894971 9.553903 12.5
 13.050764 11.880578 7.425872 0.625043 0.91033584 6.0848637 9.090909
 10.306146 9.668483 8.959427 0.92666316 0.9381279 10.004501 5.681818
 132.65216 131.15807 123.00449 0.937834 0.9887367 9.660592 1.1363636
 118.309364 119.350296 110.23608 0.92363477 1.0087984 9.441701 1.1363636
 123.57542 120.94283 108.22207 0.89482 0.9786965 9.385051 4.5454545
 114.54341 112.80926 105.42898 0.9345774 0.9848603 9.783508 1.1363636
 67.69517 69.09142 65.82522 0.9527263 1.0206257 10.057067 2.2727273
 10.152153 9.220292 8.012649 0.8690233 0.9082105 8.5462675 9.090909
 14.858158 14.10932 13.255028 0.93945193 0.9496009 9.401077 12.5
 121.86813 118.98022 111.214836 0.93473387 0.9763029 9.748725 11.363636
 124.90895 124.40593 116.7076 0.9381193 0.9959729 9.687526 0.0
 119.36284 114.998055 105.704666 0.9191866 0.9634326 8.631816 3.75
 12.882468 12.539675 11.482084 0.91566044 0.9733907 5.7206516 9.375
 13.547765 13.644687 12.882201 0.9441185 1.0071541 10.386939 6.818182
 143.39404 144.16946 133.79698 0.9280536 1.0054076 7.220547 1.3888888
 114.82288 111.3395 103.47148 0.92933303 0.96966296 9.748606 1.1363636
 12.376417 11.8276 11.028721 0.9324564 0.95565623 9.238642 10.227273
 119.59305 118.623405 109.74384 0.9251449 0.99189216 9.731737 6.818182
 14.599146 11.310909 9.989477 0.8831719 0.7747651 6.3629904 11.363636
 115.51881 110.64368 102.934006 0.93031985 0.95779794 9.655542 10.227273
 117.67954 116.97177 106.25301 0.9083646 0.99398565 9.290346 2.2727273
 125.26841 125.08114 117.688354 0.9408961 0.99850506 9.7964115 0.0
 126.340065 126.126785 116.40492 0.9229199 0.9983118 9.684891 4.5454545
 112.908195 111.43556 104.46404 0.937439 0.98695725 9.397657 1.1363636
 2.2291594 0.7194622 0.33578146 0.4667117 0.32275048 5.7909265 19.736841
 118.11006 117.60717 110.576935 0.94022274 0.9957422 9.712406 1.1363636
 4.0423775 1.1315873 0.32601655 0.28810552 0.27993116 3.666372 17.857143
 7.2457705 4.7811456 4.1988935 0.8782191 0.65985334 7.839465 12.5
 15.791191 14.208416 12.8646345 0.9054236 0.8997685 9.355375 5.681818
 123.09741 122.15925 114.028404 0.93344057 0.9923787 9.676169 9.090909
 2.9637759 0.7558754 0.1739325 0.23010735 0.25503796 1.7411183 18.75
 5.0211573 2.2034504 1.4531765 0.6595004 0.43883318 4.183157 15.909091
 20.141504 17.024149 16.047457 0.94262904 0.84522724 8.959257 13.636364
 130.25931 129.58952 117.67347 0.9080477 0.994858 9.505789 1.1363636
 13.383828 13.452596 12.55837 0.93352765 1.005138 7.2018137 5.5555553
 17.147444 18.882656 16.133432 0.8544048 1.1011937 8.011802 7.9545455
 12.428949 11.66401 9.785053 0.83890986 0.93845505 7.1260185 11.363636
 126.5053 119.79126 104.90995 0.875773 0.9469268 3.9200716 2.0833333
 121.827324 121.91391 113.8564 0.93390816 1.0007107 9.695386 6.818182
 155.46227 154.43378 139.54097 0.9035651 0.99338424 4.4245934 1.9230769
 6.06797 4.081395 3.300202 0.8085965 0.67261297 6.9368877 13.75
 15.054938 15.365011 13.967148 0.9090229 1.0205961 9.364658 11.363636
 134.76662 138.84694 129.2655 0.9309928 1.0302769 7.275896 1.3888888
 105.179085 101.80468 94.64016 0.9296249 0.9679175 9.66378 7.9545455
 18.461048 14.979264 10.25409 0.6845523 0.81139845 8.239947 9.090909
 163.88454 165.51785 150.93874 0.91191816 1.0099664 5.545053 0.0
 4.177042 1.5607678 0.74632937 0.47818094 0.3736538 5.728413 14.285714
 8.838388 5.7283583 5.0541606 0.88230526 0.6481225 9.952246 15.909091
 20.107456 21.341316 18.707598 0.87659055 1.0613633 10.052165 6.818182
 96.737404 90.608986 84.01273 0.92720085 0.93664896 9.517257 3.409091
 108.73286 108.31102 101.6802 0.9387798 0.99612045 9.874424 13.636364
 111.01838 110.08757 102.55609 0.93158644 0.9916157 9.684849 1.1363636
 128.14545 125.29603 115.98768 0.9257091 0.9777642 9.602909 1.1363636
 132.67442 128.99658 117.44259 0.9104318 0.97227925 7.7508535 1.3157895
 11.114291 3.3444655 1.3042372 0.3899688 0.30091578 3.4446487 17.045454
 129.48695 130.14922 122.32989 0.9399203 1.0051144 9.561326 11.363636
 7.4257812 6.029771 5.2603593 0.87239784 0.812005 9.315711 17.045454
 113.48783 110.691154 102.47651 0.92578775 0.975357 8.407513 2.5
 112.53449 100.84816 98.338356 0.97511303 0.8961534 9.626367 3.409091
 15.685598 14.915412 13.714062 0.9194558 0.95089847 7.8995366 3.409091
 131.97658 131.51408 122.820656 0.9338974 0.9964956 9.625413 1.1363636
 105.72428 104.662346 95.09664 0.9086042 0.9899556 7.23017 4.1666665
 132.70793 131.62575 122.01636 0.9269946 0.99184537 7.982806 11.842105
 18.429073 18.6744 16.322536 0.8740595 1.013312 10.177036 4.5454545
 14.689086 14.481897 13.3756695 0.92361313 0.98589504 9.691875 9.090909
 116.60028 114.8257 107.250206 0.9340262 0.9847806 9.806474 1.1363636
 18.852509 16.027084 14.952479 0.93295074 0.8501301 7.446938 7.894737
 127.48701 126.79402 119.21614 0.94023466 0.9945643 9.606499 6.818182
 123.190605 120.92949 109.63835 0.9066304 0.9816454 9.527683 2.2727273
 15.612306 13.205982 11.543371 0.8741017 0.8458701 7.067582 9.722222
 136.62062 136.10596 128.4227 0.9435495 0.99623287 9.553584 0.0
 13.99859 13.106812 12.098568 0.92307484 0.9362951 9.073873 13.636364
 116.38054 113.43804 104.38855 0.9202252 0.9747166 8.530382 8.75
 17.616785 14.300543 13.339714 0.93281174 0.8117567 9.572575 17.045454
 19.405998 18.215113 13.8538685 0.76057 0.93863314 9.135768 11.363636
 128.46579 103.78456 88.17531 0.8495995 0.807877 7.4623723 3.409091
 125.12415 123.52428 116.33824 0.9418249 0.9872137 9.594718 1.1363636
 18.361963 15.210007 13.550324 0.89088225 0.82834315 6.5501285 17.045454
 148.12442 150.95047 135.63107 0.8985138 1.0190789 4.8392925 3.5714285
 113.14275 110.70317 103.8558 0.93814653 0.978438 9.443396 1.1363636
 130.10965 128.52887 119.44903 0.9293556 0.98785037 7.891358 1.3157895
 99.14231 93.033676 86.533966 0.9301359 0.9383852 8.931692 5.952381
 17.638893 16.485283 14.533046 0.88157696 0.93459857 10.008791 6.25
 112.193954 110.249954 100.755295 0.9138806 0.98267287 4.472574 9.615385
 127.79277 127.57283 114.62061 0.89847195 0.998279 5.0673466 3.5714285
 127.09835 124.06229 111.74832 0.9007437 0.9761125 8.597467 2.5
 116.232544 114.13169 104.975204 0.9197726 0.9819254 8.2895975 1.3157895
 4.3840203 1.0494634 0.30539593 0.29100198 0.23938377 2.175591 17.105263
 125.78086 128.27448 112.56232 0.87751144 1.019825 4.060808 12.5
 108.611435 114.353096 106.29467 0.9295304 1.0528642 7.973503 5.263158
 104.67024 101.09923 93.729324 0.9271023 0.96588314 7.920873 5.263158
 150.30998 147.22086 130.1903 0.8843198 0.97944826 3.9822676 8.333333
 107.84415 106.901375 97.950645 0.9162712 0.991258 8.155555 1.3157895
 145.3045 146.98808 131.37961 0.8938113 1.0115865 4.637827 1.9230769
 115.712715 111.134056 100.050644 0.90026987 0.9604308 6.946396 8.823529
 115.52457 113.83245 103.79921 0.9118595 0.9853528 7.606806 0.0
 17.258343 18.343071 16.809225 0.9163801 1.0628523 7.865065 1.3888888
 22.962091 21.075287 17.713993 0.84051013 0.9178296 7.071295 6.9444447
 121.26098 116.198944 101.43632 0.87295383 0.95825505 4.164506 0.0
 137.32927 139.98369 129.20764 0.9230193 1.0193288 7.528844 1.3888888
 108.7536 105.17624 95.59457 0.9088989 0.9671058 7.6213603 2.7777777
 105.28292 102.5816 94.46013 0.9208292 0.9743422 7.549717 8.333333
 125.568985 127.36793 116.59565 0.9154239 1.0143263 7.0078125 1.4705882
 128.315 125.27443 112.94584 0.90158737 0.9763038 7.113019 7.352941
 104.80942 104.91004 95.967865 0.91476333 1.0009601 7.1321893 1.4705882
 76.77874 66.911194 61.41167 0.9178086 0.8714808 6.801705 13.235294
 117.16232 118.945625 108.523285 0.91237724 1.0152208 7.123791 11.764706
 115.21748 112.694855 101.67626 0.9022263 0.9781055 6.922685 2.9411764
 118.54197 117.86041 107.16931 0.90929013 0.99425054 6.968088 1.4705882
 126.39114 127.45452 117.49989 0.92189664 1.0084134 7.0268164 1.4705882
 21.83432 20.385223 14.844473 0.7281977 0.93363214 6.5961995 5.882353
 115.12834 116.10024 105.55915 0.909207 1.0084419 7.12467 1.4705882
 17.349089 14.923205 12.672923 0.84920925 0.8601723 4.913243 7.6923075
 125.87897 122.921906 111.41892 0.9064204 0.9765087 6.4749517 0.0
 92.05177 87.047195 78.51973 0.90203625 0.94563305 6.507531 6.25
 115.41236 110.37981 99.89447 0.9050067 0.95639503 6.487219 0.0
 108.571465 102.88488 92.278984 0.8969149 0.9476236 6.614013 1.5625
 113.5434 110.05032 99.7006 0.90595466 0.9692357 6.534258 1.5625
 115.68017 113.25665 102.385796 0.9040157 0.97904986 6.5481753 4.6875
 93.25006 90.36593 80.0011 0.8853016 0.96907103 5.8353972 5.0
 4.8400245 1.723526 0.6786003 0.3937279 0.35609862 1.9795454 16.666666
 22.90562 25.325987 23.270775 0.91884965 1.105667 6.42908 1.6666666
 121.932335 116.54086 103.90091 0.8915406 0.9557831 5.8722873 5.0
 114.31125 107.059586 95.84336 0.8952338 0.9365621 5.9786396 5.0
 115.02908 106.78594 95.674545 0.89594704 0.92833865 5.8987904 5.0
 125.55204 123.32412 108.37412 0.87877476 0.98225504 5.3429494 0.0
 105.361336 104.34735 90.8906 0.8710389 0.99037606 5.201361 3.5714285
 117.90339 114.206406 99.08162 0.8675662 0.96864396 5.2665462 8.928572
 124.21159 119.58479 104.25054 0.8717709 0.9627506 5.345387 8.928572
 4.0383873 0.9345527 0.27261716 0.29170868 0.23141731 1.9958163 15.384615
 116.687706 111.304306 96.82747 0.8699346 0.9538649 5.2744102 10.714286
 110.09988 106.23094 92.5175 0.87090915 0.96485984 5.2805514 5.357143
 121.62047 111.746414 97.96108 0.87663734 0.9188126 4.6936927 1.9230769
 18.478416 9.364804 3.9932468 0.42641008 0.5067969 3.1337895 9.615385
 112.03457 105.48776 91.02498 0.86289614 0.9415644 4.7633843 1.9230769
 102.48126 95.52218 82.771736 0.8665185 0.9320941 4.7569146 1.9230769
 110.45913 105.41781 91.59917 0.8689155 0.9543603 4.774794 1.9230769
 106.623146 97.93276 84.66816 0.864554 0.9184944 4.8004684 0.0
 8.698045 4.49142 3.2568026 0.7251165 0.5163712 1.7459533 10.416667
 136.01395 121.39942 102.12331 0.8412174 0.89255124 4.0867977 16.666666
 96.34077 74.789894 42.276855 0.56527495 0.7763058 2.2482083 6.25
 11.348302 9.481728 7.8091927 0.82360435 0.83551955 4.0619736 6.25
 10.778487 8.966322 7.078453 0.78944886 0.83187205 3.8282766 8.333333
 1.0 82.753044 80.119545 72.64264 0.90667814 0.9681764 598.6581 6.5346446 174.0
