 5.715609 4.4920344 3.9925675 0.8888105 0.785924 8.382797 11.904762
 72.933655 33.886578 28.420086 0.83868265 0.464622 3.658007 12.5
 1.2875262 0.23825686 0.029934248 0.12563856 0.1850501 1.2553537 25.0
 6.933297 6.2172127 5.9303975 0.9538676 0.896718 8.725634 7.9545455
 6.7569666 5.081272 4.5607853 0.89756763 0.7520049 8.474558 12.5
 4.0435624 0.9307346 0.14662185 0.15753348 0.23017688 1.3320205 19.318182
 3.6788063 0.86901057 0.16854312 0.1939483 0.23622079 2.6421869 20.454546
 10.079395 4.6586337 3.5053272 0.75243676 0.46219376 6.192665 14.772727
 10.036683 8.385475 7.6929154 0.91740954 0.8354828 8.34677 11.363636
 3.721856 1.5424867 0.6662495 0.43193212 0.41444016 3.709308 15.909091
 11.184797 8.965903 8.176349 0.91193813 0.80161524 8.548199 11.363636
 39.803078 36.081974 33.51507 0.9288592 0.90651214 8.955991 3.409091
 1.9300257 0.58650714 0.0940073 0.16028328 0.30388567 1.2954737 22.368422
 8.951994 7.521155 6.8773074 0.91439515 0.8401653 8.156162 11.363636
 10.210952 9.098053 8.389194 0.9220867 0.8910093 8.5531845 13.636364
 11.307947 10.036914 9.212042 0.9178161 0.8875983 8.701352 10.227273
 36.59012 33.06896 30.676695 0.9276584 0.9037674 8.703009 2.2727273
 8.710896 6.95495 6.3512774 0.9132024 0.7984196 8.474693 7.9545455
 9.772905 8.843728 8.157826 0.922442 0.9049231 8.502184 11.363636
 3.4036436 0.8201373 0.22900593 0.27922878 0.24095863 3.6975305 17.857143
 5.2696376 3.1776283 2.6706553 0.8404555 0.603007 7.11219 19.318182
 6.9477124 5.810587 5.48841 0.94455343 0.8363309 8.514046 13.095238
 9.439272 6.5276723 5.850511 0.89626294 0.69154406 8.438711 11.363636
 14.997791 12.120949 11.071669 0.9134325 0.80818224 8.00317 15.909091
 10.972359 9.098435 8.3626 0.9191251 0.82921416 8.75207 13.636364
 18.202328 15.492906 14.038663 0.9061349 0.8511497 8.376534 9.090909
 1.7611536 0.26998636 0.09875521 0.3657785 0.15330087 3.268362 18.333334
 8.197493 4.1029105 3.399035 0.8284448 0.500508 8.345061 17.045454
 11.070815 10.025976 9.262405 0.9238407 0.90562224 8.385927 11.904762
 13.624815 10.762817 9.946065 0.92411345 0.78994226 8.6602335 12.5
 5.803758 4.848833 4.319626 0.8908589 0.8354643 7.795621 13.095238
 4.0975723 2.6275728 2.3349147 0.8886204 0.6412511 8.352531 11.363636
 12.353991 10.693203 9.858729 0.92196226 0.8655667 8.796453 11.363636
 5.6318116 4.1279316 3.3504303 0.8116487 0.73296684 7.484613 14.772727
 6.329148 5.9138203 5.4790483 0.92648196 0.9343786 8.480215 10.227273
 1.7599744 0.43423003 0.06289845 0.14485054 0.2467252 1.6332655 19.736841
 2.1740158 0.8884379 0.3379272 0.38036108 0.40866214 2.8345964 21.25
 17.496609 11.784078 10.788104 0.9154814 0.6735064 7.586918 15.909091
 9.383755 5.877399 5.2586575 0.89472526 0.62633765 8.791143 13.636364
 15.287057 13.309106 12.209586 0.91738594 0.8706127 8.290922 10.227273
 13.107831 11.698158 10.694044 0.9141648 0.89245576 8.481555 14.772727
 11.125783 9.667235 8.926904 0.92341846 0.8689038 8.357543 6.818182
 1.7958859 0.37717858 0.0739525 0.1960676 0.21002369 1.8052846 20.0
 5.7920856 4.0758257 3.5450013 0.8697627 0.70368874 8.271102 18.181818
 19.164288 16.68883 15.298136 0.91666913 0.87082964 9.184203 14.772727
 18.86246 15.75025 14.790443 0.93906087 0.83500516 8.81764 6.818182
 6.3605666 5.4121523 5.085635 0.93966967 0.85089153 9.337758 15.909091
 14.770411 10.003739 9.009448 0.900608 0.67728245 8.454571 13.636364
 22.045403 19.398642 18.024231 0.92914915 0.87994045 8.830585 10.227273
 9.216606 8.115239 7.4805913 0.92179555 0.8805018 8.282193 11.363636
 13.920064 11.948378 11.168492 0.9347288 0.85835654 8.690673 10.227273
 11.347008 9.428145 8.559562 0.9078734 0.8308927 8.06822 9.090909
 5.7170305 4.8715224 4.285411 0.8796861 0.8521071 8.292736 13.095238
 4.825431 3.219408 2.8429585 0.8830687 0.66717523 7.7751155 19.318182
 14.380018 9.163806 8.169065 0.891449 0.63725966 7.5449595 14.772727
 11.010558 10.486256 9.72103 0.9270258 0.95238185 8.425554 7.9545455
 21.69517 19.21029 17.536306 0.91286004 0.88546395 8.576871 11.363636
 10.357535 8.419447 7.5611887 0.89806247 0.8128813 9.399373 10.227273
 7.6094327 6.845594 6.3268166 0.9242173 0.89961946 8.800705 13.636364
 6.3333974 3.3575423 2.8029585 0.83482444 0.5301329 7.7783256 17.045454
 14.048707 9.437457 8.299615 0.87943345 0.67176694 8.691899 11.363636
 6.4764214 5.6852303 4.9653044 0.8733691 0.8778351 9.09467 7.9545455
 9.905529 5.6066127 4.7815547 0.852842 0.5660084 7.635505 15.909091
 10.919193 6.354212 5.4331303 0.8550439 0.5819306 5.9932384 13.636364
 77.176094 36.503506 32.97315 0.9032872 0.4729898 8.340032 13.636364
 2.7504554 0.88685167 0.43856075 0.49451423 0.3224381 4.4742084 22.222221
 8.191798 7.3834276 6.9693184 0.9439137 0.9013195 8.942623 5.681818
 2.4296138 0.6294718 0.11353139 0.18035978 0.25908306 1.847805 21.428572
 24.256615 20.06378 18.320002 0.9130882 0.82714677 7.9152555 18.181818
 7.422757 6.599287 5.9630513 0.90359026 0.8890614 8.450844 9.090909
 2.1788862 0.6995533 0.14943454 0.21361423 0.32106003 1.6721233 19.047619
 22.858025 18.565037 16.827911 0.9064303 0.81218904 8.193483 15.909091
 21.795828 19.774115 18.408487 0.9309387 0.907243 8.888343 6.818182
 2.5321953 0.6347197 0.18644258 0.29374 0.25065985 2.504655 17.857143
 3.653054 2.4790602 2.0955813 0.8453127 0.6786268 8.850435 13.095238
 4.9458957 3.3533695 2.9187784 0.87040174 0.6780106 9.149966 15.476191
 15.250234 13.741861 12.790704 0.9307839 0.9010918 8.412968 11.363636
 1.6787618 0.4375842 0.07357759 0.168145 0.2606589 1.4821804 21.052631
 9.216341 8.28726 7.763663 0.936819 0.899192 8.103835 11.363636
 15.271071 11.931796 10.387595 0.8705811 0.78133327 8.725459 9.090909
 11.868921 11.373701 10.456456 0.91935384 0.95827585 7.9417644 6.818182
 2.7611933 0.7235115 0.17686382 0.24445197 0.26202857 1.3867272 17.857143
 3.6096475 2.5608873 2.1318355 0.8324597 0.7094563 8.39452 13.636364
 12.631775 10.414028 9.292078 0.8922655 0.8244311 7.847132 11.363636
 70.841736 32.208942 26.76666 0.83103204 0.4546605 4.2017756 16.071428
 9.110287 4.749071 4.0376854 0.8502053 0.5212867 8.423694 17.045454
 11.558679 5.580479 4.579974 0.8207134 0.4827956 8.734108 18.181818
 13.563529 8.048653 7.3712955 0.9158422 0.59340405 8.320582 17.045454
 12.361348 11.074617 10.332611 0.9329994 0.895907 8.627028 7.9545455
 11.52244 9.333176 8.481923 0.9087929 0.8099999 8.258959 10.227273
 9.103421 7.1961064 6.7080474 0.93217736 0.7904837 8.365376 12.5
 7.8271313 6.4943824 6.0506277 0.93167096 0.82972705 8.121262 7.9545455
 7.066303 6.1313596 5.63334 0.918775 0.8676899 8.33386 12.5
 22.317232 18.710333 17.354933 0.9275587 0.8383805 8.692227 19.318182
 15.651114 12.913309 11.721486 0.90770584 0.8250728 8.591261 11.363636
 1.7246008 0.3633993 0.08061113 0.22182523 0.21071503 2.256298 20.238094
 1.113293 0.51724523 0.3136163 0.6063204 0.46460834 8.059526 22.916666
 3.2122147 1.9155781 1.541038 0.80447674 0.5963419 9.959874 15.476191
 17.42502 13.732995 12.4507265 0.9066286 0.7881194 8.627326 14.772727
 26.217806 22.626211 20.305979 0.8974537 0.8630094 8.610934 9.090909
 83.37559 47.22077 43.18855 0.91460913 0.5663621 8.633561 17.045454
 12.013472 10.58019 9.452407 0.8934062 0.88069373 4.8843417 7.142857
 13.138933 12.433843 11.76366 0.9461002 0.9463358 8.790652 10.227273
 6.180855 4.738142 4.287924 0.90498006 0.76658356 8.086236 15.909091
 28.848185 18.724237 17.07453 0.91189456 0.6490612 8.451414 14.772727
 14.411752 12.895549 12.039148 0.93358946 0.894794 8.660874 10.227273
 8.203238 6.2749977 5.733958 0.9137784 0.7649416 8.32334 13.636364
 8.1680565 6.556805 5.86321 0.89421755 0.80273753 8.827187 11.363636
 44.039654 35.948086 33.37837 0.9285158 0.8162663 8.797829 2.2727273
 20.761816 17.39638 15.65625 0.8999717 0.8379026 8.904589 7.9545455
 14.211661 12.351975 11.363608 0.9199831 0.8691437 8.619119 10.227273
 15.912657 13.02915 11.857499 0.91007465 0.8187916 9.05333 11.363636
 7.5207534 4.6778026 4.0107126 0.8573925 0.6219859 8.732322 13.636364
 1.148863 0.5617308 0.08475497 0.15088183 0.488945 1.2838787 21.428572
 3.3947356 0.5092051 0.10576024 0.20769674 0.14999846 1.595427 20.454546
 4.656638 3.7917664 3.2373314 0.85377926 0.8142712 8.450977 7.142857
 9.259725 4.570675 4.060637 0.88841087 0.49360806 9.608523 14.772727
 15.134426 12.424798 11.249399 0.90539896 0.8209626 8.2952175 10.227273
 10.637945 9.965458 9.198994 0.9230879 0.93678415 7.968858 11.904762
 10.222476 9.646141 8.933088 0.9260789 0.9436208 8.851888 5.681818
 6.0393925 4.6471663 4.2777853 0.92051476 0.76947576 8.186423 13.636364
 9.635635 8.525928 7.8674517 0.92276776 0.884833 8.596461 4.5454545
 7.6853833 6.3053937 5.829444 0.92451704 0.8204397 8.940609 12.5
 10.417375 9.905998 9.27924 0.93672943 0.9509112 8.701316 8.333333
 12.36068 11.289217 9.850421 0.87255126 0.9133169 8.102806 13.636364
 7.9655395 6.2839637 5.639244 0.8974024 0.78889364 8.082218 13.095238
 20.024254 17.619335 16.433573 0.9327011 0.87989974 8.70103 9.090909
 8.597219 6.983096 6.275847 0.89871985 0.8122506 8.153932 14.772727
 8.421566 7.3849354 6.858993 0.92878175 0.87690765 8.721102 9.090909
 24.191372 22.092112 20.573254 0.93124884 0.91322273 8.506561 5.681818
 15.453997 12.872948 11.681897 0.9074764 0.83298504 8.755578 10.227273
 12.536665 10.717838 9.827649 0.9169432 0.85491943 8.551227 11.363636
 15.849748 14.054289 13.084468 0.93099463 0.88672006 8.410411 10.227273
 43.18474 39.0151 36.21453 0.92821836 0.9034465 8.709848 3.409091
 10.497981 9.348514 8.638564 0.9240574 0.8905059 8.668536 10.227273
 9.853958 7.1578345 6.2203503 0.86902684 0.72639185 8.284916 12.5
 12.945243 7.6742325 6.669939 0.8691343 0.5928226 8.235683 13.636364
 13.62857 10.12847 9.316242 0.9198074 0.7431793 8.748636 13.636364
 10.619635 8.991765 8.304043 0.9235164 0.84671134 8.75419 5.681818
 12.581948 8.349728 7.583639 0.90824986 0.66362756 8.682707 14.772727
 15.693633 11.805167 10.382667 0.8795018 0.75222653 7.5379953 12.5
 6.293486 5.062506 4.544511 0.8976801 0.80440414 8.065905 11.363636
 10.086464 5.70547 3.6354792 0.6371919 0.56565607 6.3217587 12.5
 13.299916 6.2844467 5.1016307 0.81178683 0.47251776 8.869811 14.772727
 6.611394 4.7855496 4.489796 0.9381986 0.72383374 8.730993 10.714286
 12.1382885 9.663031 9.114403 0.94322395 0.79607856 7.4356847 13.157895
 14.386597 12.15425 11.313373 0.9308162 0.8448315 7.204709 13.157895
 18.261456 17.300083 15.859684 0.9167403 0.9473551 7.7441096 6.5789475
 11.184861 10.025827 9.130555 0.9107034 0.89637476 7.2374372 9.210526
 15.8213625 10.182184 8.126416 0.7981014 0.6435719 6.7253003 13.235294
 16.38442 20.50138 19.696524 0.9607413 1.2512729 6.190549 10.0
 7.025493 3.410922 2.628057 0.7704829 0.48550645 6.9186797 15.277778
 27.68595 28.075428 26.678564 0.95024604 1.0140678 6.295576 10.9375
 7.909102 8.140319 7.415364 0.9109427 1.0292343 6.14865 10.0
 15.351378 9.052965 7.840421 0.8660611 0.5897168 3.7591074 12.5
 6.556753 4.2485285 3.5083356 0.82577664 0.6479622 4.086318 12.5
 1.0 12.949742 9.744089 8.78822 0.90190274 0.7524543 78.44077 12.851792 156.0
