 127.94888 133.69368 125.937965 0.9419889 1.0448992 6.6932893 8.333333
 124.0431 120.93561 113.18895 0.9359439 0.97494835 5.580618 0.0
 132.77608 136.75443 129.64352 0.9480024 1.0299628 6.8091936 0.0
 107.70364 101.5217 95.75208 0.9431686 0.9426023 6.8419294 8.333333
 122.47781 123.96239 117.90365 0.95112437 1.0121212 6.6656256 8.333333
 136.20793 138.99844 130.86429 0.9414802 1.0204871 6.726986 1.3888888
 106.560684 101.57524 91.70399 0.90281826 0.953215 4.729696 5.769231
 24.13514 18.351076 15.200219 0.82830125 0.7603468 5.98904 14.285714
 123.48958 122.65666 116.13565 0.9468353 0.99325514 6.547245 0.0
 119.65753 121.02715 112.379166 0.92854506 1.0114461 6.4584045 1.3888888
 126.554924 116.49132 106.07258 0.9105621 0.9204803 9.22604 5.681818
 116.75397 118.02901 112.12358 0.94996625 1.0109208 6.6843843 1.3888888
 122.99037 119.90351 112.69297 0.93986386 0.97490156 6.779819 1.3888888
 108.0924 105.02543 95.44868 0.9088149 0.97162646 4.684499 1.9230769
 105.67432 106.92076 100.74914 0.94227856 1.0117952 6.6937604 8.333333
 110.65289 106.73644 99.03767 0.92787117 0.96460605 5.3848577 5.0
 123.88821 103.105675 65.63998 0.63662815 0.8322477 6.1409025 4.1666665
 124.33817 123.48698 116.04628 0.9397451 0.99315417 6.707682 0.0
 112.83345 107.48958 99.92282 0.9296047 0.95263934 5.7577114 9.375
 125.85349 108.02472 52.332214 0.48444667 0.8583371 4.758681 8.333333
 108.83441 107.99227 99.8706 0.9247939 0.9922622 5.194694 1.7857143
 2.1136234 0.5323891 0.10507457 0.19736423 0.25188458 1.797962 17.5
 115.16286 113.18521 101.610344 0.8977352 0.9828274 4.3153715 6.25
 21.987804 17.733585 10.88774 0.6139616 0.8065192 4.0409374 7.9545455
 106.640396 101.538734 94.92819 0.9348963 0.9521602 5.414581 8.333333
 119.77421 118.00666 111.04463 0.9410031 0.98524266 6.6769056 1.3888888
 136.55878 137.28232 129.82297 0.94566417 1.0052985 6.791085 0.0
 129.67505 129.69958 122.72038 0.94618946 1.0001893 6.587752 2.7777777
 132.24002 132.58705 125.52614 0.9467451 1.0026243 6.7328105 1.3888888
 120.78339 114.267555 99.293335 0.8689548 0.94605356 8.554951 2.3809524
 13.612601 10.577762 8.306459 0.7852757 0.77705663 7.9413376 10.227273
 107.08985 103.28766 97.28887 0.9419216 0.9644953 6.4632554 0.0
 128.81868 129.3493 120.38308 0.93068206 1.0041193 6.6590295 2.7777777
 132.80603 113.48832 72.07718 0.63510656 0.8545419 5.9648204 2.7777777
 124.480934 119.59875 115.79785 0.9682196 0.96077967 6.7556295 2.7777777
 113.91813 113.73633 106.77507 0.9387948 0.99840415 6.640313 2.7777777
 128.82837 128.63516 119.23093 0.9268922 0.9985002 5.8220882 4.6875
 127.313736 123.79414 110.95966 0.89632404 0.97235495 4.3118596 2.0833333
 113.21364 115.02822 108.86454 0.94641596 1.0160279 6.7359757 1.3888888
 124.236084 125.58369 117.59873 0.9364172 1.0108471 6.678198 1.3888888
 115.75991 112.58784 103.676315 0.9208483 0.9725978 5.3765354 11.666667
 132.90823 134.88496 126.409225 0.93716323 1.0148729 6.7502947 9.722222
 118.2022 117.289444 108.92015 0.9286441 0.99227804 6.6906724 1.3888888
 126.263 129.98288 122.72206 0.9441402 1.0294614 6.859432 0.0
 119.059044 97.977936 68.39508 0.6980662 0.8229357 6.3411894 5.5555553
 4.2479944 1.1642252 0.7899962 0.6785596 0.2740647 3.50889 14.0625
 124.66774 120.90951 110.73019 0.9158104 0.969854 4.672959 1.9230769
 123.517525 110.26616 102.87139 0.9329371 0.89271665 8.69294 9.523809
 20.534206 20.328814 17.682072 0.86980337 0.9899975 8.879113 7.9545455
 112.46431 112.09268 105.426 0.94052523 0.99669564 6.6911273 0.0
 129.61464 130.03267 119.935555 0.9223494 1.0032252 6.6665688 1.3888888
 126.24237 126.23922 117.533455 0.9310375 0.999975 6.830274 4.1666665
 118.62028 118.93841 112.09909 0.94249696 1.002682 6.538383 4.1666665
 127.60818 127.683624 119.05024 0.9323845 1.0005913 5.3917394 1.6666666
 16.261011 16.028603 11.839052 0.73862034 0.98570764 6.720181 10.227273
 136.30536 137.23375 128.36223 0.9353547 1.0068111 8.49323 2.3809524
 111.2585 112.140785 106.115326 0.9462688 1.00793 6.874757 2.7777777
 1.4941016 0.5764956 0.16960296 0.29419646 0.38584763 1.9156829 19.444445
 116.17855 116.67886 110.57639 0.9476986 1.0043064 6.630212 9.722222
 116.81204 117.27673 110.84677 0.9451728 1.003978 6.553151 1.3888888
 136.50478 137.32307 130.07849 0.9472442 1.0059946 6.640281 1.3888888
 128.26575 129.01544 120.41505 0.9333383 1.0058447 6.6358166 9.722222
 18.938742 17.208963 12.347267 0.71749043 0.9086646 3.7355537 12.5
 20.032713 16.6968 15.442317 0.9248668 0.8334767 7.043003 9.090909
 123.861145 122.503784 114.03984 0.9309087 0.98904127 6.669877 2.7777777
 124.84398 125.01506 117.52266 0.94006807 1.0013703 6.7222757 1.3888888
 124.37231 125.07768 117.962105 0.94311076 1.0056715 6.7196417 2.7777777
 128.71394 129.59976 121.48565 0.93739104 1.0068821 6.8826 9.722222
 34.568745 37.091373 35.611977 0.96011484 1.0729742 8.230965 5.681818
 18.980333 18.211637 16.814293 0.92327183 0.9595005 7.8591137 6.818182
 126.00042 125.73013 116.53107 0.9268348 0.9978549 5.659184 3.125
 102.61457 78.24647 71.21587 0.9101481 0.7625279 5.601811 12.5
 1.390906 0.91620964 0.5125354 0.5594084 0.6587143 4.3284655 23.529411
 16.409746 15.807364 14.930307 0.9445159 0.9632912 8.111828 5.681818
 125.27185 127.530716 118.93108 0.9325682 1.0180317 6.5279317 1.3888888
 117.16609 113.31178 105.01621 0.9267899 0.9671039 6.5823503 4.1666665
 124.1526 124.24863 114.9629 0.92526495 1.0007734 5.4306054 1.6666666
 123.496284 125.01779 118.46604 0.94759345 1.0123203 6.5946817 1.3888888
 122.358986 121.75531 113.01192 0.9281888 0.99506634 6.688181 0.0
 124.54105 126.552055 119.76193 0.9463452 1.0161473 6.73742 1.3888888
 18.753784 13.84089 11.588778 0.8372856 0.7380318 5.770912 9.090909
 35.892536 36.130642 33.825623 0.93620324 1.0066339 8.121287 9.090909
 15.754077 12.441326 6.622894 0.5323302 0.789721 7.8625493 9.090909
 18.63016 16.461086 15.285239 0.92856807 0.883572 8.732208 14.772727
 15.556676 16.080786 14.316439 0.89028233 1.0336903 8.894743 7.9545455
 112.499374 89.97711 82.54463 0.91739583 0.799801 5.2148223 13.333333
 110.22905 89.35712 59.11961 0.6616105 0.81064945 6.3231215 6.9444447
 129.16017 134.17033 127.13032 0.94752926 1.0387903 6.783695 1.3888888
 21.371475 16.630089 12.570405 0.7558832 0.7781441 6.377681 12.5
 87.93878 84.106964 80.15443 0.95300585 0.9564263 8.153957 12.5
 147.49336 149.67906 141.52875 0.9455481 1.0148189 6.5825543 1.3888888
 121.687874 118.45821 110.17526 0.9300771 0.9734595 6.6234455 1.3888888
 42.822376 39.78147 35.165253 0.88396055 0.928988 5.0791974 3.8461537
 119.828606 98.9948 82.61583 0.8345472 0.8261366 3.1556828 6.25
 129.76779 127.10965 119.577774 0.94074506 0.9795161 6.428723 8.333333
 18.612759 17.157166 9.482892 0.5527074 0.92179585 6.6561933 6.818182
 111.6804 112.7463 101.02361 0.896026 1.0095443 4.3741364 2.0833333
 116.70922 115.30409 104.91815 0.9099257 0.9879604 4.258725 0.0
 15.597598 13.953907 13.14777 0.9422286 0.8946189 7.3343554 13.636364
 120.95973 120.07887 110.558205 0.9207132 0.99271774 5.1283264 0.0
 128.99908 132.43115 125.935936 0.950954 1.0266054 6.618602 4.1666665
 108.04089 93.03385 83.27956 0.89515334 0.86109847 5.386527 8.928572
 126.43989 122.97067 116.00823 0.94338125 0.9725624 6.681458 9.722222
 120.532166 120.103584 113.65456 0.94630444 0.9964443 6.8001933 9.722222
 125.80478 126.23374 118.03253 0.9350316 1.0034097 6.564701 6.9444447
 80.82385 67.48521 63.352726 0.93876463 0.8349665 7.779115 10.227273
 116.87452 116.72909 107.57546 0.92158234 0.99875563 6.6890063 5.5555553
 136.05331 139.37865 130.81816 0.93858105 1.0244414 6.880447 5.5555553
 134.25255 139.2333 131.8959 0.9473013 1.0371 6.5440216 1.3888888
 108.56028 100.72433 89.21675 0.8857518 0.9278194 4.2609606 10.416667
 14.71544 14.616137 13.460549 0.92093754 0.99325174 9.041118 9.090909
 122.515076 114.909424 104.18729 0.90669054 0.9379207 4.7051926 1.9230769
 136.30011 138.5118 130.28511 0.94060665 1.0162265 6.2175903 1.4705882
 133.51299 134.23344 126.86342 0.9450954 1.0053961 6.7940965 0.0
 125.24559 126.08761 117.81481 0.9343885 1.0067229 6.469287 5.5555553
 118.83603 124.341545 119.0238 0.95723283 1.0463287 6.3654094 1.3888888
 127.496086 126.74501 116.39003 0.9183007 0.99410903 6.6506405 1.3888888
 124.45715 120.86499 113.635284 0.94018364 0.97113734 6.652494 13.888889
 10.213544 9.643969 7.2443037 0.75117457 0.94423336 7.491201 4.5454545
 127.56887 127.00416 113.758835 0.8957095 0.9955732 4.290612 2.0833333
 111.66017 114.54101 108.25348 0.94510674 1.0258 6.7334356 1.3888888
 120.135284 119.01997 112.368164 0.9441118 0.9907162 6.89014 0.0
 120.35864 120.39086 113.26266 0.94079113 1.0002676 6.4105363 5.5555553
 125.06592 121.36394 108.676384 0.8954586 0.97039974 4.295789 10.416667
 27.628267 24.955376 23.18434 0.9290319 0.9032551 6.43851 14.772727
 128.00444 129.76392 122.71311 0.9456643 1.0137454 6.7040505 4.1666665
 127.887024 128.39925 120.900894 0.94160134 1.0040053 6.2325788 4.4117646
 105.8676 104.54001 98.018936 0.9376213 0.9874599 6.6128535 6.9444447
 14.426239 12.900068 11.919596 0.9239947 0.89420867 6.05756 17.1875
 120.561905 97.20552 86.7142 0.8920708 0.8062706 4.6544538 9.615385
 98.42666 85.72041 81.89132 0.95533043 0.8709065 7.818091 15.0
 18.51687 18.51198 17.635534 0.95265514 0.99973595 9.907182 9.090909
 6.8922205 3.2697196 2.827459 0.8647405 0.47440726 4.756831 11.538462
 133.1542 133.54599 126.415016 0.94660294 1.0029423 6.5787673 0.0
 112.390335 107.03209 95.29199 0.8903123 0.9523247 4.370304 6.25
 16.946318 10.761761 7.673687 0.71305126 0.6350501 6.012064 15.909091
 125.60947 121.95062 114.69967 0.9405419 0.97087127 6.7241335 12.5
 134.80348 138.04762 130.30467 0.943911 1.0240657 6.658229 1.3888888
 135.88765 137.74072 129.60104 0.9409058 1.0136368 6.609495 2.7777777
 125.83347 127.76304 121.0052 0.94710654 1.0153342 6.504139 1.3888888
 123.671776 125.286095 118.48706 0.94573194 1.0130533 6.7954016 0.0
 124.75953 106.21032 99.33341 0.93525195 0.8513203 5.893919 10.294118
 112.55098 106.45823 95.012856 0.89248955 0.9458667 4.289878 2.0833333
 17.880629 14.32389 13.722558 0.9580189 0.8010843 3.2904882 8.333333
 123.88469 121.78237 113.384056 0.9310383 0.98303 6.638384 11.111111
 99.36471 101.43744 96.82104 0.9544902 1.0208598 8.247803 10.227273
 125.95908 120.72178 109.325645 0.9056001 0.9584206 8.283287 5.952381
 131.19656 130.60846 123.39474 0.9447683 0.9955174 6.7107816 4.1666665
 130.5592 125.821075 114.28561 0.90831846 0.96370894 5.127306 0.0
 121.82006 125.40266 118.51272 0.9450575 1.0294089 6.26308 4.1666665
 123.61978 123.0728 115.48642 0.9383586 0.99557525 6.6528573 1.3888888
 54.6555 41.82663 39.342377 0.9406059 0.7652776 8.344233 12.5
 105.71138 104.255295 98.776375 0.94744706 0.98622584 6.4890513 1.3888888
 124.88317 110.462296 101.85976 0.92212236 0.88452506 5.403977 5.0
 133.79692 136.12598 129.00047 0.947655 1.0174074 6.6352677 4.1666665
 131.94255 133.15158 122.63591 0.92102486 1.0091633 5.7329574 0.0
 94.5918 92.229454 87.51039 0.94883347 0.9750259 6.5052376 1.3888888
 12.49891 11.943391 11.281612 0.94459045 0.9555546 6.5219283 15.909091
 126.96209 126.78175 114.0796 0.89981085 0.99857956 4.246981 4.1666665
 124.13803 124.59615 117.65478 0.94428897 1.0036905 6.7159824 4.1666665
 116.39881 110.967094 102.847305 0.92682713 0.9533353 6.3238378 1.4705882
 117.3627 117.482414 108.30127 0.92185086 1.0010201 6.584697 5.5555553
 120.65522 112.122734 105.58355 0.9416783 0.9292821 8.362003 12.5
 116.37296 109.72457 100.632774 0.9171398 0.9428699 5.203488 1.7857143
 119.29218 120.60379 111.18113 0.92187095 1.0109949 6.080542 4.4117646
 118.41225 113.93396 99.70158 0.8750822 0.9621805 4.1913323 2.0833333
 137.97232 141.58751 132.488 0.9357323 1.0262023 6.0853233 0.0
 130.19286 132.91136 121.92191 0.9173174 1.0208806 5.949773 1.4705882
 135.86565 139.33289 129.15779 0.92697275 1.0255196 6.186472 1.4705882
 116.81332 117.58531 109.40562 0.93043613 1.0066088 6.0700927 2.9411764
 11.101643 8.227678 7.212415 0.876604 0.7411226 4.7049565 13.157895
 19.060114 14.875076 10.437683 0.70168936 0.7804296 4.731836 13.75
 112.314964 111.8515 103.40926 0.9245228 0.9958736 5.524444 1.5625
 16.997587 18.759432 17.66694 0.9417631 1.1036526 7.528145 11.25
 123.0763 121.64635 112.03205 0.9209652 0.98838156 5.5376716 1.5625
 17.514341 16.983982 16.117588 0.9489876 0.9697185 6.581575 7.5
 11.135614 11.461741 10.593114 0.924215 1.0292869 7.587586 8.75
 129.85059 128.26726 112.25999 0.8752038 0.98780644 4.73734 10.0
 141.41057 133.69699 114.30393 0.8549476 0.94545263 7.233548 5.263158
 125.74083 125.57693 113.35168 0.90264726 0.9986965 4.9539185 0.0
 139.3304 142.54198 130.13684 0.9129721 1.0230501 5.0337715 1.6666666
 133.26567 135.79892 121.97494 0.8982026 1.0190091 4.9260783 1.6666666
 144.04733 149.54819 136.44473 0.9123797 1.0381879 4.9556413 1.6666666
 126.264015 125.05877 113.598206 0.90835863 0.99045455 4.9218287 8.333333
 129.3206 133.30388 121.3704 0.91047907 1.0308017 4.909298 8.333333
 131.12595 134.08582 120.17342 0.8962426 1.0225726 4.8981204 5.0
 134.38797 137.81714 125.22099 0.9086024 1.025517 4.8905597 1.6666666
 143.43929 143.25626 129.90262 0.90678495 0.998724 4.910373 1.6666666
 110.51638 108.251884 98.99539 0.9144912 0.9795099 4.150091 5.357143
 21.698444 20.910742 19.595123 0.9370841 0.96369773 6.643487 7.352941
 126.31813 130.76015 122.686325 0.9382547 1.0351653 4.228454 7.6923075
 15.051547 14.302532 13.172132 0.920965 0.95023674 5.146862 11.764706
 112.32094 111.18057 103.70863 0.9327946 0.9898473 4.2051854 11.538462
 116.96445 122.053215 115.135605 0.943323 1.043507 6.1544666 3.125
 127.25577 136.26477 126.900215 0.93127674 1.0707945 5.1002603 1.7857143
 87.920555 70.24121 64.675255 0.92075944 0.7989168 4.2398014 11.538462
 1.0 100.92186 98.716354 90.66542 0.9184438 0.9781464 607.70514 5.7022104 196.0
