 11.743959 10.480643 9.847871 0.93962467 0.8924284 8.472821 4.5454545
 113.83428 107.859085 95.81341 0.88832027 0.9475097 5.223679 1.7857143
 3.819664 0.99217796 0.1989438 0.2005122 0.25975528 2.107001 19.318182
 4.0544415 1.1368283 0.25236106 0.22198695 0.2803909 2.0462208 15.909091
 134.84142 129.95985 120.148926 0.9245081 0.9637977 7.722828 0.0
 2.7103894 0.722944 0.15117618 0.2091119 0.26673067 2.2583156 22.222221
 4.2146773 1.1332631 0.3731768 0.32929406 0.2688849 3.3203514 15.909091
 85.923904 71.44721 66.7105 0.9337033 0.83151734 8.572239 14.772727
 14.723537 13.9792 13.1848955 0.94317955 0.9494458 8.989832 10.227273
 90.687744 65.76147 61.036423 0.9281487 0.72514176 8.526438 15.909091
 135.923 129.15166 117.88485 0.91276294 0.95018256 7.656384 7.5
 98.29237 94.664986 88.26602 0.9324041 0.96309596 8.435946 1.1363636
 141.8142 137.9634 128.30994 0.9300289 0.9728461 7.693164 3.75
 4.9347696 3.7450805 3.4803476 0.9293119 0.758917 8.426479 18.421053
 83.12315 74.605804 68.92755 0.92388994 0.89753336 8.369279 11.363636
 5.8957324 3.9804375 3.3103867 0.831664 0.6751388 8.346671 12.5
 1.944693 0.3673902 0.08454303 0.23011781 0.1889194 2.7616904 20.3125
 11.273718 9.968781 9.040449 0.9068761 0.8842497 6.7512345 11.363636
 96.7038 93.60023 88.05522 0.94075865 0.96790636 8.582076 5.681818
 4.609399 2.9035883 2.429319 0.8366609 0.62992775 7.8415823 13.636364
 2.1342008 0.624281 0.13061044 0.20921738 0.29251277 2.3936598 17.045454
 4.393302 1.1524445 0.26989877 0.23419678 0.26231852 1.8967642 19.047619
 1.0806375 0.42271832 0.09491927 0.22454496 0.39117497 1.5249743 22.058823
 2.9738486 2.8494027 2.6449468 0.9282461 0.9581533 9.278224 14.473684
 2.28852 0.73142624 0.20809555 0.28450653 0.31960666 3.152094 20.0
 4.519005 2.684219 1.1834809 0.44090325 0.59398454 4.393237 16.666666
 2.7704551 0.7369976 0.26896116 0.36494172 0.26602042 1.6567849 18.333334
 4.721404 3.2432554 2.6147583 0.8062141 0.686926 5.1757736 15.789474
 136.61244 129.0974 119.9615 0.92923254 0.94499004 6.0872765 1.4705882
 2.3139505 0.61597794 0.17849539 0.28977564 0.26620185 2.2243752 19.117647
 12.628749 12.952018 11.938032 0.9217121 1.0255978 6.3547835 9.722222
 6.769523 3.832969 1.2685753 0.33096415 0.5662096 3.1972187 13.235294
 4.6301103 1.6837326 0.49724457 0.29532275 0.3636485 2.6539173 15.384615
 1.0 37.542576 33.78942 30.871693 0.9136497 0.90002936 252.90913 12.988171 33.0
