 75.429504 57.726463 48.680428 0.84329486 0.7653035 11.436789 7.9545455
 148.53685 159.8797 152.98741 0.95689076 1.0763638 8.926582 1.1363636
 12.078125 12.950685 12.061088 0.9313089 1.072243 7.8880157 9.090909
 16.553427 14.337641 12.744077 0.88885444 0.86614335 8.939291 12.5
 141.57188 147.90697 136.53867 0.92313886 1.0447482 4.1789136 11.538462
 149.66464 156.86444 149.24748 0.95144236 1.0481062 7.724991 1.25
 9.108462 7.7859716 7.3827333 0.94820964 0.85480636 7.8290353 11.363636
 132.18593 139.02309 129.94754 0.93471915 1.0517238 5.24052 1.6666666
 13.107304 13.82764 12.463966 0.9013806 1.0549568 8.968748 3.409091
 7.6773324 6.5510044 6.2609744 0.9557274 0.8532917 7.8177257 14.772727
 153.40762 158.04518 145.56964 0.9210634 1.0302303 8.167394 0.0
 135.98155 145.60669 140.0092 0.9615575 1.0707825 8.88828 0.0
 145.61218 154.05396 146.69133 0.95220745 1.0579743 7.2720585 0.0
 145.99915 155.89691 142.53548 0.9142931 1.0677933 7.160638 1.3157895
 6.401612 2.936545 2.6441114 0.9004158 0.4587196 8.644201 15.909091
 132.66075 140.73486 127.41409 0.90534854 1.0608629 8.602546 4.5454545
 5.8889456 3.541867 2.3296244 0.65773916 0.60144335 5.3271637 15.909091
 138.51578 148.4788 141.61737 0.9537884 1.071927 9.095527 1.1363636
 5.587988 2.9962354 2.6016371 0.868302 0.5361922 7.5243297 16.666666
 13.799851 11.51629 8.399577 0.72936493 0.8345227 4.8350058 15.476191
 12.342878 12.355942 11.676706 0.94502765 1.0010583 9.535558 3.409091
 12.990915 12.529642 10.629503 0.84834856 0.9644927 10.002257 6.818182
 10.762497 10.182637 9.689669 0.95158744 0.94612217 8.92053 6.818182
 115.56941 112.248985 106.34379 0.947392 0.97126895 8.741161 12.5
 13.23159 13.454542 13.178539 0.9794863 1.01685 8.048037 2.2727273
 142.34131 153.19221 147.16129 0.96063155 1.0762316 8.847783 1.1363636
 90.2082 95.675476 89.754036 0.9381091 1.0606073 5.8535957 0.0
 142.65056 148.63866 141.45984 0.95170283 1.0419774 7.405273 2.631579
 12.179813 11.872868 10.756034 0.9059339 0.9747988 8.831178 9.090909
 137.82196 143.60078 132.97397 0.9259975 1.0419297 8.142142 3.5714285
 10.275924 9.517428 8.96988 0.9424688 0.92618716 8.783015 13.636364
 142.90656 149.02113 139.28453 0.9346629 1.0427873 5.7407727 0.0
 148.18935 156.71353 146.17506 0.9327533 1.0575223 8.766971 4.5454545
 12.775981 13.458959 11.757834 0.87360656 1.0534579 7.696165 14.285714
 138.88759 146.96187 141.03358 0.959661 1.0581354 8.968514 1.1363636
 149.75545 157.05124 149.40575 0.95131844 1.0487181 7.3628807 5.263158
 132.86748 141.01178 135.33553 0.95974624 1.0612963 8.93024 6.818182
 15.333505 15.283369 13.617878 0.8910259 0.9967303 8.782096 5.681818
 55.58848 58.374866 56.556488 0.96885 1.0501251 6.639185 3.409091
 143.46646 153.54875 147.44057 0.96021986 1.0702763 8.974182 1.1363636
 13.083431 12.933344 12.266449 0.948436 0.98852843 8.055843 14.285714
 147.18045 154.79417 145.81699 0.94200563 1.0517306 7.301237 1.3157895
 147.79639 156.22632 148.89093 0.9530465 1.0570374 7.2885704 0.0
 100.16533 101.28977 96.31253 0.95086133 1.0112259 8.895756 1.1363636
 13.311696 12.478599 8.582987 0.68781656 0.9374162 3.7349963 9.090909
 12.814189 11.003769 9.446707 0.85849744 0.8587175 10.216271 6.818182
 117.7454 124.54787 117.318565 0.9419556 1.0577728 8.76358 3.409091
 14.32718 12.697123 11.200666 0.8821421 0.88622624 8.954541 7.9545455
 145.184 152.19945 139.2902 0.9151821 1.048321 7.175348 3.9473684
 148.68518 135.13943 115.79774 0.856876 0.9088964 7.1993337 7.894737
 8.355817 7.967643 7.0730796 0.8877255 0.95354444 9.030247 7.9545455
 16.263111 17.16821 15.518282 0.90389645 1.0556535 7.045599 10.227273
 137.34201 142.442 134.48605 0.944146 1.0371336 8.939621 11.363636
 14.4316025 14.578815 13.723729 0.94134736 1.0102007 8.60677 7.9545455
 11.864565 8.6812725 7.1882505 0.82801807 0.7316975 8.610501 13.636364
 159.00542 166.71597 153.94713 0.9234096 1.0484924 7.1198354 1.3157895
 11.519382 12.216948 11.137991 0.9116836 1.0605558 8.931678 5.681818
 15.811372 16.84978 11.988135 0.7114714 1.0656747 8.021132 4.5454545
 141.37541 149.59236 143.20064 0.95727247 1.0581216 8.870568 1.1363636
 126.05566 132.80618 127.34623 0.9588878 1.0535519 8.712369 1.1363636
 142.32217 153.88074 148.0329 0.96199757 1.0812141 8.939351 0.0
 136.34991 147.47246 141.85515 0.96190953 1.0815735 8.899002 1.1363636
 16.06814 10.919819 9.653117 0.88399976 0.67959446 8.184656 12.5
 11.670582 10.383308 9.161174 0.8822982 0.8896993 7.8522544 11.363636
 150.32655 167.00763 146.54846 0.87749565 1.1109656 8.130328 0.0
 143.33331 151.99425 145.33257 0.9561715 1.0604252 7.6483436 1.3157895
 10.679298 11.040627 10.4031105 0.9422572 1.0338345 6.7262526 11.111111
 150.90181 160.77254 149.65793 0.9308675 1.0654116 6.1426225 1.5625
 16.265217 17.41579 12.403033 0.7121717 1.0707383 5.005654 5.5555553
 159.62082 170.62292 151.75058 0.8893915 1.0689265 5.172512 0.0
 139.966 149.86615 139.68884 0.93209064 1.0707326 6.8112493 1.4705882
 109.94863 114.74768 103.332924 0.900523 1.043648 6.093743 0.0
 144.98155 154.86383 139.8266 0.9029003 1.0681623 6.126815 7.8125
 20.23148 11.467202 9.357658 0.8160367 0.5668 4.7692227 16.666666
 13.590561 13.261152 10.486981 0.7908047 0.97576195 2.4838655 10.714286
 157.61343 154.43777 134.57127 0.87136245 0.97985154 4.0314035 2.0833333
 22.458858 24.827065 21.82243 0.8789775 1.1054465 4.6334867 2.0833333
 121.68447 114.288315 99.982376 0.8748259 0.9392186 3.9846952 6.25
 1.0 82.05443 85.08915 79.04778 0.92899954 1.0369843 641.3667 5.9260583 78.0
