 10.201575 9.918936 9.294862 0.9370825 0.9722945 8.823123 4.5454545
 9.813319 9.636448 9.062755 0.94046634 0.9819764 9.237939 11.363636
 108.71491 84.93607 77.966156 0.91793925 0.7812734 8.83978 14.772727
 109.3609 107.61972 98.96511 0.9195816 0.9840786 8.859288 11.363636
 17.570408 18.008715 14.458178 0.8028434 1.0249457 8.883718 4.5454545
 12.072656 11.960061 11.2397995 0.93977773 0.99067366 8.809637 10.227273
 106.00982 106.55874 100.17575 0.9400989 1.005178 8.929276 1.1363636
 9.412457 9.207704 8.656187 0.94010276 0.97824645 8.964949 10.227273
 109.86456 105.33445 97.46622 0.9253023 0.9587664 8.913082 3.409091
 111.34316 110.3958 103.3471 0.9361506 0.9914915 9.000769 0.0
 11.240433 10.521283 9.735195 0.92528594 0.9360212 8.841149 3.409091
 10.862024 10.460718 9.668223 0.9242409 0.9630542 8.572096 7.9545455
 117.10151 118.37017 111.35907 0.9407697 1.0108339 8.995344 0.0
 11.277837 10.513023 9.834019 0.93541306 0.9321844 8.896133 10.227273
 103.698845 100.56461 93.32908 0.92805094 0.9697757 8.856951 3.409091
 7.525895 7.582152 7.155717 0.9437581 1.007475 9.67556 9.090909
 1.4382465 0.37973875 0.08579212 0.22592404 0.26402897 2.2945898 20.0
 2.4578667 0.5868973 0.10854189 0.18494187 0.23878324 2.3700895 18.055555
 11.298919 10.201718 9.384092 0.91985416 0.9028933 8.594099 6.818182
 11.295952 11.18843 10.452401 0.93421525 0.9904813 8.885118 5.681818
 118.02642 117.75881 105.12453 0.8927105 0.9977326 4.9228096 5.357143
 1.7427155 0.72849774 0.18701246 0.25670972 0.4180245 1.7449299 18.75
 14.728524 12.321902 11.457294 0.9298316 0.83660126 8.750746 10.227273
 14.066295 12.217239 11.424253 0.93509287 0.8685471 7.1052575 7.9545455
 118.589645 110.18516 102.00164 0.9257294 0.92912966 6.5160685 7.352941
 108.56647 111.867516 103.948524 0.92921096 1.0304059 7.1352873 1.3888888
 105.42139 101.738625 93.72833 0.92126596 0.96506625 6.9922323 8.333333
 110.78465 110.82162 102.89678 0.92849016 1.0003337 6.616292 1.4705882
 101.13739 93.54191 85.21235 0.9109537 0.92489934 5.974018 10.9375
 111.70155 94.79039 86.31809 0.9106207 0.848604 5.958591 14.0625
 1.4967265 0.29763278 0.12487193 0.41955033 0.19885582 1.8374345 25.0
 1.0 54.800743 52.264988 48.198967 0.92220366 0.9537277 402.18256 8.615229 31.0
