 119.84193 115.78855 106.48251 0.919629 0.96617734 8.748401 3.409091
 9.411293 7.6933527 7.134178 0.9273172 0.81745964 8.713074 11.363636
 13.311731 11.053654 9.10729 0.82391673 0.83036935 10.8498745 11.363636
 12.999957 11.697466 10.852794 0.92779016 0.89980805 8.622397 10.227273
 11.887908 11.016228 9.900229 0.8986951 0.926675 10.252447 13.636364
 1.7948928 1.0140568 0.56248045 0.5546834 0.5649679 6.247107 17.647058
 10.500106 8.570756 7.820354 0.91244626 0.81625426 9.0847645 15.909091
 2.8933432 0.7716475 0.15808904 0.20487209 0.26669756 1.6086388 17.045454
 10.87695 9.451735 8.630182 0.91307926 0.8689691 8.683141 17.045454
 80.117836 79.146385 73.33446 0.9265674 0.9878748 8.977994 3.409091
 104.86663 90.388824 83.02706 0.9185545 0.8619408 8.871366 10.227273
 13.87519 12.303324 11.371982 0.9243016 0.8867139 8.716747 12.5
 1.8413671 0.5539028 0.10794584 0.19488227 0.3008106 1.5312761 15.277778
 13.981099 12.890534 11.947834 0.9268688 0.92199725 8.717719 13.636364
 12.697946 12.661683 11.781715 0.9305016 0.9971442 8.762956 14.772727
 10.074731 8.881068 8.127664 0.91516733 0.8815192 8.810718 11.363636
 13.332139 12.596124 10.74509 0.8530473 0.9447939 8.798949 9.090909
 10.38345 8.612734 7.765991 0.9016871 0.82946754 7.432647 13.157895
 112.45353 107.55122 97.93643 0.91060275 0.95640594 7.463913 15.789474
 11.168263 7.0674024 6.153595 0.8707011 0.63281125 9.691233 13.636364
 77.47733 54.102802 48.473404 0.89594996 0.69830495 8.863372 17.045454
 10.190133 10.027276 9.434734 0.940907 0.98401815 8.971942 6.818182
 4.39226 1.2218131 0.5033701 0.41198623 0.2781741 4.3096538 19.318182
 113.06925 109.66489 101.295944 0.92368627 0.9698913 8.861487 5.681818
 108.22993 103.99668 96.25165 0.9255261 0.9608866 8.849667 3.409091
 23.453432 17.379765 13.221447 0.760738 0.74103284 5.3255644 15.0
 6.833528 5.2022195 4.572026 0.87886065 0.7612787 8.118938 14.772727
 99.478966 83.54385 76.25549 0.91275996 0.8398143 8.812842 11.363636
 26.764423 23.776264 21.96805 0.92394876 0.88835335 8.873239 9.090909
 15.98445 13.050823 11.006245 0.8433372 0.8164699 9.018328 9.090909
 17.857553 14.271119 10.173932 0.71290356 0.7991643 7.4126706 12.5
 94.718864 83.34046 76.08283 0.9129159 0.87987185 8.968081 12.5
 112.611916 105.30572 91.38939 0.86784834 0.9351205 4.308881 11.538462
 115.421234 98.235245 90.62141 0.9224938 0.851102 8.859329 11.363636
 101.94661 95.31545 87.96233 0.9228549 0.93495464 9.018119 12.5
 95.96966 90.89692 82.679924 0.9096009 0.94714224 8.883253 5.681818
 110.580635 104.32625 96.52001 0.9251747 0.9434405 8.872881 3.409091
 9.106018 9.16483 8.569951 0.93509114 1.0064586 9.166874 17.045454
 11.681345 10.46079 9.359281 0.8947011 0.89551246 6.8035083 13.636364
 113.5487 107.20787 99.00498 0.9234862 0.9441576 8.903453 3.409091
 2.9797814 1.248628 0.8902995 0.71302223 0.4190334 7.60725 15.476191
 103.242966 99.361305 91.72618 0.923158 0.96240264 8.929826 1.1363636
 13.284489 11.984393 10.896301 0.9092076 0.9021343 8.84393 10.227273
 20.243975 17.328953 15.703051 0.90617424 0.85600543 8.272656 9.523809
 124.17858 127.48553 117.52343 0.92185706 1.0266305 6.033099 1.5625
 104.73927 106.05429 96.490845 0.90982497 1.0125551 6.0277443 1.5625
 114.982254 120.960266 111.79768 0.9242513 1.0519907 6.1619105 1.5625
 103.976746 104.94054 96.501854 0.9195861 1.0092692 6.0882726 3.125
 104.90568 105.49702 95.35389 0.9038539 1.0056369 5.0589137 1.7857143
 124.61372 128.47058 118.475235 0.92219746 1.0309504 6.0716047 1.5625
 109.04314 111.296104 102.62184 0.92206144 1.0206612 6.1146197 10.9375
 100.9595 103.48344 95.41928 0.92207295 1.0249994 6.108762 1.5625
 95.82347 98.414474 90.86654 0.92330456 1.0270394 6.058571 4.6875
 123.74833 127.36105 117.530045 0.9228099 1.0291941 6.1046243 0.0
 104.39634 107.4295 98.70145 0.9187556 1.0290543 6.065293 1.5625
 113.3431 116.38231 107.51029 0.9237684 1.0268142 6.084739 1.5625
 114.99516 118.53065 108.593 0.91615975 1.0307447 6.0795035 3.125
 106.69119 108.750824 99.143425 0.9116568 1.0193045 6.0642753 6.25
 109.35456 112.76441 103.971176 0.92202115 1.0311816 6.053286 0.0
 122.26419 124.80937 115.23575 0.92329407 1.020817 6.0962405 1.5625
 107.17049 108.91614 98.7583 0.90673715 1.0162885 5.992563 4.6875
 122.06332 126.49527 116.42715 0.9204071 1.0363086 6.2047834 0.0
 123.998276 125.22072 115.51304 0.92247546 1.0098585 6.101404 1.5625
 111.92356 114.327644 105.45117 0.92235935 1.0214797 6.1452584 17.1875
 124.29887 131.64886 116.79127 0.8871422 1.0591316 4.122957 2.0833333
 116.4015 120.47185 111.22607 0.9232536 1.0349681 6.091557 14.0625
 105.26852 108.67913 100.586395 0.9255355 1.0323992 6.1229715 12.5
 106.761246 109.63056 101.16707 0.9227999 1.026876 6.1234756 10.9375
 110.84822 112.5028 101.65581 0.90358466 1.0149266 5.587988 5.0
 1.0 69.4801 67.83548 62.0409 0.9145789 0.9763296 469.0461 8.876501 69.0
