 13.191189 11.7288 10.385444 0.88546515 0.889139 9.4817915 6.818182
 1.9076763 0.45173395 0.099229395 0.21966335 0.236798 2.3047557 15.277778
 13.091494 13.626583 12.796139 0.93905705 1.040873 9.119523 6.818182
 12.401122 12.591356 11.861056 0.94199985 1.0153401 9.153528 10.227273
 24.549875 8.118317 0.92109036 0.11345829 0.3306867 1.3264276 12.5
 9.330258 9.300474 8.709893 0.9364999 0.99680775 9.067508 13.636364
 67.96936 70.025085 66.10852 0.94406915 1.0302448 9.207897 4.5454545
 39.724533 7.1152616 2.0088987 0.28233662 0.17911504 2.037629 11.363636
 81.003494 40.803257 35.673115 0.8742712 0.5037222 8.629184 17.045454
 3.9052367 1.176288 0.1943327 0.16520844 0.30120784 1.4394665 20.454546
 3.0689406 0.80087733 0.20168446 0.2518294 0.26096216 1.9489728 17.857143
 11.092825 9.1192045 5.70648 0.62576514 0.8220813 9.095967 15.909091
 13.379218 10.741322 8.785442 0.81791073 0.80283624 8.1152725 11.363636
 4.0165243 1.4682558 0.4497951 0.30634654 0.36555383 2.7918441 16.25
 7.728436 4.549512 3.3159297 0.7288539 0.58867174 7.260879 14.772727
 21.050735 20.015572 17.754898 0.8870543 0.9508253 10.523991 7.9545455
 8.625066 5.0688834 4.182155 0.82506436 0.58769214 7.204837 13.636364
 100.707146 100.42356 94.2583 0.93860745 0.9971841 9.326079 5.681818
 12.82317 5.778993 2.481968 0.42948103 0.45066807 5.8952107 18.181818
 15.8270445 16.53471 15.560067 0.94105476 1.0447124 9.30234 7.9545455
 93.408035 94.57499 88.173904 0.9323174 1.0124931 9.481164 5.681818
 2.2133582 0.43334073 0.1621301 0.37414 0.19578429 3.4323776 15.476191
 12.241901 7.9394135 7.1171174 0.8964286 0.64854413 3.865033 9.615385
 132.15608 130.88318 118.297066 0.903837 0.9903681 3.8634386 10.416667
 135.50061 132.33577 119.73681 0.90479547 0.97664344 3.929115 8.333333
 131.08711 127.78239 115.00696 0.90002203 0.97478986 3.8460765 6.25
 128.90665 128.60905 116.99452 0.90969115 0.9976914 3.8781967 6.25
 135.97583 136.12381 122.83354 0.90236634 1.0010883 3.8625748 2.0833333
 128.90149 130.74535 118.82984 0.90886474 1.0143045 3.8837373 2.0833333
 124.32409 123.99797 112.58329 0.9079446 0.9973768 3.8851395 12.5
 1.0 49.670284 45.428776 40.70632 0.89604706 0.91460675 250.01292 10.897954 30.0
