 4.3663187 3.0042908 2.7743785 0.92347205 0.68806034 8.429316 17.045454
 9.465565 9.650398 9.24174 0.95765376 1.019527 7.228494 9.523809
 10.046472 7.0718756 6.6121564 0.9349933 0.7039163 8.273642 13.636364
 9.788758 8.643768 8.002639 0.92582756 0.8830301 7.4241166 14.772727
 10.376044 9.250824 8.717682 0.94236815 0.89155596 8.73571 15.909091
 13.241657 13.377287 12.5237465 0.93619484 1.0102427 8.4210415 5.681818
 9.482183 7.488757 6.80371 0.9085233 0.7897714 8.210214 11.363636
 2.982777 0.8146914 0.3509081 0.43072516 0.27313185 3.9670308 21.25
 10.161422 10.2243805 9.638657 0.942713 1.0061959 8.882311 10.227273
 10.797298 10.905777 10.356572 0.9496409 1.0100467 8.553873 11.363636
 2.0978775 0.57166916 0.11808221 0.2065569 0.27249882 2.3761983 19.444445
 14.410652 9.306579 7.5045676 0.8063723 0.64581245 6.202336 12.5
 14.059169 12.36772 10.986833 0.8883475 0.87969065 8.405237 14.772727
 2.126824 0.4796018 0.12098092 0.25225285 0.22550142 1.8613027 20.238094
 0.8668792 0.38006777 0.16902375 0.44472003 0.43843222 4.194122 29.545454
 13.087636 12.301515 11.525022 0.9368782 0.9399341 8.450338 10.227273
 33.82238 11.741521 2.0432718 0.17402105 0.3471524 1.1758859 15.909091
 78.14754 65.56475 58.97187 0.8994447 0.8389869 6.0546412 16.17647
 10.454425 11.211421 10.484123 0.93512887 1.0724092 8.83324 5.681818
 12.397388 10.414549 9.564503 0.91837895 0.8400599 8.413351 14.772727
 17.934265 16.57012 15.60622 0.941829 0.9239364 8.041263 10.227273
 7.499084 5.2078595 4.690485 0.900655 0.6944661 8.187261 17.045454
 8.159339 7.412349 6.924584 0.93419564 0.9084497 8.909028 14.285714
 2.059657 0.5866285 0.12783477 0.21791436 0.28481853 2.2830663 15.476191
 7.307777 3.3080401 2.9727654 0.89864856 0.4526739 7.4942055 19.318182
 10.537247 10.607682 9.7777405 0.9217603 1.0066844 8.143991 6.818182
 12.765306 12.863224 12.051642 0.9369068 1.0076706 8.223856 5.681818
 13.885201 12.769944 11.933687 0.9345136 0.9196801 8.278214 9.090909
 23.528078 22.403627 21.0426 0.9392497 0.95220816 8.251132 11.363636
 6.7907314 6.079141 5.680154 0.93436784 0.8952115 8.50804 10.227273
 12.125283 10.883252 10.062123 0.9245511 0.89756685 6.014805 13.235294
 17.485899 13.676766 11.864878 0.8675207 0.7821598 7.7965484 11.363636
 9.750672 6.3100595 5.859173 0.9285448 0.6471409 7.893777 15.909091
 1.243259 0.3621683 0.15505287 0.42812377 0.29130563 3.0036457 21.052631
 11.314061 10.913107 10.204642 0.9350813 0.9645614 7.9431763 12.5
 11.054156 10.552737 9.60585 0.910271 0.95463973 8.876983 5.681818
 13.314276 12.644184 11.827308 0.93539506 0.9496712 7.3911967 13.636364
 6.754549 4.990228 4.483942 0.89854443 0.7387952 6.700326 13.888889
 1.8106631 0.55574137 0.16893986 0.3039901 0.30692697 2.8896787 20.833334
 7.7636323 6.149797 5.445135 0.88541704 0.79212886 6.4270225 16.17647
 1.839611 0.65540755 0.09778503 0.1491973 0.35627505 1.7564839 18.333334
 6.6305947 6.063524 5.6470785 0.9313196 0.9144766 7.492863 12.5
 8.043624 8.287568 7.8927803 0.9523639 1.0303277 8.516314 10.227273
 0.9121789 0.22703387 0.0733835 0.3232271 0.24889183 3.4840467 22.727272
 11.995699 11.803381 11.143416 0.94408685 0.9839678 8.207248 10.227273
 9.137365 8.476824 7.986691 0.9421797 0.92770976 8.577404 11.363636
 0.8642882 0.21780118 0.11786149 0.5411425 0.25200063 7.8201733 16.666666
 11.824633 8.770106 8.3674965 0.954093 0.74168104 6.579148 15.909091
 14.013446 7.023906 6.236106 0.88784015 0.5012262 7.6069384 17.045454
 13.459742 13.283631 12.530772 0.9433243 0.98691577 8.680185 6.818182
 12.512172 6.4222994 4.7998495 0.74737245 0.51328415 6.646828 17.045454
 12.595956 12.629412 11.911343 0.9431431 1.0026561 8.728256 10.227273
 1.5670806 0.41055828 0.07809989 0.19022852 0.26198927 1.7176979 21.052631
 13.469882 11.27719 10.073945 0.89330274 0.8372152 7.8591475 13.636364
 9.564717 6.619378 6.025851 0.9103349 0.6920621 8.086322 18.181818
 1.8215264 1.2004613 0.52410895 0.43658963 0.6590414 5.278257 17.1875
 12.934815 12.651589 11.91312 0.9416303 0.9781036 8.254579 10.227273
 44.295593 43.156113 40.43122 0.9368596 0.9742755 8.588904 7.9545455
 2.3009238 0.69152796 0.10239016 0.14806366 0.3005436 1.2941897 21.875
 4.051405 3.468558 3.1138847 0.89774615 0.8561371 8.582382 13.095238
 5.9858 5.606498 5.3118405 0.9474436 0.936633 9.385733 11.363636
 13.550744 9.495055 8.348314 0.8792276 0.7007036 7.8410172 13.636364
 2.8265235 0.6994078 0.24024181 0.34349316 0.24744454 4.1875052 14.285714
 6.0878587 5.2489104 4.8029566 0.91503876 0.8621932 7.5440083 13.75
 12.954345 10.953061 10.182487 0.92964756 0.84551257 8.642349 17.045454
 13.841081 3.4335017 2.2078068 0.643019 0.24806602 4.3710413 14.772727
 3.1258583 0.84770447 0.20767687 0.24498735 0.27119094 2.436982 13.75
 12.002739 11.428883 10.786042 0.943753 0.95218956 8.072449 14.772727
 17.83477 16.660133 15.674842 0.9408593 0.93413776 8.068783 10.227273
 5.2933326 1.4551109 0.33506516 0.23026778 0.27489504 2.5160637 15.909091
 12.958263 11.760197 10.952374 0.9313088 0.9075442 8.351413 14.772727
 4.167384 2.9180605 2.7076292 0.9278866 0.70021397 8.909841 15.0
 21.122984 18.16684 15.876854 0.873947 0.86005074 4.4058595 9.615385
 12.753599 12.076533 11.273645 0.9335167 0.9469118 8.457207 7.9545455
 11.027381 6.5369205 5.7000093 0.87197167 0.59278995 7.620427 14.772727
 6.186791 5.424598 4.970274 0.9162474 0.8768032 8.186099 10.227273
 3.666429 2.6148367 2.236463 0.8552974 0.7131835 7.524903 17.045454
 3.1379323 0.7589035 0.47633237 0.62765867 0.24184828 6.366114 17.105263
 12.194064 10.60922 9.94445 0.9373404 0.87003154 7.5688505 14.772727
 12.1453085 11.688544 10.918387 0.93411016 0.9623917 8.272836 11.363636
 9.033438 6.0359006 5.219169 0.8646877 0.6681732 8.821153 15.909091
 1.0629455 0.25479928 0.07384652 0.28982234 0.23971057 2.1828156 25.0
 7.2243648 5.8143444 5.4102263 0.9304964 0.8048243 8.343418 17.045454
 0.7838979 0.22006606 0.06288037 0.28573406 0.28073308 2.7187562 20.0
 14.148959 13.663915 12.872384 0.9420715 0.9657187 8.178087 9.090909
 2.9347064 0.7969316 0.20817131 0.26121604 0.2715541 2.111232 21.052631
 52.05999 50.14363 43.625256 0.87000585 0.96318936 4.60742 1.9230769
 85.295456 82.92457 77.242355 0.9314773 0.97220385 8.78964 5.681818
 12.489024 11.960623 11.323956 0.9467697 0.9576907 8.637859 12.5
 13.153542 11.865189 11.1600275 0.940569 0.90205276 8.252675 10.227273
 11.158632 11.096109 10.422136 0.9392604 0.9943969 8.675859 9.090909
 12.648375 12.643046 11.948644 0.94507635 0.9995787 8.776844 10.227273
 8.535056 5.1221166 4.1632514 0.812799 0.6001269 8.124148 14.772727
 20.869238 20.935627 19.636734 0.93795776 1.0031812 8.474242 5.681818
 9.402922 7.080599 6.410869 0.90541345 0.7530211 6.057112 11.764706
 11.585322 11.071994 10.413275 0.9405058 0.9556915 7.7265477 13.095238
 16.11809 12.898923 11.933248 0.92513514 0.80027616 8.374544 12.5
 9.2732725 6.60428 5.653116 0.8559776 0.7121844 5.7431602 16.17647
 10.540387 8.813272 8.11076 0.9202893 0.83614314 8.247436 10.227273
 16.469448 14.974197 14.068333 0.9395049 0.9092106 9.182658 10.227273
 10.300703 2.7779558 0.98372793 0.35411936 0.26968604 3.4886622 16.25
 5.7912846 5.7114406 5.3216987 0.93176115 0.9862131 8.254147 13.095238
 102.48997 98.06132 90.061165 0.9184168 0.95678943 6.0965776 1.4705882
 2.639116 0.5743156 0.15345421 0.26719493 0.21761665 0.90457684 17.857143
 31.596533 30.779856 28.5297 0.9268952 0.9741529 8.475807 7.9545455
 13.1815405 13.394925 12.523784 0.93496484 1.016188 8.2408695 7.9545455
 18.569872 17.031721 15.936056 0.9356692 0.9171695 8.310298 13.636364
 9.544545 8.9882345 8.299552 0.92337954 0.9417143 8.475054 7.9545455
 13.029986 12.366472 11.485785 0.9287842 0.9490779 8.204816 9.090909
 1.6462817 0.3218836 0.0767615 0.23847596 0.19552156 2.706995 18.421053
 9.191006 9.107751 8.541036 0.93777657 0.99094164 8.164831 14.772727
 8.746745 8.5406065 8.049503 0.9424979 0.9764325 8.426452 10.227273
 2.1078486 0.57944286 0.17319116 0.29889256 0.27489778 2.5099418 20.833334
 6.4866247 3.9699583 3.6353652 0.91571873 0.61202216 7.254154 15.909091
 9.493464 9.433146 8.87942 0.9412999 0.9936464 8.3676605 13.636364
 2.9073508 2.6435838 2.459488 0.9303612 0.9092758 8.203382 17.857143
 12.663607 7.948636 6.966653 0.8764589 0.62767553 5.990607 13.235294
 10.176991 3.8040748 2.887206 0.75897723 0.37379166 5.9462996 14.772727
 8.877919 6.0139413 5.275639 0.8772349 0.67740434 7.61412 13.636364
 3.5689423 0.84576094 0.27115726 0.32060745 0.23697804 2.5840116 12.5
 15.935459 13.5025425 12.689392 0.9397779 0.8473269 8.503585 12.5
 16.071936 15.157812 14.107933 0.93073684 0.9431229 8.086172 7.9545455
 1.881235 0.46107766 0.07112101 0.15424952 0.24509306 1.1709881 17.857143
 11.316507 12.137602 11.576796 0.9537959 1.0725572 8.539048 7.9545455
 14.631301 12.633124 11.765709 0.931338 0.8634314 8.477792 15.909091
 1.2351469 0.2926203 0.04242535 0.1449843 0.23691134 1.3940667 25.0
 7.07953 6.9953823 6.569325 0.9390944 0.988114 8.185784 9.090909
 8.070691 6.998149 6.3919034 0.9133706 0.86710656 9.416404 11.363636
 15.610684 14.596341 13.776236 0.94381434 0.9350225 8.149591 12.5
 8.674534 4.9391193 4.361124 0.882976 0.5693815 7.740719 12.5
 1.2134657 0.29831392 0.054080203 0.18128622 0.2458363 1.6557101 19.117647
 9.324121 4.361461 3.589362 0.8229723 0.46776107 7.42102 18.181818
 13.648189 10.80166 9.857014 0.9125462 0.7914354 8.078071 14.772727
 2.2388191 0.5150925 0.11677978 0.22671615 0.2300733 2.5018246 20.238094
 13.752304 12.738823 12.098666 0.9497476 0.92630464 8.223653 13.636364
 1.109651 0.35611066 0.14357625 0.40317875 0.32092133 2.6257238 22.5
 1.7672505 0.50710094 0.122902825 0.24236363 0.28694344 2.966572 22.222221
 1.7934685 0.65942717 0.38688555 0.5866994 0.3676826 4.982272 19.047619
 50.2917 51.573963 48.89633 0.9480818 1.0254966 8.658277 11.363636
 13.861862 13.765927 12.987305 0.9434384 0.9930792 8.294905 13.636364
 6.861308 5.599247 5.06777 0.9050807 0.81606114 8.401335 12.5
 10.201769 9.421076 8.891328 0.94376993 0.9234747 8.460078 14.772727
 105.42268 103.14339 94.29929 0.91425437 0.9783795 5.583734 1.5625
 8.714266 3.453103 2.6685662 0.7728024 0.39625862 6.6962748 14.772727
 17.906652 17.558893 16.58649 0.94462043 0.9805794 8.403776 10.227273
 90.09743 89.65659 82.885254 0.9244747 0.9951072 8.358978 1.1363636
 9.486101 8.447415 7.9830127 0.9450242 0.89050454 8.62778 9.090909
 14.340184 13.854086 13.1306095 0.9477789 0.96610236 8.487802 10.227273
 6.045412 6.090725 5.670285 0.9309705 1.0074954 8.79108 11.363636
 17.954939 6.6456084 3.7182517 0.55950505 0.37012705 4.758078 18.181818
 2.8861527 0.8252181 0.3171505 0.38432324 0.2859232 4.112937 15.476191
 2.8665884 1.2513602 0.34293193 0.27404732 0.4365329 2.3506303 21.153847
 6.2308087 5.4540424 5.105209 0.93604124 0.8753346 5.7376113 15.0
 10.31136 8.820307 8.180282 0.9274373 0.8553969 6.796322 11.25
 15.484751 11.064787 10.47803 0.9469708 0.7145602 7.754639 12.5
 12.239416 11.380909 10.625232 0.9336014 0.9298572 7.291765 12.5
 5.8193955 1.1015779 0.34740782 0.3153729 0.1892942 2.9408786 15.0
 10.732482 10.408656 9.900854 0.9512135 0.9698275 5.784141 9.375
 9.798845 9.681755 9.108028 0.9407415 0.98805064 6.7151213 9.722222
 14.171991 15.394904 14.242766 0.9251611 1.0862908 5.0590377 8.928572
 12.263867 14.301385 13.073007 0.91410774 1.1661398 4.9597287 16.071428
 2.981245 0.84790176 0.3180821 0.37514028 0.28441197 1.821383 12.5
 11.532958 12.358191 10.982565 0.8886871 1.0715543 3.915928 8.333333
 1.0 12.782925 10.976719 9.958358 0.9072254 0.8587017 82.10114 13.561653 163.0
