 9.318789 9.134518 8.735006 0.9562636 0.9802259 8.722965 6.818182
 11.174126 11.3241825 10.5313225 0.92998517 1.013429 9.709395 6.818182
 128.82756 134.84877 120.175255 0.8911854 1.0467385 4.2413664 0.0
 7.9036784 7.3577933 6.081055 0.8264781 0.93093276 8.981545 11.904762
 108.75468 103.24755 97.54012 0.94472086 0.949362 8.984154 11.363636
 116.89429 120.64599 112.30672 0.9308782 1.0320947 7.942505 2.5
 9.310156 9.268333 8.168511 0.8813356 0.99550784 9.964424 6.818182
 128.26886 136.13452 121.781166 0.8945649 1.0613216 4.228573 8.333333
 5.425504 3.6205356 2.461854 0.67996955 0.6673178 7.6578093 15.909091
 90.8292 84.800545 78.50414 0.92575043 0.9336264 7.3989544 6.9444447
 99.59071 101.464386 96.23225 0.94843376 1.0188136 8.992308 5.681818
 1.1055521 0.31067362 0.091450095 0.2943607 0.28101218 1.5619726 17.5
 120.964355 120.27972 114.41103 0.951208 0.9943402 8.9223385 3.409091
 13.166977 13.238327 12.361336 0.93375367 1.0054189 8.975022 7.9545455
 118.66307 117.35042 110.21723 0.93921465 0.98893803 9.133041 13.636364
 69.39044 71.061386 64.54326 0.90827465 1.0240803 8.929104 1.1363636
 101.657555 95.9658 89.379684 0.93137026 0.9440105 8.91739 13.636364
 112.839874 114.34866 106.197525 0.9287168 1.0133711 8.831724 3.409091
 6.549797 6.199458 5.6349244 0.9089382 0.9465115 8.114975 11.363636
 3.9021287 1.5893044 0.78838325 0.4960555 0.40729165 5.1926136 17.5
 125.45713 128.2555 118.17927 0.9214363 1.0223054 7.068508 1.3888888
 4.013663 1.4844508 0.5722245 0.38547894 0.36984938 3.8200357 14.772727
 127.350105 132.15562 124.41402 0.9414205 1.0377347 9.122065 5.681818
 10.026499 9.422013 8.542791 0.9066843 0.9397112 10.227046 6.818182
 118.59574 121.82482 113.50458 0.9317032 1.0272276 7.868071 16.25
 111.30753 110.60211 99.84616 0.9027509 0.9936624 4.652893 1.9230769
 75.13607 73.99135 66.76919 0.90239185 0.9847647 5.2110353 1.7857143
 26.769064 6.8154216 1.4051968 0.206179 0.25460067 1.7202923 13.095238
 109.686356 106.16577 95.60857 0.90055925 0.9679032 4.9507036 1.7857143
 128.34941 132.4261 118.84878 0.8974725 1.0317624 4.227399 8.333333
 7.455471 6.6828094 3.5927353 0.5376085 0.8963631 6.0761123 11.363636
 12.359568 6.791165 1.937134 0.28524327 0.54946625 2.6271877 16.666666
 11.585027 8.39418 6.628501 0.7896544 0.7245715 3.2805634 15.909091
 10.394021 7.9277573 5.239215 0.6608698 0.76272285 6.0733175 10.227273
 4.3975344 3.0092795 2.303995 0.76563007 0.6843107 6.0068913 16.666666
 123.89518 123.40528 109.42211 0.886689 0.9960459 4.127447 2.0833333
 6.716737 6.234134 5.739408 0.9206424 0.9281493 9.68456 9.090909
 117.048904 122.17496 115.323906 0.94392425 1.0437942 8.007538 3.75
 117.64445 120.36915 105.85387 0.87941027 1.0231605 4.162091 4.1666665
 10.710939 10.011983 9.387876 0.9376639 0.9347437 9.039315 7.9545455
 5.1746726 3.2451987 2.825398 0.87063944 0.62713116 8.013844 14.285714
 15.91303 13.271133 8.320965 0.62699735 0.833979 4.27411 5.357143
 107.05404 109.973175 102.38568 0.9310059 1.0272679 8.997352 4.5454545
 8.877781 8.40687 8.047151 0.95721126 0.9469562 8.734108 5.681818
 5.342504 3.570969 3.1345904 0.8777982 0.6684074 9.9871 14.772727
 69.636314 68.88651 65.13868 0.94559413 0.98923254 8.772361 0.0
 76.2017 77.922676 73.782684 0.94687045 1.0225846 8.772221 1.1363636
 99.731064 101.03002 91.37768 0.9044606 1.0130246 8.789382 5.681818
 79.147514 79.28839 74.61025 0.9409984 1.0017799 9.148592 7.9545455
 6.1289043 4.388814 3.951191 0.90028673 0.7160846 8.584865 13.636364
 121.328125 128.1771 121.34059 0.9466637 1.0564499 8.041368 1.25
 105.80597 108.70845 101.924706 0.9375969 1.0274322 8.708106 3.409091
 7.9983068 6.7682385 6.3828707 0.94306237 0.84620893 8.897591 10.714286
 3.9828875 1.4939044 0.46083063 0.30847397 0.37508073 4.065447 13.636364
 2.7288876 0.8609605 0.35352233 0.4106139 0.3154987 3.896195 18.75
 2.8786564 0.7733273 0.09773088 0.12637712 0.26864174 0.8409912 13.636364
 5.915446 1.2916963 0.27678278 0.21427852 0.21835993 1.9923365 19.318182
 100.26143 102.09641 96.92664 0.9493638 1.0183021 8.966443 3.409091
 8.77107 8.143554 7.48765 0.9194572 0.92845625 7.2803783 10.227273
 111.4896 112.2434 97.96539 0.8727942 1.0067612 8.445057 4.5454545
 3.1114628 1.2754377 0.46892402 0.36765733 0.40991578 3.9978318 18.421053
 7.5430036 4.53513 3.669866 0.8092086 0.60123664 7.182029 12.5
 115.8098 118.909485 111.078636 0.9341445 1.0267653 6.3120127 7.352941
 76.0771 74.13432 67.24312 0.90704435 0.97446305 6.3749094 2.9411764
 118.65023 114.78905 106.99894 0.9321354 0.9674574 6.1897364 4.6875
 4.747314 3.1099346 1.8340074 0.5897254 0.6550935 5.962458 18.333334
 7.9944916 6.793997 6.360087 0.9361333 0.84983474 5.6398683 10.714286
 110.204185 111.58818 103.40785 0.92669183 1.0125585 5.505107 7.142857
 16.169945 15.499566 12.591109 0.81235236 0.95854163 5.171572 10.416667
 1.0 56.92916 56.398705 51.58993 0.9147361 0.9906822 406.5142 8.794325 69.0
