 24.494856 27.799858 26.108671 0.93916565 1.1349263 9.09772 1.1363636
 16.853132 14.743275 13.649107 0.9257853 0.87480915 9.206365 5.681818
 166.55133 171.34184 151.52466 0.88434124 1.0287629 8.641875 2.2727273
 168.37096 174.4724 164.32607 0.94184566 1.0362381 8.856912 4.5454545
 69.902794 52.140236 48.894085 0.93774194 0.7458963 8.427876 13.636364
 33.32209 36.833706 35.22098 0.95621604 1.1053841 9.616171 2.2727273
 4.7646556 4.830341 4.436818 0.918531 1.013786 3.6017041 9.090909
 20.889597 20.272333 11.1245 0.54875284 0.9704511 5.340373 7.9545455
 161.9744 168.47218 154.7781 0.91871613 1.0401161 5.8929496 1.5625
 3.9264448 1.8593771 1.2436686 0.668863 0.47355235 8.695775 20.0
 18.277985 16.648556 15.60746 0.9374663 0.91085285 8.048755 4.5454545
 161.96048 149.2218 126.718506 0.8491956 0.921347 6.772038 5.681818
 99.388405 116.98558 114.41977 0.97806734 1.1770545 4.1699333 7.8125
 12.1044855 7.335653 4.838734 0.65961874 0.60602766 7.264694 15.789474
 14.868947 14.511735 13.885565 0.95685077 0.97597593 7.367258 4.5454545
 68.06605 66.74903 62.928284 0.94275945 0.9806509 8.988109 3.409091
 108.4075 103.75826 97.63348 0.94097066 0.95711327 8.299085 5.952381
 157.10359 167.55678 151.73602 0.90557975 1.0665369 3.9209054 0.0
 119.28571 124.75288 114.7509 0.91982573 1.0458325 8.663395 1.1363636
 146.01584 152.04808 145.01799 0.9537641 1.0413122 9.00319 1.1363636
 151.92886 158.35017 150.99129 0.9535278 1.0422652 8.933275 1.1363636
 137.07513 135.97879 129.98189 0.9558983 0.99200183 9.667897 7.9545455
 168.4605 175.6178 166.28987 0.94688505 1.0424867 7.3672004 7.894737
 19.178747 16.973896 16.144653 0.95114607 0.8850367 8.767131 12.5
 13.931975 11.792728 9.614235 0.8152681 0.84645057 9.055668 9.090909
 161.18822 169.73164 154.82341 0.9121658 1.0530028 5.0182157 1.7857143
 22.116636 20.353575 18.391714 0.903611 0.92028356 7.440851 10.714286
 150.252 153.32793 145.9695 0.9520086 1.0204718 8.5853815 3.5714285
 151.4799 154.7284 139.19374 0.8996005 1.021445 8.207188 2.3809524
 177.70427 184.07597 167.06134 0.9075673 1.0358558 4.498911 0.0
 24.516724 16.959974 12.17727 0.7180005 0.6917717 6.050266 3.125
 27.83893 30.25944 23.982752 0.7925709 1.0869468 4.841438 4.6875
 120.46148 117.16357 105.97784 0.904529 0.9726227 5.5489 6.6666665
 173.06833 179.7095 164.65886 0.9162502 1.0383731 5.4783053 6.6666665
 99.664215 99.180046 89.10363 0.89840275 0.995142 4.4943056 1.9230769
 1.0 90.72558 91.90107 84.3773 0.9181319 1.0129565 649.3974 5.664576 35.0
