 71.01858 73.43509 68.68914 0.93537223 1.0340265 10.101096 7.9545455
 25.59061 19.283945 12.771001 0.6622608 0.7535555 3.1819527 12.5
 5.3780384 1.6553153 1.1305485 0.6829808 0.30779162 6.598017 15.909091
 13.213218 11.370441 10.304361 0.90624106 0.86053544 9.419863 14.772727
 11.508693 4.313494 1.6828504 0.3901362 0.37480313 4.0598574 15.909091
 10.80799 9.217284 8.374062 0.90851724 0.8528213 8.555693 12.5
 37.822857 36.596466 34.14563 0.9330308 0.96757543 9.630918 9.090909
 48.300304 45.16983 41.552547 0.9199182 0.9351873 9.292907 4.5454545
 11.367858 7.437311 4.85491 0.6527776 0.65424037 8.172384 13.636364
 23.864246 23.787424 22.166985 0.93187827 0.9967809 9.42635 9.090909
 15.405197 13.427525 12.099161 0.9010716 0.871623 8.755716 5.681818
 19.914616 19.43389 15.636567 0.8046031 0.97586066 8.704534 9.090909
 16.498272 14.5661745 12.98045 0.89113647 0.88289094 9.088282 12.5
 35.502537 33.67925 31.33573 0.9304166 0.9486434 9.334071 11.363636
 32.694637 31.810053 29.523571 0.9281208 0.9729441 9.618043 12.5
 52.58793 54.675762 51.36183 0.93938947 1.0397017 9.958781 7.9545455
 50.653427 42.751183 37.89168 0.8863306 0.8439939 9.0508375 17.045454
 65.80101 64.21421 60.429234 0.9410571 0.9758848 9.501242 3.409091
 13.017678 8.0700865 6.2458324 0.77394867 0.61993283 9.593079 19.318182
 10.595845 5.5839777 3.6730103 0.65777665 0.5269969 7.8903966 15.909091
 59.880623 60.15755 56.4228 0.9379172 1.0046246 9.852809 4.5454545
 35.36189 31.245317 28.991896 0.9278797 0.8835873 9.679611 13.636364
 2.90991 0.8731512 0.28997847 0.3321057 0.30006123 2.7392952 18.75
 49.79366 50.829456 47.24327 0.92944676 1.0208018 9.660317 7.9545455
 36.81067 21.365993 18.820854 0.8808789 0.5804294 3.6970146 15.384615
 14.118838 14.44621 13.667714 0.9461107 1.0231869 9.672703 11.363636
 17.947884 17.377089 16.203089 0.93243974 0.96819705 9.820006 11.363636
 24.932045 25.096025 23.476324 0.9354598 1.0065771 8.779225 11.363636
 57.972984 59.475414 53.54377 0.9002673 1.0259161 4.638962 12.5
 10.228518 9.142045 8.004724 0.87559444 0.89378005 9.983551 13.636364
 1.7607536 0.5016951 0.1060043 0.21129227 0.28493205 2.5023088 23.529411
 71.61357 56.424206 52.210728 0.925325 0.78789824 9.983048 12.5
 18.605331 16.71339 15.306938 0.9158488 0.8983119 9.898509 12.5
 40.450073 37.85148 35.55966 0.9394524 0.93575794 9.32698 12.5
 24.550167 25.970356 24.49026 0.9430082 1.0578485 9.569976 11.363636
 74.259544 74.12849 69.69536 0.94019663 0.99823517 9.790476 7.9545455
 32.393776 25.94423 21.550144 0.83063346 0.8009017 12.403899 12.5
 61.2223 63.28503 59.74879 0.944122 1.0336925 8.418972 3.75
 59.843 61.04053 57.12512 0.9358555 1.0200112 9.966344 3.409091
 31.822083 28.938839 26.664503 0.9214089 0.9093949 10.00454 7.9545455
 17.83261 16.491354 14.719166 0.89253837 0.9247863 10.257629 13.636364
 28.339315 27.61409 25.765734 0.93306476 0.97440916 9.511647 12.5
 21.638002 15.945133 13.869346 0.86981684 0.7369041 9.070865 12.5
 34.52485 31.085815 29.263054 0.94136363 0.9003896 9.136332 10.227273
 12.570748 5.5264955 3.8469152 0.6960859 0.43963137 8.850649 18.181818
 21.562943 22.27704 21.141558 0.949029 1.0331168 8.468832 12.5
 6.0324974 4.0377054 2.193297 0.5432038 0.66932565 5.94319 15.476191
 38.735554 36.7548 34.758793 0.94569397 0.94886476 9.232283 14.772727
 2.2002537 0.77513945 0.22493906 0.29019174 0.3522955 2.299688 23.333334
 58.368656 62.557537 58.26928 0.93145096 1.0717659 7.085742 5.5555553
 10.2656145 6.8560266 5.292644 0.77196956 0.66786325 7.601085 14.772727
 27.310795 23.854942 22.07367 0.92532897 0.873462 9.262033 12.5
 20.88206 17.621271 14.483288 0.82192075 0.8438474 9.3700075 15.909091
 44.71151 42.616173 39.0209 0.91563606 0.9531365 9.871819 11.363636
 12.650648 12.816566 11.90858 0.9291553 1.0131154 8.993917 7.9545455
 26.27674 27.403322 25.966679 0.94757414 1.0428737 9.796833 8.333333
 30.224049 29.22784 26.524448 0.9075062 0.9670392 8.870995 13.636364
 41.11851 41.519142 38.80383 0.93460095 1.0097432 9.628972 5.681818
 56.455074 57.17322 53.592106 0.93736374 1.0127207 9.570998 5.681818
 29.983318 30.717674 28.224712 0.91884273 1.0244921 9.626512 7.9545455
 40.825825 40.216545 37.36037 0.9289802 0.9850761 9.135812 6.818182
 4.3421416 2.1569061 1.9119002 0.8864086 0.49673787 8.656046 17.857143
 34.031483 34.813473 32.244034 0.92619413 1.0229784 9.644961 11.363636
 21.803589 15.011319 12.96617 0.8637596 0.6884793 3.5427063 9.615385
 4.341761 2.1807892 1.8824078 0.86317724 0.5022822 3.1544104 12.5
 34.737545 35.62668 33.337826 0.93575454 1.0255958 9.765522 5.681818
 29.84816 28.401236 26.499111 0.9330267 0.95152384 9.364663 10.227273
 77.217636 77.37699 72.46996 0.93658286 1.0020638 8.928193 5.681818
 54.113487 54.55521 50.987278 0.93459964 1.008163 9.2994175 11.363636
 18.80908 11.065089 9.489941 0.85764706 0.58828443 7.9800057 15.476191
 31.240181 27.009106 23.098427 0.8552089 0.8645631 4.238186 12.5
 64.46655 58.580414 52.902847 0.9030808 0.9086947 3.8230646 2.0833333
 45.492836 43.86605 39.60436 0.90284765 0.96424085 10.332586 10.227273
 2.9194152 1.1501428 0.46401262 0.40343913 0.3939634 3.2037556 12.5
 33.81582 31.659185 29.988403 0.947226 0.93622416 9.192932 7.9545455
 15.493253 12.800964 11.93412 0.9322829 0.8262284 9.841464 15.909091
 22.839048 21.151745 19.461033 0.9200675 0.926122 8.747952 12.5
 39.510254 39.001217 36.438 0.93427855 0.9871163 9.433127 6.818182
 22.469324 23.080456 21.90133 0.9489124 1.0271984 9.176587 11.363636
 27.292019 28.35824 26.184338 0.92334145 1.0390671 4.616711 8.928572
 62.082542 62.349586 58.35537 0.9359384 1.0043014 9.133591 10.714286
 45.202793 42.863674 39.889107 0.93060404 0.94825274 9.435574 5.681818
 6.032922 2.6780047 1.351579 0.50469625 0.44389844 5.7217393 15.909091
 55.663147 50.01306 46.642918 0.93261474 0.898495 9.521471 7.9545455
 2.4077847 0.59565234 0.16896975 0.28367177 0.24738604 2.0900772 18.421053
 22.273134 21.592724 19.364761 0.89681894 0.9694514 10.268023 11.363636
 8.193241 7.36162 6.8237886 0.92694116 0.89849913 9.69497 9.090909
 13.99336 13.07453 12.226887 0.93516845 0.93433815 7.2601614 14.772727
 2.5473173 0.75355804 0.094243854 0.12506516 0.29582417 1.330536 16.666666
 19.946642 16.215254 12.916933 0.7965914 0.81293154 8.614957 7.9545455
 29.135956 27.58455 25.428545 0.92184013 0.9467529 9.061877 11.363636
 19.746155 18.614399 17.147608 0.92120135 0.9426847 9.320275 12.5
 56.047623 56.817963 53.430172 0.9403746 1.0137445 9.343829 7.9545455
 6.753158 4.6109257 2.1173215 0.4591966 0.6827807 4.822482 15.909091
 14.082052 12.266803 11.573705 0.943498 0.8710948 8.820654 10.227273
 13.728419 12.561341 11.953674 0.95162404 0.9149882 9.389653 10.227273
 35.293747 35.57321 33.31035 0.9363886 1.0079182 9.334739 9.090909
 20.395815 17.022844 14.281118 0.8389385 0.83462435 9.985085 7.9545455
 7.6133723 2.7493896 1.4718819 0.5353486 0.36112642 3.1117551 14.0625
 11.143307 10.719189 9.93573 0.92691064 0.96193963 9.619827 11.363636
 26.9202 24.229828 22.701786 0.93693554 0.9000612 9.500451 6.818182
 38.102154 37.121803 34.50021 0.92937857 0.9742704 10.161413 11.363636
 36.615 39.00999 37.06382 0.950111 1.06541 9.700296 12.5
 11.583998 9.680141 9.149048 0.9451357 0.83564776 9.525128 12.5
 6.3577733 3.127483 2.361126 0.7549604 0.4919148 8.036692 17.045454
 28.262487 23.94232 22.106396 0.92331886 0.84714127 8.772823 12.5
 58.969006 60.88634 56.334835 0.9252458 1.0325143 8.360041 3.75
 34.755814 36.478443 34.385822 0.942634 1.0495638 9.639275 5.681818
 6.731589 1.6814797 0.66611665 0.39614907 0.24978943 4.2508316 19.318182
 3.8945413 1.3333899 0.5629469 0.42219228 0.34237406 3.3125951 17.5
 51.88915 57.15621 51.72118 0.90490913 1.1015061 5.2316155 5.0
 10.081476 6.676279 6.0220633 0.90200895 0.6622323 7.82147 15.909091
 17.909403 13.505076 12.520752 0.92711455 0.75407743 9.409457 12.5
 24.750526 20.753204 18.096725 0.8719967 0.83849543 9.723787 14.772727
 8.32889 3.9629626 2.6448052 0.6673808 0.4758092 7.206705 14.772727
 32.977142 33.370827 30.95754 0.92768276 1.0119381 7.6392865 2.631579
 78.99132 87.07918 82.53217 0.9477831 1.1023892 7.865425 7.894737
 73.71514 72.8464 68.85959 0.945271 0.9882148 8.78001 7.9545455
 66.5137 64.96692 60.951397 0.93819124 0.97674495 9.345729 10.227273
 29.61503 27.327513 25.728247 0.94147784 0.9227582 9.250919 15.909091
 44.880863 46.224743 43.018883 0.9306462 1.0299433 9.708967 12.5
 27.036173 23.675714 22.153038 0.9356862 0.8757051 8.773682 7.9545455
 22.923807 24.2312 21.871262 0.9026075 1.0570321 5.700756 11.666667
 22.27199 21.985765 20.568676 0.93554515 0.98714864 9.41056 13.636364
 21.116856 20.620882 19.317736 0.9368045 0.97651285 8.716247 9.090909
 3.9054766 0.71802145 0.10128958 0.14106762 0.18384989 0.9176501 14.772727
 40.862774 26.607367 24.116884 0.9063987 0.65113956 9.525227 17.045454
 35.44755 35.30828 32.78288 0.9284756 0.9960711 10.05547 11.363636
 3.2314665 1.4019426 0.5718485 0.40789723 0.433841 3.3913264 22.222221
 41.9245 40.230026 37.160824 0.9237087 0.95958275 9.540203 13.636364
 31.433748 30.682615 28.200308 0.9190973 0.9761042 4.7059026 7.142857
 48.370552 50.87856 48.127617 0.9459312 1.0518498 9.54282 4.5454545
 19.657822 16.174746 14.227135 0.8795894 0.82281476 8.680608 10.227273
 41.560642 37.675564 33.78037 0.8966121 0.9065203 3.7658508 8.333333
 24.69091 17.573824 15.566388 0.8857712 0.7117528 8.740656 15.909091
 80.96788 74.54454 53.401737 0.71637356 0.92066807 9.188268 4.5454545
 41.618935 39.419838 36.05201 0.91456515 0.9471611 9.238671 13.636364
 63.794277 61.541897 58.10185 0.94410235 0.964693 9.05105 12.5
 45.357822 48.765392 45.665524 0.93643296 1.0751264 9.074211 5.952381
 66.95484 70.62734 66.42461 0.9404942 1.0548505 6.400613 5.882353
 1.622851 0.5839237 0.093197 0.15960476 0.3598135 1.7175279 19.117647
 19.610243 17.762386 16.093845 0.9060632 0.90577084 8.965486 10.227273
 32.339928 32.328743 30.204292 0.934286 0.9996541 9.530395 7.9545455
 82.45133 81.1468 70.71455 0.8714397 0.9841781 3.6910129 2.0833333
 6.4234505 4.498248 3.1809087 0.7071439 0.7002853 5.634923 12.5
 11.155069 9.251234 6.684369 0.72253805 0.82933 7.7705603 14.772727
 36.65984 32.17385 29.37964 0.9131528 0.8776321 7.4481072 12.5
 17.612915 8.5329685 4.5298777 0.53086776 0.48447224 4.9718347 9.090909
 23.632372 20.0704 18.67288 0.9303691 0.84927577 8.377238 6.818182
 69.72338 73.170715 70.02688 0.95703423 1.049443 9.148171 9.090909
 22.795498 20.863468 19.33569 0.9267726 0.91524506 10.257267 14.772727
 31.607819 29.941975 28.442034 0.9499051 0.94729644 9.259649 13.636364
 85.23238 85.94616 80.33622 0.9347273 1.0083745 9.511498 7.9545455
 64.104576 60.694687 19.56771 0.32239577 0.9468074 3.535622 2.2727273
 87.92566 88.48048 82.810844 0.9359222 1.00631 9.411369 14.772727
 16.54201 16.970127 15.895941 0.93670136 1.0258806 10.250187 12.5
 17.008698 14.019914 12.714031 0.90685517 0.8242791 8.973823 11.25
 17.743128 14.936319 14.116714 0.9451266 0.8418087 9.222766 7.9545455
 54.260166 51.704113 49.101242 0.94965833 0.95289266 9.457139 15.909091
 28.706516 27.917479 26.327322 0.94304085 0.9725136 8.957989 4.5454545
 55.38497 55.112617 51.21277 0.9292385 0.99508256 9.062381 9.523809
 56.647514 61.856606 57.1273 0.9235441 1.0919561 6.409912 13.235294
 2.6755939 0.6251926 0.37518612 0.6001129 0.23366497 6.502805 15.476191
 33.80554 35.428185 33.184597 0.9366722 1.0479995 9.157189 11.363636
 67.78518 61.150288 57.159786 0.93474275 0.9021188 9.343529 15.909091
 20.30296 16.274857 14.571027 0.89530903 0.8016003 10.588848 13.636364
 15.569809 12.364219 7.58813 0.6137169 0.794115 7.704003 12.5
 56.75859 62.772163 59.20573 0.9431845 1.10595 6.5313063 5.882353
 2.9822755 0.7149732 0.14189179 0.1984575 0.23974083 1.8309399 18.421053
 48.784725 45.82225 42.61791 0.9300702 0.93927455 6.9789686 8.333333
 32.23269 30.64426 28.081272 0.9163632 0.95071995 9.539804 10.227273
 23.056221 20.0178 17.22001 0.860235 0.8682169 4.5124507 7.6923075
 37.506145 36.176346 33.065853 0.91401863 0.9645445 10.471565 11.363636
 11.632947 7.8270783 6.9352307 0.8860562 0.6728371 7.5600724 13.636364
 29.631199 29.781422 28.047386 0.94177455 1.0050697 9.031568 5.681818
 48.296032 50.833042 45.33796 0.89189935 1.0525304 4.346098 7.6923075
 52.14128 55.357548 49.20409 0.88884157 1.0616837 4.255904 15.384615
 19.763994 18.426718 17.075783 0.92668605 0.9323378 9.518756 10.227273
 10.802339 6.6487474 5.408512 0.8134633 0.6154915 6.2033143 14.772727
 25.791681 23.06597 19.338442 0.83839715 0.89431816 6.409646 10.227273
 7.51888 3.1500247 1.0246919 0.32529652 0.41894865 2.9268208 17.045454
 40.57601 37.958824 34.863327 0.9184512 0.93549913 8.8146305 10.714286
 55.75629 54.780094 51.344936 0.93729186 0.98249173 9.353932 7.9545455
 41.116203 39.19038 36.62704 0.93459266 0.9531614 9.454793 12.5
 33.705784 31.781702 29.692226 0.93425536 0.94291544 9.795921 12.5
 50.238174 49.6798 46.62057 0.9384211 0.98888546 8.914143 12.5
 24.73786 23.711847 22.925512 0.9668378 0.95852464 9.235495 14.772727
 50.682335 49.074924 45.407562 0.92527014 0.9682846 9.831599 7.9545455
 14.691852 10.108748 8.9148 0.8818895 0.6880514 5.002411 13.888889
 49.820065 49.757637 46.78257 0.94020885 0.9987469 9.508976 7.9545455
 37.186073 35.69003 33.357357 0.9346407 0.9597687 9.405643 7.9545455
 23.245314 18.172552 15.940378 0.8771678 0.78177273 9.575599 13.636364
 14.387621 12.872852 11.657098 0.90555674 0.8947172 9.51169 10.227273
 56.242336 55.820263 52.933414 0.9482832 0.9924954 8.831747 10.227273
 26.603216 25.811928 24.175177 0.9365894 0.97025585 4.962226 10.0
 14.644703 6.1249704 4.3029013 0.70251787 0.41823795 6.493707 14.772727
 50.10057 50.952385 48.082966 0.94368434 1.0170021 9.435568 13.636364
 41.068756 27.5697 24.391973 0.88473845 0.6713059 9.095801 18.181818
 3.3143005 1.0625824 0.4917145 0.46275425 0.3206053 5.7347846 17.045454
 40.842148 42.438744 40.148026 0.946023 1.0390918 10.406843 9.090909
 44.8922 38.42164 34.476162 0.89731103 0.85586447 9.299247 12.5
 25.09578 23.588615 21.713858 0.9205228 0.9399435 9.575956 13.636364
 2.9685934 0.74734074 0.29728758 0.39779392 0.2517491 4.7606 16.666666
 14.4962635 11.290577 8.6600895 0.7670193 0.77886117 8.524188 15.909091
 79.78239 83.710754 77.519684 0.92604214 1.0492386 7.7283893 2.631579
 42.386448 43.353786 40.48148 0.9337473 1.0228219 9.523461 7.9545455
 57.04685 60.614372 55.686024 0.9186934 1.0625367 5.0500693 6.6666665
 43.84043 45.535686 42.969746 0.94364995 1.0386688 9.353362 5.681818
 40.59256 40.751293 37.920383 0.9305321 1.0039104 9.1707115 5.681818
 26.61769 23.259367 20.639494 0.8873627 0.8738312 11.026319 10.227273
 3.6382356 0.8383266 0.27895275 0.33274952 0.23042119 2.292074 17.857143
 60.464474 61.459625 58.45164 0.9510576 1.0164584 9.477199 5.681818
 30.31999 28.8518 27.159525 0.94134593 0.9515768 8.587362 13.636364
 71.69425 45.705647 41.601246 0.9101992 0.6375078 9.129262 14.772727
 35.724014 32.87944 30.698483 0.9336681 0.9203736 9.425344 10.227273
 15.875548 7.5068383 5.8310966 0.7767713 0.4728554 6.0810447 15.909091
 66.65487 64.779396 60.766552 0.93805367 0.97186285 9.481612 9.090909
 13.267621 11.8670225 10.784963 0.90881795 0.8944348 9.82589 11.363636
 47.118755 46.884224 44.290264 0.94467306 0.9950226 9.590047 7.9545455
 34.988625 35.201202 33.75819 0.9590068 1.0060756 9.671789 7.9545455
 29.876507 23.992353 21.808153 0.90896267 0.8030508 8.044081 15.909091
 36.108196 33.150723 31.129948 0.9390428 0.91809416 9.6375 7.9545455
 26.519268 24.731783 22.83181 0.9231768 0.9325968 9.702123 13.636364
 20.761713 20.13497 18.851269 0.93624514 0.9698125 9.243413 13.636364
 29.881985 27.64657 24.814928 0.8975771 0.9251919 9.792111 7.9545455
 28.11078 24.974873 21.89215 0.87656707 0.88844466 10.839637 13.636364
 20.763878 9.153046 5.527665 0.60391533 0.44081584 7.851396 17.045454
 1.7308743 0.5219755 0.1704335 0.3265163 0.30156752 3.5790753 21.052631
 13.722448 13.028919 12.025088 0.9229536 0.94946027 9.358043 17.045454
 37.17257 38.9457 36.263763 0.9311365 1.0476999 9.7706175 5.681818
 17.699442 17.612352 16.215708 0.92070085 0.9950795 9.645046 13.636364
 40.80649 41.576435 39.44876 0.948825 1.0188681 9.346984 5.681818
 32.264614 29.943699 27.675638 0.9242558 0.9280663 8.721735 4.5454545
 22.258049 19.43448 17.476826 0.89926904 0.8731439 3.781329 10.416667
 32.713093 32.920757 31.033392 0.94266945 1.006348 9.309176 6.818182
 72.959114 73.53982 68.80735 0.9356475 1.0079592 9.769801 1.1363636
 45.146633 50.671665 45.663197 0.90115845 1.1223798 5.008353 10.0
 17.71621 9.914568 7.6107316 0.7676312 0.5596326 7.6989474 15.909091
 14.117136 12.520835 11.681985 0.93300366 0.88692456 8.408955 15.909091
 44.56094 43.699306 41.328873 0.9457558 0.98066396 9.124203 5.681818
 36.466797 36.746994 33.64831 0.9156752 1.0076835 9.578481 3.409091
 25.21225 27.572512 25.59676 0.9283434 1.0936157 9.861255 11.363636
 34.95177 36.09386 34.522427 0.95646256 1.0326761 9.22893 11.363636
 21.241976 15.934468 14.5922985 0.9157694 0.7501406 9.310294 19.318182
 60.25843 50.397358 45.542236 0.9036632 0.8363536 9.359352 13.636364
 13.967957 12.66523 11.414451 0.9012431 0.9067346 8.867848 15.909091
 7.81838 5.726735 3.6451645 0.63651705 0.7324708 5.3763165 13.095238
 38.060368 37.500957 33.35073 0.88933015 0.98530203 3.9143052 2.0833333
 24.26202 23.086824 21.61545 0.9362678 0.9515623 9.009096 12.5
 22.799149 20.169731 18.41142 0.9128242 0.8846704 9.388291 12.5
 55.42232 56.49144 53.934723 0.9547415 1.0192904 9.23858 5.681818
 36.724693 38.52412 36.764862 0.9543336 1.0489979 9.225206 5.681818
 64.04358 68.0868 63.33381 0.9301922 1.0631324 9.921533 9.090909
 18.08178 18.085096 16.918482 0.93549293 1.0001835 9.824143 7.9545455
 1.5872625 0.4042287 0.08059874 0.19938897 0.25467035 1.6959993 29.166666
 23.288357 22.53625 20.785486 0.9223134 0.96770465 9.664876 14.772727
 14.530049 13.85495 13.098296 0.9453875 0.9535377 9.48876 9.090909
 5.0654635 2.4420774 1.447936 0.59291166 0.48210344 7.5565243 20.238094
 39.034946 33.269463 30.713753 0.92318153 0.85229945 8.981349 12.5
 54.352478 58.19129 54.953323 0.94435656 1.070628 9.550774 10.227273
 29.317368 28.906507 27.413376 0.9483462 0.98598576 9.18505 3.409091
 31.176374 27.733704 25.608456 0.92336947 0.8895744 9.38031 11.363636
 45.061817 43.781322 41.247356 0.9421222 0.97158355 9.534785 5.681818
 68.967926 69.56 64.91534 0.93322796 1.0085846 9.535193 12.5
 38.523373 37.29729 34.54745 0.9262724 0.968173 8.996665 6.818182
 34.1848 33.674606 31.59418 0.9382197 0.9850754 9.691687 5.681818
 18.904968 19.432547 18.300825 0.94176155 1.0279069 9.985986 12.5
 58.522472 59.815514 56.225666 0.9399846 1.0220947 9.584468 5.681818
 34.500137 33.103027 30.329731 0.9162222 0.9595043 9.2165 10.227273
 19.90362 17.252514 15.804524 0.9160708 0.8668028 9.5801325 15.909091
 17.748001 17.40619 16.154432 0.9280854 0.98074096 10.811907 11.363636
 29.489695 28.795134 27.70792 0.96224314 0.9764474 9.679814 9.090909
 5.9860907 1.953739 0.455146 0.23296152 0.32637978 2.4808552 14.772727
 24.22056 23.006563 21.121147 0.9180488 0.94987744 9.750997 6.818182
 30.544855 27.662306 25.858715 0.9347997 0.905629 8.853436 11.363636
 14.717161 4.7907853 2.6994827 0.56347394 0.32552373 6.0183754 18.181818
 2.5634346 1.4794283 1.1725501 0.7925697 0.57712734 3.5099487 17.5
 31.159245 31.845276 30.520931 0.9584132 1.022017 8.79741 15.909091
 88.88651 73.86331 68.3084 0.92479473 0.83098453 9.187394 15.909091
 10.519269 6.8979063 5.260894 0.76267976 0.65574014 9.331019 15.909091
 13.231893 13.237681 11.794823 0.8910037 1.0004375 8.683222 11.363636
 43.834095 42.222324 39.942223 0.9459977 0.96323025 9.421884 7.9545455
 28.505041 28.340237 26.747974 0.9438162 0.9942184 9.404535 7.9545455
 17.992851 10.743913 9.76741 0.9091111 0.5971212 10.010648 17.045454
 31.15821 31.031332 29.577927 0.9531633 0.99592793 9.341159 7.9545455
 12.90175 8.588421 6.9515133 0.80940527 0.6656788 9.0479355 13.636364
 46.65617 36.47967 33.58455 0.92063737 0.7818831 9.176615 15.909091
 15.072158 13.228825 12.3972435 0.9371387 0.8776995 9.145733 14.772727
 16.942001 16.425964 15.30405 0.93169874 0.96954095 9.597707 10.227273
 33.360558 36.649235 35.240517 0.96156216 1.0985799 9.274939 7.9545455
 2.3468356 0.8417902 0.2052816 0.24386315 0.35869157 2.4623065 18.055555
 15.247277 12.881568 12.380003 0.9610633 0.8448438 9.083003 15.909091
 36.19577 35.830772 33.895416 0.9459862 0.98991597 8.76474 7.9545455
 12.8658 11.235544 6.99911 0.62294364 0.8732876 6.923538 13.636364
 41.607136 41.468544 39.100906 0.9429052 0.99666905 9.470241 11.363636
 4.811013 1.6296562 0.38170338 0.23422326 0.3387345 2.610189 17.045454
 24.336843 24.979252 23.513086 0.9413047 1.0263965 9.190541 13.636364
 19.656834 18.17783 17.557524 0.9658757 0.9247588 10.43278 17.045454
 65.958496 66.623955 63.169292 0.9481469 1.010089 9.474539 12.5
 11.855131 7.907476 7.3139734 0.9249441 0.66700876 8.663095 13.636364
 33.00979 33.8826 31.571293 0.93178487 1.026441 9.750996 5.681818
 54.06957 55.033276 51.943142 0.94384974 1.0178235 9.438144 9.090909
 17.819592 17.981823 17.028435 0.9469804 1.0091041 9.5635195 12.5
 56.61328 57.233047 53.58354 0.93623435 1.0109473 9.622757 5.681818
 45.53928 47.773293 45.254 0.94726574 1.0490568 9.478615 6.818182
 25.105288 25.41935 21.304102 0.8381057 1.0125098 9.119412 12.5
 22.891895 21.375185 19.859379 0.92908573 0.93374467 10.004753 9.090909
 44.874825 44.48157 42.05882 0.94553363 0.9912366 9.336859 10.227273
 14.145064 12.434465 11.715543 0.9421831 0.8790675 9.074852 10.227273
 96.16796 85.68824 80.45468 0.93892324 0.8910269 9.315788 15.909091
 22.228039 21.420778 19.919731 0.9299256 0.9636828 9.719034 15.909091
 43.42127 44.14146 41.35189 0.9368038 1.0165862 9.480212 10.227273
 10.64823 7.8409543 5.880976 0.75003326 0.7363622 4.44565 14.772727
 40.740982 43.902054 41.826218 0.95271665 1.0775895 9.967253 4.5454545
 16.617012 17.119965 16.27667 0.950742 1.0302674 9.325653 9.090909
 86.380806 63.175243 59.27991 0.93834084 0.7313574 9.151729 14.772727
 25.342815 24.316948 22.871344 0.94055164 0.9595204 9.375015 10.227273
 11.806559 9.365511 8.074357 0.8621373 0.7932465 7.5462255 11.363636
 22.937086 17.917364 16.181547 0.90312093 0.78115267 9.188819 15.909091
 15.352952 14.046609 12.9457855 0.9216307 0.9149126 8.433281 5.681818
 48.14019 44.7641 41.597645 0.9292635 0.92986965 9.472953 10.227273
 17.972324 17.196732 14.451644 0.8403715 0.95684516 4.412334 11.538462
 23.238113 21.767588 20.228844 0.9293104 0.93671924 9.720161 5.681818
 11.827932 9.804661 8.071975 0.8232794 0.82894117 8.421377 12.5
 22.541496 22.08049 21.331572 0.9660823 0.9795486 9.029245 10.227273
 79.77781 35.506657 30.041456 0.8460795 0.44506934 9.823197 17.045454
 3.973859 1.8420614 1.4307444 0.7767083 0.46354473 9.509131 17.045454
 35.586884 32.887615 29.821943 0.90678334 0.92415 9.138458 11.363636
 14.692429 12.461687 11.125442 0.8927718 0.84817064 3.933834 8.333333
 41.556396 33.881176 30.831429 0.9099869 0.81530595 8.751552 12.5
 70.33955 74.385735 69.562965 0.93516546 1.0575236 5.867595 14.0625
 20.387926 17.509079 15.204107 0.86835563 0.85879654 8.517729 13.636364
 32.65861 30.695967 28.486166 0.92801005 0.9399042 9.191099 15.909091
 7.2196093 5.27973 3.9639597 0.7507884 0.73130405 6.965246 11.363636
 11.326551 9.946195 7.790587 0.7832731 0.8781309 7.797626 12.5
 2.9874504 2.24267 1.9621248 0.8749057 0.750697 8.989344 17.857143
 26.924845 27.444983 24.658352 0.89846486 1.0193182 5.087513 8.333333
 38.63199 40.575806 36.165752 0.8913132 1.0503163 4.2669086 7.6923075
 100.53893 99.63859 92.259544 0.9259419 0.9910448 7.294775 4.1666665
 19.634268 16.656435 15.5824585 0.93552184 0.84833497 9.253889 13.095238
 13.427696 5.999657 4.4722257 0.74541354 0.4468121 9.119613 13.095238
 38.23966 27.629448 25.80386 0.93392605 0.7225338 8.840123 13.75
 13.647022 11.25709 10.292515 0.91431403 0.8248752 7.6649237 10.0
 25.160955 24.025593 22.609015 0.9410388 0.954876 8.523461 10.0
 46.22119 45.08329 42.198578 0.93601376 0.9753814 8.491447 12.5
 59.85548 58.01412 54.611153 0.9413425 0.96923655 9.123388 15.0
 25.045408 12.823707 11.470224 0.8944547 0.51201826 9.025077 16.25
 43.829685 36.92126 34.326767 0.92972904 0.8423803 8.2508545 15.789474
 17.096605 10.160631 7.954175 0.78284264 0.59430695 3.7277522 17.307692
 41.211403 39.421005 36.91574 0.9364485 0.95655566 8.272177 10.526316
 53.81311 53.038475 50.36182 0.9495337 0.98560506 8.01753 11.842105
 23.268606 20.808973 19.58472 0.94116706 0.89429396 7.127994 14.473684
 57.924114 46.0152 41.692493 0.9060591 0.794405 7.995029 9.722222
 22.299408 19.203672 17.768255 0.925253 0.8611741 8.198493 11.111111
 24.790894 24.138561 22.078037 0.9146377 0.9736866 6.7793818 12.5
 20.49981 18.24899 16.664385 0.91316754 0.8902029 6.9115276 14.705882
 23.078455 22.043495 19.965014 0.90571 0.9551547 7.2090073 14.705882
 42.050323 39.3174 34.27219 0.87167996 0.9350083 4.652097 9.615385
 29.069504 27.701216 25.338018 0.9146898 0.95293045 6.934366 1.4705882
 32.48535 32.747673 30.168066 0.92122775 1.0080751 6.1485934 4.6875
 7.3227425 2.5781798 1.5736684 0.6103796 0.35207847 4.7535505 12.5
 18.738165 15.536614 13.840645 0.8908404 0.82914287 6.568574 10.9375
 66.36126 64.57003 57.843525 0.89582616 0.973008 6.4367847 4.6875
 63.766544 63.12682 57.577843 0.91209793 0.9899677 6.2482047 10.0
 75.39239 78.268234 71.3215 0.9112446 1.0381452 6.350851 3.3333333
 26.915308 22.226824 19.630157 0.8831742 0.8258061 6.307331 10.0
 2.9254556 1.3795397 0.75337666 0.5461073 0.47156405 3.209968 14.285714
 41.691982 41.004734 37.195934 0.90711313 0.98351604 6.1068244 13.333333
 25.721361 21.432167 19.607777 0.9148761 0.83324385 5.386784 11.666667
 48.607414 48.2408 43.2373 0.8962807 0.9924576 6.2005033 1.6666666
 33.959972 23.033566 20.909607 0.9077885 0.67825633 6.359206 10.0
 27.042986 22.17719 19.799135 0.89277023 0.8200718 5.882886 13.333333
 16.003988 9.554257 8.323713 0.8712047 0.59699225 3.4710295 5.769231
 64.48701 51.908817 42.96297 0.8276623 0.80495 4.696724 9.615385
 54.37711 38.722412 31.800549 0.821244 0.71210873 4.4299 11.538462
 13.507821 9.657036 7.870602 0.8150122 0.71492183 4.075394 11.538462
 48.899746 44.32485 37.775543 0.852243 0.90644336 4.390607 11.538462
 17.439846 15.478611 12.521694 0.80896753 0.88754284 4.463703 5.769231
 25.54874 15.959469 7.493789 0.4695513 0.6246675 2.3857071 10.416667
 15.966832 12.502481 9.367232 0.7492299 0.78302824 3.7404528 14.583333
 30.15917 25.560051 21.41321 0.8377608 0.8475051 3.9680896 8.333333
 16.684147 11.8826885 8.287909 0.6974776 0.7122143 2.3615952 12.5
 59.176907 40.352875 32.671684 0.8096495 0.68190235 3.767275 14.583333
 51.76703 43.529133 35.51015 0.815779 0.84086597 3.8723347 6.25
 90.84951 79.87914 66.716156 0.8352137 0.8792468 3.7763464 14.583333
 1.0 32.074585 29.762058 27.110651 0.91091317 0.9279016 249.62463 11.337375 385.0
