 7.4839745 5.958604 5.300014 0.8894724 0.7961818 7.846215 13.636364
 94.277016 80.26111 76.1889 0.94926304 0.8513327 8.835996 14.772727
 9.215043 9.220182 8.603123 0.9330751 1.0005578 8.757386 14.772727
 7.4977994 5.1315064 4.665615 0.90920967 0.68440163 8.265169 14.772727
 4.572964 4.384505 4.143751 0.9450898 0.9587884 9.436291 10.227273
 10.71142 9.77703 9.26111 0.94723153 0.9127669 8.724252 11.363636
 8.675806 7.961385 7.5286818 0.94564974 0.9176536 9.119246 14.772727
 22.725111 9.457302 6.4255915 0.6794318 0.41616085 6.1341906 15.909091
 8.598469 8.346725 7.9724727 0.95516175 0.9707223 9.20256 9.090909
 4.2731466 2.1363723 1.9799931 0.9268015 0.49995297 7.4972606 14.772727
 26.25839 11.566543 9.61844 0.8315744 0.44048938 7.949105 14.772727
 23.603783 24.261244 23.38314 0.96380633 1.0278541 8.909429 1.1363636
 40.919136 20.96171 19.12373 0.91231734 0.5122716 8.126506 18.181818
 8.61223 5.1171308 4.4117923 0.8621613 0.5941703 5.291787 16.071428
 5.1955795 2.4281445 1.7658427 0.72723955 0.46734813 8.679088 13.636364
 31.602205 22.129442 20.571957 0.9296193 0.70024997 8.8021965 12.5
 9.479627 8.136764 7.571842 0.9305718 0.8583422 9.163677 12.5
 9.112551 8.32964 7.8689446 0.94469196 0.9140844 8.901484 12.5
 21.372265 20.709097 19.555378 0.94428927 0.96897066 8.603959 10.227273
 8.460835 8.033428 7.6415854 0.9512235 0.949484 8.825737 14.772727
 14.956924 8.259332 6.577216 0.79633754 0.5522079 8.432186 13.636364
 9.186896 8.122059 7.766536 0.95622754 0.88409173 8.498991 17.045454
 71.31795 46.994324 42.559536 0.9056314 0.6589411 6.961526 13.888889
 8.903442 7.783656 7.358533 0.9453826 0.8742299 8.491218 14.772727
 14.274073 8.66244 7.0767183 0.8169429 0.60686535 9.341144 14.772727
 7.142709 7.2492075 6.995626 0.9650194 1.0149101 9.325217 12.5
 7.277071 7.154598 6.73205 0.9409403 0.9831701 8.500932 11.363636
 6.1228123 2.7118678 1.9024324 0.7015211 0.44291213 6.5020585 12.5
 12.7304 3.1926188 2.2573264 0.7070454 0.25078702 4.9066358 18.181818
 5.003329 4.434584 4.105078 0.9256964 0.8863268 8.657508 12.5
 4.6041446 3.124312 2.5126743 0.80423284 0.67858684 8.167596 14.772727
 7.9567175 5.0030847 4.311158 0.8617 0.6287875 8.015555 13.636364
 8.212325 7.56365 7.1560016 0.9461043 0.921012 9.669741 11.363636
 4.859777 3.3329742 1.8907323 0.56728077 0.6858286 5.474888 14.285714
 6.6964707 3.9172456 1.6388799 0.41837555 0.58497167 5.878482 17.045454
 9.434784 5.842489 5.425702 0.92866284 0.6192499 8.527033 18.181818
 16.398735 13.725304 12.788845 0.93177134 0.83697325 8.177855 14.772727
 11.17803 6.4791274 6.136421 0.9471061 0.5796305 8.079158 12.5
 7.313249 4.4371314 2.832743 0.6384176 0.60672504 5.52726 12.5
 4.2560215 2.066234 1.5798497 0.7646035 0.48548487 7.0651293 17.5
 7.6950407 7.3099046 6.853745 0.9375971 0.9499501 8.714047 9.090909
 6.3174415 5.3711348 4.9934673 0.9296858 0.85020727 8.850771 10.227273
 8.293845 8.045458 7.578603 0.94197285 0.97005165 8.819563 13.636364
 1.4866621 0.4445223 0.22990638 0.51719874 0.29900694 5.8519917 20.833334
 2.7196653 0.7865783 0.3887786 0.4942656 0.28921878 4.188017 16.666666
 4.751657 3.4431255 3.1645758 0.91909975 0.72461575 8.380603 16.666666
 3.3080764 2.4894516 1.8705844 0.75140417 0.75253755 6.725089 12.5
 12.8261385 5.692151 4.640124 0.81517935 0.44379303 7.94669 17.045454
 4.2589607 2.9303603 2.5788565 0.88004756 0.68804586 7.561374 16.666666
 11.0535345 9.136054 8.534617 0.9341689 0.8265279 8.541423 14.772727
 12.456413 4.329367 2.577519 0.595357 0.3475613 5.447478 19.318182
 5.6007686 4.9120154 4.6319094 0.9429754 0.87702525 9.527109 17.045454
 6.0970197 3.795186 3.3803759 0.890701 0.6224658 8.249546 16.666666
 3.9004226 1.4897169 0.32038218 0.21506247 0.3819373 1.438562 19.318182
 10.039378 9.904804 9.323981 0.94135946 0.98659533 8.453542 7.9545455
 11.684671 3.9923723 2.9223993 0.7319957 0.34167603 7.049117 17.045454
 7.350801 5.0141616 4.6637373 0.9301131 0.68212456 7.633617 13.636364
 3.365435 2.237151 2.0047534 0.89611894 0.6647435 7.751574 18.181818
 3.8937767 0.9154331 0.39166954 0.42785162 0.23510161 5.3121986 17.045454
 6.981986 5.7650933 5.504872 0.9548626 0.82570964 9.774235 13.636364
 9.231672 7.9305534 7.469695 0.94188833 0.8590592 8.609879 17.045454
 8.134 8.398342 7.4717145 0.8896654 1.0324984 5.5896716 12.5
 50.261166 38.32254 36.22681 0.94531345 0.76246816 8.563207 14.772727
 4.539122 1.5668379 0.7137487 0.4555345 0.34518522 6.736578 15.909091
 7.7563286 6.476609 6.232858 0.96236444 0.8350097 8.717763 10.227273
 8.466986 5.488945 5.116659 0.9321754 0.64827615 8.437993 12.5
 12.757526 12.05974 11.570219 0.9594086 0.945304 8.793002 14.772727
 10.431943 8.799866 8.341874 0.9479547 0.84355 9.3259325 14.772727
 14.123594 10.487186 9.794805 0.9339783 0.7425296 8.167778 15.909091
 3.3930943 0.9716784 0.37379938 0.38469455 0.2863694 2.9758525 17.045454
 81.82359 58.68441 55.145386 0.9396939 0.7172065 8.577227 17.045454
 9.142453 4.313223 3.5234272 0.8168897 0.47177958 7.791145 17.045454
 12.146559 5.9186144 4.038202 0.6822884 0.48726678 6.661594 12.5
 7.3209777 5.3212667 4.559521 0.8568489 0.7268519 9.631702 12.5
 92.02037 78.70976 74.28103 0.9437334 0.8553515 7.0819545 16.666666
 7.5829844 4.778735 3.5365608 0.74006206 0.63019186 7.852836 11.363636
 4.3433385 2.6656127 2.09614 0.7863632 0.61372435 8.757197 15.476191
 16.281427 12.028216 11.225285 0.93324596 0.73876923 7.9122972 14.772727
 10.271646 9.414119 8.781664 0.93281853 0.9165151 8.545572 12.5
 7.583234 6.830004 6.3638597 0.9317505 0.90067166 8.804891 13.636364
 5.5812073 2.884874 2.300352 0.79738384 0.5168907 7.5732155 13.636364
 3.2533634 2.920796 2.728029 0.9340019 0.8977774 7.9202867 17.5
 3.3132067 0.98985124 0.2242004 0.2264991 0.29875928 1.6395818 17.045454
 8.2070875 4.463464 3.183364 0.71320486 0.5438548 7.7695785 15.476191
 4.5979266 1.6195498 0.8533086 0.52688015 0.3522348 3.3299468 17.045454
 9.281552 9.270926 8.812044 0.95050305 0.9988552 9.044175 13.636364
 9.365048 8.347469 7.959764 0.9535541 0.89134294 8.70634 13.636364
 18.461323 17.221596 16.436419 0.9544074 0.9328473 8.680413 14.772727
 38.669136 35.19037 33.194817 0.94329274 0.9100376 8.908567 7.9545455
 4.2968645 3.729744 3.4566514 0.92677987 0.8680152 8.379442 14.772727
 10.84023 9.244684 8.809537 0.9529299 0.8528126 9.317737 14.772727
 11.428532 7.518829 6.803143 0.9048142 0.6578998 7.104516 13.888889
 11.781406 8.8412075 8.265095 0.9348378 0.7504374 8.654392 13.636364
 20.402216 16.673714 14.994419 0.8992849 0.8172501 8.554977 14.772727
 80.529045 61.55386 57.719955 0.93771464 0.7643685 8.800998 12.5
 19.007069 15.789133 15.062624 0.95398676 0.83069795 9.544835 11.363636
 25.621334 24.469246 23.331453 0.95350116 0.9550341 7.9727616 9.090909
 8.219605 7.954956 7.2700214 0.91389835 0.9678027 8.34743 14.772727
 73.59964 53.37424 49.417885 0.9258752 0.725197 8.321938 14.772727
 9.507785 8.709591 7.7967997 0.89519703 0.9160483 8.130737 13.636364
 10.258786 9.556411 9.099141 0.95215046 0.93153423 8.982956 15.909091
 9.887824 6.9263906 6.372051 0.919967 0.7004969 9.627888 18.181818
 1.9618012 0.52033085 0.08003485 0.1538153 0.2652312 1.7821691 18.421053
 72.63182 47.62883 43.949368 0.9227472 0.65575707 8.540919 12.5
 32.436527 32.207283 29.802378 0.9253304 0.9929325 6.1476398 4.6875
 5.39877 4.575842 4.398286 0.9611971 0.84757125 9.04409 13.636364
 3.88085 0.95384103 0.35483116 0.3720024 0.24578148 3.7874053 13.157895
 7.0924864 3.6473513 2.8897357 0.79228336 0.51425564 7.7716823 14.772727
 10.103561 9.560397 9.080711 0.94982576 0.94624037 8.9411745 13.636364
 57.035778 41.46716 38.09518 0.9186831 0.72703767 6.2749696 17.1875
 19.97317 18.91648 17.85249 0.9437533 0.9470945 8.5480385 12.5
 6.739877 5.953342 5.552573 0.93268174 0.8833012 8.350459 7.9545455
 90.305504 60.086773 55.544323 0.9244018 0.6653722 8.231968 18.181818
 9.170737 8.15521 7.6364737 0.9363921 0.8892643 8.716687 10.227273
 13.186353 5.1589923 3.7175121 0.7205888 0.39123726 5.1507306 15.909091
 3.8368137 1.1912313 0.43221885 0.3628337 0.3104741 3.741572 18.181818
 5.423463 4.7221975 4.462108 0.9449219 0.8706979 8.612883 13.636364
 8.521548 8.49444 7.8654094 0.92594796 0.9968189 8.216907 11.363636
 11.433904 10.300585 9.686622 0.9403953 0.9008809 8.920434 13.095238
 5.7863216 5.472237 5.1727033 0.945263 0.9457195 8.555675 14.285714
 9.596485 8.9897585 8.501457 0.9456825 0.9367761 8.715845 13.636364
 46.289185 44.40972 40.185875 0.9048892 0.9593973 5.6856236 13.235294
 6.032697 5.7284055 4.941032 0.8625493 0.94955957 8.148787 12.5
 1.7455856 0.7363576 0.2113908 0.28707626 0.4218399 2.524977 17.5
 2.4010727 0.75491154 0.39390728 0.52179265 0.31440595 5.4882913 16.666666
 86.20058 66.03663 61.855877 0.93669045 0.76608104 8.65175 15.909091
 4.2922616 2.618401 1.783063 0.680974 0.61002827 7.491326 15.909091
 7.196374 3.6075017 2.6862452 0.74462754 0.5012944 7.3087454 15.277778
 7.1158237 6.5097322 6.1473546 0.94433296 0.9148248 8.001706 14.285714
 30.451351 27.584385 26.40834 0.9573656 0.90585095 8.956234 10.227273
 5.9590473 5.4159083 5.0906134 0.9399372 0.90885466 8.299263 13.636364
 3.5420692 1.9498773 1.5772663 0.8089054 0.55049103 9.1046715 15.476191
 87.210396 74.217445 70.19942 0.9458614 0.85101604 8.739074 13.636364
 4.4456677 3.1776044 2.8559177 0.8987644 0.71476424 8.127586 15.909091
 5.9434686 3.5569627 2.6415215 0.742634 0.5984658 5.7048235 17.045454
 7.424706 6.7896385 6.5050507 0.958085 0.9144656 9.183377 13.636364
 10.009409 8.617469 8.138305 0.9443962 0.8609368 8.682975 13.636364
 10.923796 6.9202466 6.1323357 0.8861441 0.633502 8.0564 13.636364
 5.4692416 3.8193443 3.488518 0.9133814 0.6983316 8.027253 15.476191
 9.254682 8.607518 8.182804 0.9506578 0.9300718 8.994673 13.636364
 5.8504815 3.8396955 2.1360781 0.55631447 0.6563042 5.306959 18.75
 3.83894 3.268252 3.0659368 0.9380969 0.85134226 9.79814 18.75
 9.121649 6.323633 5.7092257 0.9028395 0.69325554 8.078747 17.045454
 8.248413 4.781181 4.1048775 0.8585489 0.5796486 7.3294406 11.363636
 82.81436 63.61651 60.22634 0.94670933 0.7681821 9.010868 13.636364
 7.062853 5.8585835 5.4886093 0.93684924 0.8294925 8.919415 14.772727
 7.766767 4.2920256 3.696997 0.8613642 0.55261415 8.077642 13.636364
 7.5273743 6.0446434 4.385836 0.725574 0.8030215 6.9853115 14.772727
 5.5847545 1.2827355 0.26124027 0.20365873 0.2296852 1.6870916 15.909091
 43.187977 27.10206 25.116386 0.92673343 0.62753713 8.450043 15.909091
 19.173664 18.534225 17.501493 0.94427973 0.9666502 7.5649104 11.842105
 1.8975273 0.93998975 0.30339918 0.3227686 0.4953761 2.8485053 14.473684
 5.53577 4.168288 3.9906883 0.9573925 0.75297356 7.7689757 13.636364
 14.15708 10.288308 9.670091 0.9399107 0.72672534 8.704893 14.772727
 2.6480029 0.6376522 0.35890085 0.5628474 0.24080496 7.179493 17.857143
 7.67071 7.1403575 6.8757267 0.9629387 0.93086004 8.985911 15.476191
 7.834009 7.326341 6.8374166 0.93326485 0.9351969 8.530199 7.9545455
 10.794038 10.045903 9.367502 0.93246984 0.93069005 8.458674 12.5
 12.476215 5.952452 5.0501885 0.84842145 0.47710398 7.6961927 18.181818
 10.78379 5.202787 4.8545847 0.9330738 0.48246372 9.516269 17.045454
 15.6079 3.7480671 2.1993978 0.5868085 0.24013911 5.7611914 19.318182
 12.549553 4.2965555 2.840674 0.6611514 0.34236723 4.106494 16.666666
 2.5654752 0.8052233 0.2057627 0.25553498 0.31386903 2.259373 17.045454
 9.987257 5.6539445 5.1515393 0.9111408 0.56611586 8.677536 17.045454
 5.111356 3.4553576 3.2503388 0.9406664 0.67601585 8.857025 15.909091
 6.465219 4.965001 4.5369987 0.9137961 0.7679556 9.530602 15.909091
 4.533223 1.3954027 0.5110078 0.3662081 0.30781692 5.144591 18.181818
 17.578646 14.180728 13.444035 0.9480496 0.80670196 7.9628873 6.818182
 96.46915 76.33654 71.60802 0.9380569 0.7913052 8.7023325 12.5
 2.8934615 0.91704386 0.15926027 0.17366701 0.31693658 1.8714763 19.318182
 14.985204 13.2395525 12.847196 0.97036475 0.8835084 8.3622265 14.772727
 3.4900298 2.1688282 1.801697 0.83072376 0.6214354 8.844801 13.636364
 4.4964924 2.9631953 2.7510412 0.9284037 0.6590015 8.114751 17.045454
 33.274002 18.015217 16.225355 0.9006472 0.5414202 8.609864 11.363636
 4.988911 3.1054811 1.7641366 0.5680719 0.62247676 6.4457865 17.045454
 32.778316 35.391342 32.16285 0.90877736 1.0797181 4.3747005 6.25
 22.834915 13.2043915 11.174999 0.84630936 0.57825446 7.281487 14.772727
 7.1885557 5.6439157 4.967962 0.88023317 0.78512514 7.0809736 20.238094
 7.5700145 4.699357 3.1541438 0.6711862 0.6207858 6.477674 11.363636
 5.977708 1.3428509 0.6976203 0.5195069 0.22464311 2.6772654 10.416667
 4.493912 1.3974917 0.73066 0.52283674 0.31097442 2.5041258 15.909091
 9.133297 8.128175 7.6887116 0.94593334 0.88994974 8.951458 13.636364
 5.3580136 4.4674907 4.068188 0.91062045 0.833796 8.697695 9.090909
 10.248753 8.797382 7.19903 0.81831497 0.8583856 8.481673 15.476191
 9.16492 3.8509743 2.997151 0.77828383 0.42018634 8.026547 18.181818
 6.045506 3.1179616 2.5659585 0.8229602 0.5157487 7.0310187 15.909091
 9.568558 2.8120728 1.1130834 0.39582312 0.29388678 5.12502 14.772727
 20.826385 5.7738366 1.8117675 0.31378916 0.2772366 3.222664 15.909091
 11.161472 8.263232 6.47628 0.78374666 0.7403353 6.923901 13.636364
 17.730188 17.720942 16.957815 0.95693654 0.9994784 8.972116 10.227273
 12.894465 3.6202228 1.3246964 0.36591572 0.28075787 3.3615308 18.181818
 5.6726537 2.8770146 2.6443653 0.91913515 0.5071726 6.116804 13.095238
 2.2150214 0.6200438 0.21509296 0.3468996 0.27992678 2.500134 17.5
 84.66813 56.135406 51.643204 0.9199756 0.6630052 8.62214 15.909091
 15.464238 9.667659 8.946439 0.9253987 0.6251623 9.42777 19.318182
 12.928033 11.160852 10.486931 0.93961734 0.8633063 8.5938635 14.772727
 4.504464 2.9547946 2.4444451 0.8272809 0.6559703 7.805267 14.772727
 7.3063397 5.544407 4.947857 0.8924051 0.7588487 9.579098 12.5
 4.798101 2.6464882 2.179889 0.82369125 0.5515699 8.089226 17.857143
 8.933332 5.6659217 4.0669136 0.717785 0.63424504 6.8478084 13.636364
 12.039495 12.0616865 11.430063 0.947634 1.0018432 9.3463955 11.363636
 8.517721 4.886188 3.5963848 0.73603076 0.57364964 7.869835 14.772727
 4.4347043 1.2478249 0.18848749 0.15105283 0.28137726 1.6228833 11.25
 7.317863 5.8723764 5.5379233 0.9430464 0.80247146 9.197555 12.5
 3.0527766 1.102854 0.20746641 0.18811774 0.36126262 1.4642838 16.666666
 9.911567 3.369864 2.5346618 0.7521555 0.33999306 5.850499 15.909091
 33.237785 30.305761 27.656897 0.91259533 0.91178644 5.144518 13.235294
 3.1827438 0.7678787 0.15295759 0.19919498 0.24126312 1.4550894 16.25
 84.38426 63.953278 58.661377 0.9172536 0.7578816 7.500004 16.25
 6.8647904 6.320508 5.760726 0.911434 0.92071396 7.8369865 18.055555
 80.875626 52.06689 47.38835 0.9101437 0.6437897 6.7972274 17.105263
 18.105206 16.999584 13.866448 0.81569344 0.9389335 4.3192058 10.416667
 8.532704 5.9218526 4.759535 0.803724 0.69401824 4.3393097 15.384615
 5.8079414 4.86703 4.381243 0.9001882 0.83799565 6.511398 14.473684
 9.042584 6.9171824 5.986012 0.86538297 0.76495636 6.221153 13.888889
 8.255617 7.7195225 6.99052 0.90556383 0.935063 5.927433 13.888889
 13.116618 7.8194747 6.7413526 0.8621234 0.5961502 4.50939 13.333333
 9.064615 8.814364 8.233 0.9340436 0.97239256 5.4559517 0.0
 97.091736 74.26363 67.35126 0.90692115 0.7648811 5.049723 11.666667
 16.924385 9.195397 8.570081 0.93199676 0.5433224 5.0854306 12.5
 19.220877 17.75954 16.842447 0.94836056 0.9239714 4.4754887 16.071428
 80.243355 58.18889 51.04251 0.8771866 0.7251552 4.3253565 14.583333
 16.39381 4.6041756 1.8177966 0.3948148 0.2808484 2.380598 14.583333
 1.0 16.272442 11.974293 10.833435 0.90472436 0.7358633 92.83614 14.351347 223.0
