 1.9870987 0.55969316 0.08786541 0.15698855 0.2816635 1.7472 18.75
 2.7324958 0.70367986 0.20749895 0.2948769 0.25752276 2.321854 18.75
 11.303534 9.148922 7.912892 0.8648988 0.809386 7.649008 11.363636
 3.8083904 2.4932725 2.4368477 0.9773691 0.6546788 8.740459 14.772727
 29.299295 29.077522 27.791805 0.9557832 0.99243075 8.6254425 12.5
 2.4133143 0.66067415 0.16155016 0.24452321 0.27376217 3.007644 18.421053
 111.407425 84.73654 77.62384 0.916061 0.76060045 5.8161335 17.1875
 9.996773 9.365074 8.926499 0.9531691 0.9368098 8.268548 8.333333
 37.786625 35.968456 34.223698 0.951492 0.9518833 8.182627 6.818182
 100.96866 66.12069 59.59989 0.9013803 0.6548635 5.8236814 12.5
 67.6558 54.35539 51.695408 0.9510631 0.80341065 8.324998 10.227273
 8.140703 6.7099895 6.3209777 0.942025 0.82425183 8.169139 11.363636
 2.4752264 0.8448532 0.14781688 0.17496161 0.3413236 1.6365174 18.75
 62.94441 62.246933 57.604824 0.9254243 0.9889192 6.72879 1.4705882
 5.551821 5.2645574 5.0730543 0.96362406 0.94825774 8.143768 12.5
 108.86067 97.9549 92.48029 0.944111 0.899819 8.319093 12.5
 57.41167 48.29502 45.98217 0.95211 0.8412056 8.507956 12.5
 0.7896917 0.15985662 0.019982077 0.125 0.20242915 1.25 25.0
 98.956566 99.986626 93.39113 0.9340362 1.0104092 8.405445 4.5454545
 100.60707 85.45238 80.97971 0.94765896 0.84936756 8.404817 14.772727
 71.1955 57.7283 54.227856 0.93936354 0.81084186 8.171762 13.636364
 110.15407 84.82893 78.2371 0.92229265 0.7700935 6.7557807 16.666666
 2.8287072 2.17651 0.81997603 0.37673888 0.76943636 2.0397656 17.105263
 109.04629 83.34291 78.451965 0.94131535 0.7642893 8.2965145 13.636364
 101.06242 90.33538 86.04609 0.95251817 0.8938573 8.398852 17.045454
 59.8999 59.273613 56.954697 0.9608777 0.98954445 8.364382 3.409091
 1.783858 0.5772559 0.12844501 0.22250967 0.3235997 1.586178 21.875
 65.29966 62.406998 59.490017 0.95325875 0.95570177 8.203421 5.681818
 8.70588 7.8407664 7.3122616 0.93259525 0.9006288 7.9475746 10.227273
 1.0007157 0.21835966 0.03874022 0.17741475 0.21820349 1.5268679 20.833334
 33.730656 33.760315 31.970062 0.94697165 1.0008794 8.509049 3.409091
 15.169166 14.7002325 13.71045 0.9326689 0.96908647 8.919151 7.9545455
 53.017017 36.84467 34.37422 0.93294966 0.6949593 8.700371 14.772727
 8.602552 7.442101 6.982947 0.9383032 0.8651038 8.702526 12.5
 2.144329 0.49014717 0.1307303 0.26671642 0.22857834 3.287339 21.052631
 8.550624 8.159368 7.755349 0.9504841 0.9542423 8.137567 11.363636
 5.0599866 1.6394169 0.5662795 0.34541517 0.3239963 3.2714417 15.476191
 56.766804 53.776974 51.152565 0.9511982 0.94733137 8.274534 3.409091
 9.939158 5.7858005 4.9286747 0.85185707 0.58212173 7.4974356 17.045454
 48.64074 36.18109 32.49939 0.8982424 0.7438434 5.209806 13.333333
 5.6066003 3.357011 2.9917648 0.89119893 0.59876055 7.107605 13.636364
 42.19547 40.5773 38.957764 0.9600876 0.9616507 8.237782 12.5
 112.61186 95.24728 89.34012 0.9379808 0.8458015 8.330216 15.909091
 3.1578228 1.2791361 0.7414324 0.5796353 0.40506896 2.4035776 17.105263
 110.169815 111.93754 107.388214 0.9593584 1.0160455 8.442156 1.1363636
 33.23319 33.97365 32.553413 0.9581959 1.0222808 8.653748 1.1363636
 104.359314 89.847496 85.357 0.95002097 0.8609438 8.407571 10.227273
 91.61594 92.81008 88.51308 0.9537011 1.0130342 8.789691 7.9545455
 42.583595 42.170506 40.109367 0.9511237 0.9902993 8.378294 12.5
 8.736285 1.8794831 0.2380263 0.12664455 0.21513526 1.0581138 18.181818
 3.895623 0.7336726 0.113115996 0.15417777 0.18833254 1.4240263 14.285714
 6.460549 1.9996555 0.79688036 0.39850885 0.3095179 2.563856 19.047619
 11.32368 9.538486 8.838044 0.92656684 0.8423485 7.1066117 11.363636
 77.2668 60.605835 55.674534 0.9186332 0.78437096 5.16232 12.5
 33.62752 9.439528 4.3504224 0.46087283 0.28070843 3.5132875 17.105263
 3.6612828 1.1988834 0.56865543 0.4743209 0.32744902 4.471944 14.705882
 48.103317 50.33204 46.063366 0.9151898 1.0463319 5.900542 7.352941
 99.377945 99.314804 91.01921 0.9164717 0.9993647 5.220276 6.6666665
 87.981316 61.4337 55.12187 0.8972578 0.69825846 5.048271 16.666666
 1.0 42.773952 36.530342 34.02003 0.93128145 0.85403246 277.0778 12.7701845 59.0
