 8.231838 4.7204747 4.120838 0.8729711 0.57344115 8.663703 16.666666
 50.880882 23.009157 18.488173 0.8035137 0.45221618 7.711402 13.636364
 22.44264 20.061138 18.856537 0.93995345 0.89388496 8.708274 11.363636
 5.4160223 1.8880373 1.1464716 0.6072293 0.3486022 6.6601205 16.666666
 10.096759 9.425812 8.839235 0.9377692 0.9335482 8.968713 7.9545455
 6.0710278 1.8060907 1.1358334 0.6288906 0.2974934 5.6427345 20.454546
 5.7120147 2.8107595 1.987023 0.7069345 0.4920785 7.77406 15.909091
 2.304346 0.54289395 0.0891364 0.16418749 0.23559567 1.5620986 22.222221
 12.868449 9.320518 8.582123 0.92077744 0.7242922 8.81301 14.772727
 24.072361 22.988838 22.011728 0.95749635 0.95498896 9.249088 15.909091
 6.2835855 2.3807771 1.6856065 0.70800686 0.37888834 6.851734 15.909091
 17.401379 16.910418 16.011658 0.9468518 0.9717861 8.950174 5.681818
 7.5087514 3.8770995 3.368032 0.8686989 0.51634413 7.820741 18.181818
 17.136993 13.61388 9.31485 0.68421715 0.79441476 8.228756 12.5
 10.957942 9.2504425 8.756842 0.9466403 0.84417695 9.689993 11.363636
 13.998759 14.160568 13.53308 0.95568764 1.0115588 9.745413 12.5
 78.95586 67.29913 62.388195 0.92702824 0.852364 9.2264385 13.636364
 9.584368 9.102987 8.466371 0.9300651 0.94977444 8.793085 13.636364
 22.776695 22.573925 17.139717 0.75927055 0.99109745 9.172727 10.227273
 1.7448007 0.5172433 0.10770522 0.20822932 0.29644835 1.300986 20.0
 3.536247 1.3251666 0.3824122 0.2885767 0.37473813 3.1265647 17.5
 20.293745 12.576305 11.334381 0.9012488 0.61971337 8.532912 14.772727
 73.580765 47.496826 43.50298 0.9159134 0.645506 9.162498 11.363636
 46.485676 40.876404 38.529808 0.94259286 0.8793334 9.0718975 15.909091
 4.780971 1.4677452 0.6271768 0.42730632 0.3069973 4.5407004 18.181818
 17.114618 15.471629 14.5743 0.9420016 0.9040009 8.580425 12.5
 23.274433 22.247625 21.26924 0.95602286 0.9558826 9.320947 10.227273
 92.73208 67.004585 59.318993 0.8852975 0.722561 4.6005807 12.5
 11.994058 8.042569 7.5193653 0.93494564 0.6705462 8.5267935 18.181818
 0.51822364 0.12176307 0.024352614 0.2 0.2349624 2.0 25.0
 41.002293 39.735794 37.636272 0.9471629 0.96911156 8.704254 15.909091
 9.475016 5.408306 4.7143707 0.8716908 0.57079655 7.935135 17.045454
 14.3736 6.322364 3.6946297 0.5843747 0.43985945 3.1521153 17.045454
 6.0310545 3.7951035 3.1615536 0.8330612 0.62926036 5.812305 17.647058
 7.36153 3.212368 0.98919183 0.3079323 0.4363723 3.6475344 15.909091
 35.604317 31.233551 29.44376 0.9426966 0.87724054 8.880453 18.181818
 31.294666 29.946007 28.759296 0.9603717 0.9569045 9.1475 5.681818
 97.71668 78.90034 74.5687 0.94509995 0.80743974 8.9641695 14.772727
 23.343515 23.118765 21.906229 0.94755185 0.99037206 8.965637 12.5
 21.035013 15.043457 13.156605 0.87457323 0.7151627 10.334341 12.5
 5.629841 3.6458187 1.0307946 0.28273338 0.64758825 3.4372642 10.227273
 32.615334 32.81745 31.291456 0.9535005 1.006197 9.227906 9.090909
 16.07294 12.569701 11.136905 0.88601184 0.7820412 8.612879 14.772727
 92.265114 60.62352 55.70999 0.9189501 0.65705794 8.770434 17.045454
 13.596576 11.358844 9.959486 0.8768046 0.8354194 9.692108 14.772727
 9.751892 7.893536 7.0694995 0.8956062 0.8094363 9.009194 13.636364
 9.786044 2.7738678 1.4810306 0.53392255 0.2834514 3.2837112 15.384615
 19.240444 16.672436 15.691096 0.94114 0.8665308 8.888639 13.636364
 4.3671246 1.2000402 0.45068717 0.37556008 0.27478954 4.188429 13.636364
 12.587548 6.5997148 5.56803 0.8436774 0.52430505 8.137367 17.045454
 11.437161 4.9710455 4.090787 0.8229228 0.4346398 7.8991027 15.909091
 17.007078 17.15807 16.162611 0.9419831 1.0088781 7.945246 3.75
 17.053917 16.819733 16.022594 0.95260704 0.986268 9.000648 10.227273
 32.57527 31.722881 30.614014 0.96504515 0.97383326 8.4158535 11.363636
 12.704178 7.502679 3.4026895 0.45352992 0.5905678 2.5507526 12.5
 55.14098 56.637867 53.90891 0.9518174 1.0271466 9.1544695 3.409091
 19.556326 12.565647 11.625996 0.92522055 0.6425362 9.028579 14.772727
 38.80189 37.64783 35.400574 0.94030845 0.97025764 8.750902 7.9545455
 14.983663 14.039951 13.184318 0.93905723 0.9370173 8.673049 13.636364
 84.652756 56.343716 52.494408 0.9316817 0.6655863 8.850992 14.772727
 24.251226 20.71757 18.533907 0.89459854 0.8542896 6.6273026 16.17647
 16.994509 16.539566 15.813236 0.9560854 0.97323 8.932116 12.5
 3.798902 1.6466221 1.3986613 0.84941244 0.43344682 7.2866545 18.181818
 9.512674 7.0953417 6.5382996 0.92149186 0.745883 8.104041 15.909091
 19.197372 19.43731 18.635122 0.9587295 1.0124985 8.425253 3.409091
 34.168976 28.868832 26.400568 0.9145007 0.8448844 8.630105 13.636364
 7.9243855 5.94079 5.3759723 0.90492547 0.74968463 8.691864 13.636364
 29.684366 21.77252 20.122017 0.9241933 0.7334675 9.037728 13.636364
 7.32677 4.5323687 4.0072107 0.8841316 0.61860394 8.927547 15.909091
 15.602528 14.348255 13.131073 0.9151686 0.919611 9.3925495 14.772727
 15.415202 12.821797 11.986462 0.93485034 0.83176315 9.152727 15.909091
 4.855304 2.372219 1.7693996 0.74588376 0.48858303 5.8832583 12.5
 20.235123 20.41479 19.36652 0.94865155 1.0088788 9.311816 3.409091
 9.743939 9.580557 9.094324 0.94924796 0.98323244 9.178227 13.636364
 5.2554207 4.2778754 3.9276793 0.9181378 0.813993 8.615363 10.227273
 10.02135 7.2583838 6.5521307 0.9026983 0.72429204 9.604797 13.636364
 6.4187446 4.186483 3.2420077 0.77439886 0.6522277 7.427748 10.227273
 10.127276 7.0062213 6.375814 0.91002184 0.6918169 11.1578455 13.636364
 23.692312 22.343502 21.490616 0.9618285 0.94306976 8.163656 13.636364
 17.515823 12.448311 11.660109 0.9366819 0.7106895 9.297996 14.772727
 8.6067 7.7373924 7.289611 0.94212765 0.8989964 7.9003415 10.227273
 16.263756 15.744033 14.783618 0.9389982 0.96804404 9.00195 10.227273
 10.392523 9.77786 9.360319 0.9572974 0.94085526 9.068706 11.363636
 18.843071 19.669218 18.613287 0.94631547 1.0438436 9.603306 10.227273
 16.901302 17.228148 16.308558 0.9466228 1.0193386 9.058452 3.409091
 42.470387 34.969887 31.766798 0.90840435 0.82339466 6.287231 9.722222
 8.641929 6.4522076 5.9474206 0.9217652 0.74661666 9.116946 13.636364
 8.699309 4.5978312 4.2527647 0.92495024 0.5285283 8.065787 19.047619
 35.65001 37.376507 35.357655 0.945986 1.0484291 5.0676923 6.6666665
 13.153945 12.57447 11.167346 0.8880968 0.9559466 8.569736 14.772727
 37.13637 32.92118 31.015112 0.94210213 0.8864942 8.823868 12.5
 4.127632 2.9628518 2.6588373 0.89739126 0.717809 9.511408 15.476191
 5.701346 4.332049 3.881102 0.8959045 0.75982916 8.794093 14.772727
 3.5924726 2.3623388 0.9807077 0.4151427 0.6575802 3.7994099 12.5
 25.348341 25.784832 24.782352 0.9611214 1.0172197 8.976234 4.5454545
 45.141056 43.90698 41.39688 0.94283146 0.97266173 9.032391 6.818182
 1.1966509 0.36240724 0.1014512 0.27993703 0.30285126 2.0224788 20.0
 17.142342 10.667206 9.501829 0.8907514 0.62227243 9.230551 13.636364
 58.59669 57.278076 54.519352 0.9518363 0.9774968 9.007457 5.681818
 4.1397915 2.4113085 1.6899269 0.7008339 0.582471 8.368361 15.476191
 13.493562 10.282138 9.269366 0.90150183 0.76200324 9.545324 12.5
 21.754822 22.51938 21.328966 0.94713825 1.0351443 8.777884 5.681818
 7.3559937 6.2357645 5.7737956 0.92591625 0.84771204 5.4348416 14.0625
 7.4083233 3.914859 3.4052806 0.86983484 0.52844065 9.60139 15.909091
 6.760916 4.2464957 3.511998 0.8270344 0.6280947 9.033485 14.772727
 6.723656 2.6503017 1.7338305 0.65420115 0.39417568 7.2225647 14.772727
 15.919382 16.57314 15.548483 0.9381737 1.0410666 9.788453 6.818182
 23.115396 24.92038 23.681484 0.9502858 1.0780858 11.224457 6.818182
 19.152575 17.777813 16.863066 0.9485455 0.9282205 8.976281 10.227273
 15.018723 12.479953 11.495404 0.9211096 0.8309597 9.145531 15.909091
 2.1707094 0.98206544 0.57924175 0.5898199 0.45241684 7.718604 20.0
 5.205186 1.449094 0.46515784 0.32099906 0.27839428 2.9807982 15.909091
 22.663548 20.69226 19.466295 0.9407525 0.91301954 9.506586 10.227273
 3.6382837 1.1986263 0.2784487 0.23230654 0.32944828 1.9076353 12.5
 12.1715975 3.5240502 2.30032 0.65274894 0.28953063 8.033052 18.181818
 5.8197565 5.3837814 4.9716043 0.923441 0.9250871 9.277242 13.095238
 2.0357347 0.5486864 0.14405932 0.26255313 0.26952747 1.7216038 16.25
 55.800026 48.955666 45.522236 0.92986655 0.8773413 7.3839974 11.363636
 17.976856 16.777304 15.773937 0.94019496 0.9332724 8.375702 14.772727
 11.303419 9.037399 8.398872 0.9293461 0.79952794 8.792479 10.227273
 10.787203 5.8613253 4.6591597 0.7948987 0.54335916 6.904347 17.045454
 7.738638 5.2704854 4.7391467 0.899186 0.6810611 9.43367 18.181818
 31.271505 27.92665 26.16365 0.9368704 0.8930382 8.469492 10.227273
 13.409701 12.839376 12.240127 0.9533272 0.9574692 9.121187 5.681818
 2.6146922 1.170791 0.8260399 0.70554 0.44777396 6.712752 17.045454
 96.80706 88.09833 82.472084 0.9361367 0.9100403 8.894218 14.772727
 7.974332 3.0908527 2.1936834 0.709734 0.3876002 8.748795 18.181818
 25.515095 25.924978 23.897354 0.9217888 1.0160643 9.064611 9.090909
 24.626907 24.128841 22.431364 0.9296494 0.97977555 9.334921 11.363636
 7.4800572 4.5621696 4.1591907 0.9116694 0.6099111 9.728415 19.318182
 13.714648 10.189762 9.354469 0.91802627 0.7429838 8.868382 14.772727
 15.699454 7.3760858 6.431658 0.87196076 0.46983072 8.359075 19.318182
 17.736732 18.030502 17.172995 0.9524413 1.0165628 8.775079 9.090909
 25.078485 25.766895 24.52134 0.9516606 1.0274502 9.048429 5.681818
 11.379428 7.305333 4.923614 0.6739753 0.6419772 9.618552 13.636364
 2.3212793 0.81143045 0.1716019 0.21148072 0.34956175 2.0555747 21.052631
 12.396407 11.264532 10.5402565 0.93570304 0.9086933 8.781234 12.5
 13.530835 13.384948 12.73734 0.9516167 0.9892181 9.209164 10.227273
 8.6466875 5.76295 5.416581 0.93989724 0.6664922 9.689404 15.909091
 6.4850473 4.448043 3.9965732 0.89850146 0.6858921 8.091952 12.5
 9.537538 5.251308 4.379067 0.8339002 0.5505937 7.715272 17.045454
 14.873486 14.980107 14.373827 0.9595277 1.0071685 9.288706 9.090909
 14.198303 13.830523 12.949649 0.93630946 0.9740969 9.031029 10.227273
 14.346348 14.298879 13.603263 0.9513517 0.99669117 9.075407 4.5454545
 18.229942 16.096155 14.96321 0.92961395 0.8829515 9.302354 14.772727
 36.17682 32.650272 30.603802 0.9373215 0.9025191 8.906849 12.5
 32.993626 33.844837 32.26059 0.95319086 1.0257993 9.307743 11.363636
 3.6420841 1.1563435 0.39776406 0.34398434 0.317495 4.118912 17.105263
 3.6949346 1.9698397 1.7013582 0.86370385 0.53311896 9.461877 14.772727
 6.9404874 4.704006 4.1062317 0.87292224 0.6777631 9.12917 13.75
 44.412052 43.79286 40.952152 0.93513316 0.98605794 8.246658 4.7619047
 19.012028 16.634964 15.829619 0.95158726 0.87497056 8.237994 13.75
 14.143459 10.526024 9.433248 0.8961833 0.74423265 6.9370475 16.17647
 19.045485 17.735546 16.707764 0.94204956 0.9312205 7.4415197 6.5789475
 20.536417 6.8913913 5.4710617 0.79389805 0.33556932 6.424265 18.421053
 19.156673 15.718938 14.723331 0.936662 0.82054627 7.9112053 15.789474
 61.170437 58.881973 54.281487 0.92186934 0.9625887 7.6015987 5.263158
 7.3706856 3.7446358 2.54992 0.6809527 0.5080444 5.628142 13.888889
 9.583176 8.424312 7.785374 0.9241555 0.8790731 6.0648084 10.9375
 94.09427 73.34862 67.778564 0.9240605 0.7795227 7.1834955 15.277778
 16.571243 16.631351 15.28826 0.91924345 1.0036272 6.723016 4.4117646
 17.25651 12.058986 10.812699 0.8966508 0.69880795 6.120298 12.5
 33.560066 34.044086 30.016802 0.88170385 1.0144225 5.2052073 8.928572
 43.01888 32.375378 28.14193 0.8692386 0.75258535 4.9231486 8.928572
 10.031902 3.913778 2.5679986 0.6561431 0.39013317 2.89503 17.307692
 4.990231 3.51545 3.2069685 0.9122498 0.70446634 4.3470535 7.6923075
 18.044985 9.478589 2.3387103 0.24673614 0.5252755 1.4047982 16.666666
 1.0 20.039776 16.48958 15.059997 0.9133038 0.82284254 137.45435 13.102879 167.0
