 3.5736256 0.79424536 0.108267315 0.13631469 0.22225198 1.0921396 19.047619
 2.3611763 0.59936774 0.108466476 0.18096815 0.25384286 1.6241186 20.0
 0.7167375 0.22454067 0.07879627 0.35092202 0.3132816 2.5727305 25.0
 1.6384294 0.2734784 0.03928984 0.14366709 0.16691495 1.537133 19.444445
 1.4576685 0.3429849 0.093458 0.27248427 0.2352969 2.2203312 18.75
 5.7853894 2.786119 2.2312777 0.80085516 0.48157844 8.777145 15.909091
 5.459606 1.1307436 0.23839124 0.21082696 0.20711084 1.9270166 20.454546
 3.2272449 0.9636079 0.16982713 0.1762409 0.29858533 1.6363348 17.5
 4.2055674 0.9053263 0.30119032 0.33268702 0.21526854 4.116023 18.181818
 2.6513493 0.6519869 0.19580296 0.30031735 0.24590757 3.1446724 18.181818
 13.320383 13.265733 12.462297 0.9394353 0.99589723 9.88238 12.5
 3.6638122 1.0016496 0.18215221 0.18185222 0.27339002 1.1870021 19.318182
 6.786569 6.0883822 5.705412 0.9370982 0.89712226 9.861641 7.9545455
 2.8866997 0.967559 0.24095184 0.24903065 0.33517826 2.933723 18.181818
 2.5854313 0.997399 0.46879253 0.47001505 0.3857766 4.57233 17.045454
 3.6538596 1.994796 1.0569972 0.5298773 0.5459421 6.5256095 15.789474
 6.0243273 5.570929 5.1638803 0.9269334 0.92473876 10.659831 5.952381
 3.2250936 1.3724867 0.25375658 0.18488817 0.42556494 1.9926704 14.772727
 2.3289359 0.6197167 0.12990183 0.20961486 0.26609436 2.2705412 15.789474
 24.880615 25.790232 24.16647 0.9370397 1.0365592 10.195222 0.0
 1.4240292 0.39193046 0.08049566 0.20538251 0.2752264 2.3815472 18.055555
 11.200002 10.611865 9.868179 0.9299194 0.9474878 9.815836 11.363636
 13.751301 13.7831955 12.76388 0.9260465 1.0023193 8.576987 5.0
 94.715034 92.93577 85.01436 0.9147647 0.98121446 8.076792 13.157895
 1.0 9.230121 7.669335 6.713429 0.87535995 0.830903 64.61391 15.30627 24.0
