 10.460363 4.1264033 0.78435487 0.19008197 0.39447993 1.8497889 12.5
 6.245447 1.6206394 0.31861094 0.19659583 0.25949132 1.6025107 19.318182
 2.3869429 0.53748584 0.09476607 0.17631362 0.2251775 1.278018 16.666666
 3.3321626 0.63135904 0.21453732 0.33980238 0.18947427 1.3444898 9.615385
 0.6730021 0.16934611 0.029270751 0.17284572 0.2516279 1.9013029 17.857143
 1.1351388 0.27986762 0.046398994 0.16578907 0.24654926 1.5359449 18.75
 98.18645 62.374435 55.65058 0.8922018 0.63526523 8.54845 19.318182
 3.7661867 2.3746078 2.128314 0.8962803 0.6305072 6.643259 18.421053
 11.4344845 9.271553 8.190863 0.8834402 0.8108414 10.14082 7.9545455
 5.5820746 3.1026678 0.8598402 0.27712932 0.555827 3.0891404 11.363636
 16.287632 14.9812975 13.916517 0.92892605 0.91979593 5.195873 6.25
 104.72838 99.43586 93.24692 0.9377595 0.9494643 8.141722 8.75
 106.518196 110.34055 104.3893 0.94606465 1.0358845 8.085771 8.75
 129.12405 129.51529 120.94895 0.9338585 1.00303 5.999926 4.6875
 123.04792 127.75448 121.05025 0.9475225 1.0382499 8.156711 1.25
 110.05211 109.255936 101.339516 0.92754245 0.9927655 8.016931 8.75
 119.50403 104.71144 98.456604 0.940266 0.8762168 8.030106 12.5
 106.12212 86.47235 79.96271 0.92472 0.8148381 7.931779 16.25
 118.66944 121.570984 114.61608 0.9427914 1.0244507 8.2155485 1.25
 102.063995 95.93431 89.489784 0.9328235 0.9399428 8.07299 13.75
 107.26356 113.690865 103.87757 0.9136844 1.0599208 4.636062 1.9230769
 95.07903 97.19621 90.982285 0.9360681 1.0222676 7.578368 1.3157895
 124.62205 122.79376 109.624756 0.89275515 0.98532933 4.5326953 13.461538
 7.721644 6.376292 5.4495482 0.8546579 0.8257687 4.218497 12.5
 1.0 63.0836 59.354916 54.819515 0.9235884 0.940893 428.61966 10.964696 24.0
