 19.6652 18.76169 17.359934 0.9252863 0.95405537 9.119027 4.5454545
 10.517112 9.951513 9.072706 0.91169107 0.9462211 9.117662 10.227273
 9.046757 5.37568 3.4336386 0.63873565 0.59421074 8.004938 13.636364
 2.1523013 0.42633572 0.24409597 0.572544 0.19808367 7.4255257 20.238094
 22.430824 17.962265 16.492628 0.918182 0.8007849 9.12183 13.636364
 16.4327 15.937649 14.832523 0.9306594 0.96987396 9.0501585 5.681818
 1.3740138 0.36647266 0.14592502 0.398188 0.26671687 4.1229243 20.588236
 10.434535 9.658223 8.955613 0.9272526 0.92560166 8.734791 7.9545455
 71.71191 61.606346 56.225086 0.9126508 0.85908115 9.096486 13.636364
 3.6218102 0.92525864 0.20694278 0.22365938 0.25546858 2.8746576 17.045454
 16.210533 15.083102 14.043784 0.9310939 0.93045074 8.389485 7.9545455
 105.709274 101.801445 94.0118 0.92348206 0.96303225 5.7319427 0.0
 114.107376 105.49071 92.913185 0.8807713 0.92448634 4.3674626 0.0
 1.0 31.031872 27.949745 25.22599 0.90254813 0.90067863 187.37141 10.395732 13.0
