 7.8036323 2.5804412 1.9115592 0.74078774 0.33067182 6.4984064 17.045454
 12.351405 11.278206 10.626096 0.9421796 0.91311115 8.686541 7.9545455
 9.769341 4.1737027 2.569574 0.61565816 0.42722455 6.7889237 17.045454
 2.0161161 0.5700208 0.13203551 0.2316328 0.28273213 2.5669546 17.105263
 5.651595 4.6223655 4.337564 0.93838626 0.8178868 9.0474825 11.363636
 3.4083197 1.1659282 0.22452293 0.19257012 0.34208298 1.3001788 15.909091
 5.27596 4.055311 3.5010576 0.86332643 0.7686395 8.636515 17.045454
 16.95236 13.05902 11.747266 0.89955187 0.7703364 8.148286 13.636364
 11.925546 5.798196 5.0677385 0.8740199 0.48619962 8.307502 17.045454
 7.465543 6.4508257 5.963729 0.9244908 0.8640799 8.603077 11.363636
 9.523448 8.604529 7.9614787 0.9252661 0.9035098 8.626215 14.772727
 6.237735 3.611515 3.1679728 0.87718666 0.5789786 7.2543597 17.045454
 6.525072 5.7552094 5.320726 0.924506 0.88201475 8.880969 13.636364
 20.664787 20.674652 19.510818 0.9437073 1.0004774 8.377539 7.9545455
 6.261415 5.5976944 5.432882 0.9705571 0.89399827 9.780424 5.952381
 12.527905 11.092328 10.360214 0.9339982 0.8854096 8.54436 14.772727
 9.094155 1.8418398 1.0131923 0.550098 0.20253006 3.3199997 14.705882
 0.98920697 0.11766444 0.04486121 0.38126394 0.11894826 4.3941965 17.857143
 12.941967 9.979211 9.393668 0.94132376 0.7710737 8.724598 13.636364
 9.0297365 6.0153794 5.388668 0.8958152 0.66617435 8.366937 12.5
 10.328902 8.294126 7.8592296 0.94756573 0.80300164 9.904015 7.9545455
 75.98741 75.46713 71.076485 0.94182044 0.9931531 8.828841 1.1363636
 8.399531 4.7096257 4.3189993 0.91705793 0.560701 7.438853 13.636364
 6.5955024 5.294181 4.413821 0.83371186 0.80269563 5.225891 11.666667
 10.764873 10.021297 9.34556 0.9325698 0.9309258 8.881897 7.9545455
 3.5336213 2.4794147 2.1966221 0.88594383 0.701664 8.895768 23.4375
 14.237685 13.34956 12.493166 0.93584853 0.9376215 8.893638 6.818182
 11.112909 9.895927 9.13745 0.9233546 0.89048934 8.821521 18.181818
 4.18803 2.818794 2.3603916 0.8373764 0.67305976 5.6375704 10.714286
 14.647479 13.086229 12.316502 0.94118035 0.8934117 9.231369 10.227273
 25.945549 25.255604 23.865665 0.9449651 0.973408 9.47265 7.9545455
 5.545356 3.8422806 3.0244899 0.7871601 0.6928826 7.8105536 14.772727
 2.154686 0.7231492 0.21334982 0.29502878 0.335617 2.4858704 18.75
 16.651876 13.994293 12.863762 0.91921484 0.8404034 7.9173813 14.772727
 8.326784 6.2159934 5.7951536 0.9322972 0.7465059 9.40201 13.636364
 9.148037 6.1127954 5.0581303 0.827466 0.6682084 9.079462 11.363636
 9.013927 5.024895 4.568303 0.909134 0.55745906 7.7983584 17.045454
 6.4631047 5.0161343 4.6943493 0.93584996 0.7761184 8.819985 15.909091
 10.603591 8.828685 8.232174 0.9324349 0.8326128 8.287193 14.772727
 7.0115924 6.0677514 5.5435247 0.9136045 0.86538845 9.193515 10.227273
 8.909973 6.8308716 6.521793 0.9547527 0.76665455 9.434301 14.772727
 10.437024 10.297227 9.67998 0.94005704 0.98660564 8.803374 10.227273
 10.831422 7.6608725 7.046911 0.91985744 0.70728225 8.744367 17.045454
 10.925251 4.5045023 3.7556825 0.83376193 0.412302 7.6783137 17.045454
 6.9513497 4.0735083 3.1802385 0.7807124 0.5860025 8.520342 15.909091
 10.190486 9.160714 8.496041 0.92744315 0.89894766 8.46013 11.363636
 12.444786 7.6806808 6.8744283 0.89502853 0.61718065 8.495313 17.045454
 3.9536505 2.4994173 2.207057 0.8830285 0.6321797 9.02073 15.909091
 11.749838 7.872555 6.9382563 0.881322 0.6700139 8.423364 13.636364
 9.671582 3.1290803 1.4450176 0.46180263 0.32353345 4.5508027 19.318182
 6.789558 5.289493 4.809553 0.9092655 0.7790629 8.536695 14.772727
 13.253635 10.140712 9.393167 0.92628276 0.76512676 8.7688 17.045454
 5.6714034 4.718842 4.500128 0.95365083 0.8320414 9.16483 13.636364
 5.3917165 3.6953955 3.270009 0.8848875 0.68538386 8.372109 13.636364
 11.734479 6.470146 5.4404902 0.8408605 0.5513791 7.2529545 17.045454
 7.101724 5.919059 5.382039 0.90927273 0.8334679 8.807763 12.5
 12.927569 7.5899153 5.641084 0.74323416 0.58711076 5.353807 14.772727
 14.207946 13.133125 12.460593 0.94879115 0.9243507 8.887608 11.363636
 12.380564 8.73375 7.876401 0.90183485 0.70544046 8.901666 14.772727
 9.375491 9.012193 8.510309 0.9443106 0.9612502 9.219554 11.363636
 8.988065 3.839785 2.891807 0.7531169 0.42720932 7.686518 14.772727
 6.6828475 3.4252303 2.915275 0.85111797 0.5125405 7.842474 17.045454
 5.7908325 4.008556 3.2047548 0.79947865 0.69222444 8.522761 15.909091
 17.39795 7.7716684 6.475879 0.83326757 0.44670025 8.274671 15.909091
 2.9222026 0.91290796 0.27027673 0.29606128 0.31240407 2.845686 22.058823
 6.0592346 5.5359 5.0726633 0.91632134 0.9136302 8.412871 14.772727
 5.892913 3.731283 3.268396 0.87594426 0.6331814 8.287149 14.772727
 9.224755 8.109893 7.7075863 0.9503931 0.8791445 9.34585 7.9545455
 7.2583594 5.7455225 5.3199363 0.9259274 0.79157317 8.581351 15.909091
 3.602717 1.0157516 0.81287456 0.800269 0.28194046 8.751896 14.772727
 9.875059 1.9021524 1.211304 0.636807 0.19262189 6.5516343 15.909091
 11.249063 8.806271 8.150654 0.9255512 0.7828448 8.524335 14.772727
 10.49062 8.791266 8.32448 0.9469034 0.8380121 8.892253 12.5
 6.5072126 4.0590763 3.6344469 0.89538765 0.62378114 7.5972395 17.045454
 16.220356 15.244208 14.737173 0.96673924 0.9398196 9.132011 13.636364
 5.5067387 3.1589975 2.9187784 0.92395717 0.5736603 7.7335825 15.909091
 6.9385667 4.833527 4.3528256 0.90054846 0.69661754 8.213108 13.636364
 7.2076335 3.8675978 3.505134 0.906282 0.53659743 8.323865 15.909091
 11.292498 9.602609 8.287873 0.8630857 0.8503529 5.037415 16.071428
 3.8821766 3.2251184 3.0083585 0.9327901 0.83075005 9.467917 16.666666
 10.499102 8.204832 6.402299 0.7803083 0.7814795 4.769916 15.909091
 58.023933 48.997936 45.71176 0.9329324 0.8444435 8.756327 10.227273
 6.6577735 5.301413 4.817254 0.9086736 0.7962742 8.468308 12.5
 15.865083 12.443504 10.730883 0.8623682 0.7843328 5.8917155 14.772727
 13.789043 11.597466 10.705077 0.923053 0.84106386 8.607574 15.909091
 5.279137 4.132883 3.446363 0.8338883 0.78287095 4.660373 10.714286
 11.026926 10.498054 9.807346 0.9342061 0.9520381 8.711683 7.9545455
 33.702988 28.687826 26.42022 0.9209558 0.8511954 7.0473814 9.090909
 57.4282 32.095142 27.572798 0.85909563 0.55887425 7.9643745 17.045454
 85.60722 54.8285 50.495068 0.9209639 0.6404658 8.6173115 10.227273
 2.2775328 0.7808448 0.32305628 0.4137266 0.3428468 4.233571 25.0
 11.0208645 7.846292 6.7942934 0.8659241 0.7119489 9.052403 12.5
 6.5633554 6.62557 6.26544 0.9456455 1.009479 8.515645 11.363636
 19.821846 19.050896 18.248558 0.9578845 0.96110606 7.332575 13.636364
 6.8421736 4.2607603 3.807818 0.89369446 0.6227203 8.186063 13.636364
 13.999228 10.807664 10.026622 0.9277325 0.7720186 8.789089 14.772727
 6.328219 4.616057 4.2255006 0.91539174 0.7294402 7.8351593 19.318182
 7.5202365 6.5148187 6.036709 0.92661196 0.866305 8.855128 9.090909
 10.397449 6.707707 5.9738393 0.89059335 0.64513004 8.173276 12.5
 10.3871155 8.73337 8.237372 0.9432066 0.8407887 8.444514 9.090909
 7.5888076 5.4894176 5.1663156 0.94114095 0.7233571 9.531373 12.5
 6.982019 5.3541713 4.5710196 0.85373056 0.7668514 8.249079 7.9545455
 5.8992653 2.3167775 1.8000435 0.77696 0.39272305 7.148779 19.318182
 28.638247 25.401098 23.381212 0.9204803 0.8869642 8.433862 13.636364
 2.1115153 1.0264581 0.70633525 0.6881286 0.48612395 5.558778 20.0
 5.6066165 3.9848065 3.6589208 0.91821796 0.7107329 8.43602 13.636364
 18.288284 12.645346 11.652564 0.9214904 0.6914451 9.187081 15.909091
 8.602175 8.236397 6.2391753 0.7575127 0.95747846 5.019685 7.6923075
 9.802277 6.723082 6.300322 0.9371181 0.6858694 9.171599 15.909091
 19.64666 19.86183 18.52952 0.9329211 1.010952 8.443473 4.5454545
 9.642617 8.610598 7.8201694 0.9082028 0.8929731 8.548119 14.285714
 10.560867 5.1673183 4.4421244 0.8596575 0.48928922 6.3260193 17.045454
 11.05365 9.65186 8.970889 0.9294467 0.873183 8.970155 12.5
 16.173674 10.738549 9.972466 0.9286605 0.6639524 8.712208 15.909091
 14.958851 11.789348 11.115863 0.9428735 0.7881185 8.446476 9.090909
 11.475526 10.705542 9.998758 0.93397963 0.9329021 9.015635 11.363636
 14.944156 7.2036314 6.547502 0.90891683 0.4820367 8.384372 20.454546
 5.355965 2.5814657 1.7062659 0.6609679 0.48197958 4.2402453 13.461538
 7.0608954 4.6198072 4.3489103 0.94136184 0.65428066 8.984253 19.318182
 8.869082 6.5459204 6.029238 0.9210681 0.73806065 8.846238 13.636364
 6.702541 5.089218 4.5305896 0.8902329 0.75929683 9.532388 10.227273
 8.220573 3.7908387 3.1270616 0.8248997 0.46114042 6.124993 11.111111
 41.286804 41.061226 36.705475 0.8939206 0.9945363 5.060024 10.714286
 6.527507 4.4284234 3.9215975 0.8855516 0.67842495 5.070769 12.5
 8.292005 5.2176743 4.634119 0.88815796 0.62924165 8.148562 17.045454
 28.697018 28.012142 25.548326 0.91204476 0.97613424 7.8816094 10.227273
 5.122187 3.021627 2.0677195 0.6843066 0.58990955 9.040464 14.772727
 5.371974 4.307311 3.984856 0.92513776 0.8018116 9.010521 13.636364
 8.988845 8.7985 8.194764 0.93138194 0.9788244 8.7698 7.9545455
 20.5488 19.96129 18.842281 0.94394106 0.97140914 8.720631 5.681818
 13.330737 12.223183 11.44591 0.93641 0.91691726 8.391831 6.818182
 33.41732 33.66819 31.705357 0.9417007 1.0075071 9.138616 9.090909
 7.108298 4.033766 3.6107578 0.8951332 0.5674729 8.573123 18.181818
 7.83125 6.1244917 5.704971 0.93150115 0.782058 8.890558 13.636364
 6.4700866 5.6986794 5.386033 0.945137 0.8807733 9.764259 11.363636
 8.022348 6.712378 6.20049 0.9237397 0.8367099 8.429695 12.5
 9.026658 3.4735146 2.8824558 0.82983845 0.38480625 5.8913364 18.181818
 16.104631 11.400626 10.533875 0.92397344 0.70790976 8.884112 14.772727
 14.057717 6.1537204 5.5738297 0.90576583 0.43774676 8.030634 19.318182
 9.885738 7.2280216 6.6515603 0.9202463 0.73115647 8.696325 14.772727
 6.2705464 2.596587 1.8358701 0.707032 0.41409263 6.154259 18.181818
 9.120658 7.5525274 7.0096483 0.92811954 0.82806826 8.743033 11.363636
 5.772805 5.667466 5.394906 0.951908 0.9817525 8.698133 7.9545455
 86.80041 55.08406 49.48516 0.8983572 0.634606 8.479432 15.909091
 4.120305 2.5145333 1.9876951 0.7904827 0.6102784 7.6002326 17.045454
 92.28773 76.08625 70.1783 0.92235196 0.8244461 8.671035 15.909091
 6.5120087 3.5135856 2.6584826 0.75662947 0.5395548 6.4618278 15.909091
 6.5154448 5.445802 4.9001417 0.8998017 0.8358297 8.788514 11.363636
 9.041019 4.7140245 4.1562552 0.88167876 0.521404 8.22796 14.772727
 12.112524 5.3417993 4.6903596 0.8780486 0.44101456 6.158654 15.909091
 5.892518 6.0490613 5.6369023 0.93186396 1.0265665 9.337856 12.5
 9.585785 6.191572 5.397818 0.87180084 0.6459119 7.784471 14.772727
 5.79452 5.209698 4.8246007 0.92608064 0.8990733 8.628148 15.476191
 11.634092 10.183146 9.514681 0.9343556 0.875285 8.894153 13.636364
 9.597903 7.8737836 7.2328944 0.9186046 0.82036495 9.093488 11.363636
 6.126081 2.8535633 2.1364353 0.7486903 0.46580565 7.8392115 19.318182
 4.288202 3.1640832 2.5514627 0.80638295 0.7378578 6.24595 16.25
 6.970482 4.407239 3.4224966 0.7765625 0.63227177 7.335085 17.045454
 66.88595 44.39959 40.011406 0.90116614 0.66381043 8.5320215 13.636364
 7.062793 5.5710483 5.064901 0.90914685 0.78878826 8.906723 13.636364
 19.435133 17.501457 16.460356 0.94051355 0.90050614 9.086278 13.636364
 7.517481 6.2625275 5.8407893 0.9326569 0.83306193 8.089097 12.5
 12.344927 9.363025 8.607567 0.91931474 0.7584512 8.527097 12.5
 13.380627 10.017367 9.35637 0.93401486 0.7486471 8.673034 15.909091
 23.03619 19.59837 17.860731 0.9113377 0.85076433 9.690861 14.772727
 9.762382 9.700303 9.240099 0.95255774 0.993641 8.817187 5.681818
 12.410029 4.776185 3.4492433 0.72217536 0.38486493 7.4681406 19.318182
 12.578038 11.0953865 10.414596 0.93864197 0.88212377 8.913122 13.636364
 10.808014 9.154583 8.651346 0.94502896 0.8470181 8.77046 10.227273
 21.76764 5.9269757 2.5618453 0.43223485 0.27228382 4.4308677 15.909091
 9.205738 6.991876 6.295655 0.90042424 0.75951284 8.639056 13.636364
 4.929044 2.371316 1.8608463 0.7847315 0.48109046 7.2636557 14.772727
 5.782818 3.3354387 2.670002 0.8004949 0.5767844 7.7194347 15.909091
 6.386087 3.4432638 2.0797946 0.6040184 0.53918207 4.953296 9.090909
 14.9159355 14.577072 13.658465 0.93698275 0.9772818 9.009175 11.363636
 5.528563 5.024869 4.5985785 0.9151639 0.9088924 8.454434 15.909091
 8.406686 3.9602728 3.229042 0.81535846 0.4710861 7.82984 17.045454
 33.844994 32.985622 31.32838 0.9497587 0.97460854 8.641596 0.0
 6.0077324 3.4733315 3.2757056 0.94310194 0.57814354 9.215095 14.772727
 11.757153 11.52208 10.750859 0.9330658 0.98000604 8.7169 6.818182
 9.125249 7.175889 6.166091 0.85927904 0.7863773 5.0020466 15.909091
 11.345538 8.87284 8.20545 0.9247828 0.78205544 8.780948 15.909091
 9.240302 7.358381 6.0757275 0.8256881 0.79633546 6.6045465 11.363636
 8.333351 5.204039 4.5531015 0.87491685 0.62448335 7.959173 14.772727
 11.973698 9.970358 9.089265 0.9116287 0.83268833 9.145285 15.909091
 5.481691 4.8582983 4.5106716 0.9284469 0.8862773 8.984362 12.5
 15.991295 14.838208 14.064817 0.9478784 0.9278928 9.09607 13.636364
 7.3075204 7.1263204 6.557781 0.92021984 0.9752037 8.750132 8.333333
 2.5720537 0.691175 0.12519364 0.18113162 0.26872495 1.7609495 18.75
 9.668219 6.7987185 6.133042 0.9020879 0.7032028 6.0757565 12.5
 1.5725033 0.8312205 0.60967886 0.73347425 0.528597 9.979141 19.736841
 8.125538 6.205076 5.7308593 0.923576 0.76365113 8.603881 15.909091
 26.918917 27.367428 25.60665 0.93566155 1.0166615 9.987386 11.363636
 15.4632015 14.361874 13.539333 0.9427275 0.92877746 8.506797 7.9545455
 11.431479 7.751148 6.853212 0.8841544 0.67805296 8.204778 13.636364
 11.228861 6.4119954 5.7463355 0.8961853 0.5710281 8.017624 18.181818
 7.946526 5.4312177 4.615422 0.8497951 0.68347067 3.592011 12.5
 14.287024 14.322811 13.389042 0.93480545 1.0025048 8.790977 7.9545455
 10.265262 8.665573 7.500694 0.8655739 0.84416485 4.4792447 16.666666
 14.075702 14.21346 13.417614 0.9440076 1.009787 8.738827 9.090909
 11.092857 9.459054 8.788436 0.9291031 0.8527158 8.717488 15.909091
 4.563011 2.6448147 2.3995357 0.90726036 0.5796205 9.039094 18.421053
 11.97432 8.259236 7.4302783 0.8996326 0.6897458 8.53877 10.227273
 23.429564 20.943195 19.399847 0.9263079 0.89387906 8.9034395 9.090909
 4.1712003 3.4303555 3.1643968 0.9224691 0.8223905 9.0929365 14.285714
 8.995365 8.152593 7.538769 0.9247081 0.9063104 8.800167 11.363636
 9.499836 6.8975606 6.2197227 0.9017279 0.72607154 8.248348 11.363636
 7.2872643 6.0285687 5.5834126 0.9261589 0.8272746 9.235605 14.772727
 3.2745252 0.8234229 0.14545308 0.17664444 0.2514633 2.1065574 18.75
 12.004486 7.8404465 7.0710416 0.9018672 0.65312636 8.757717 19.318182
 5.1809793 4.976931 4.724481 0.94927603 0.9606159 8.673556 11.363636
 9.941538 7.3489537 6.684657 0.9096067 0.7392169 8.547191 17.045454
 6.5908017 2.519844 1.3154192 0.52202404 0.38232738 4.7149973 15.909091
 1.1680079 0.3613414 0.102403484 0.28339815 0.30936554 2.0812626 18.75
 12.542525 9.435836 8.847048 0.9376009 0.7523075 8.563326 15.909091
 5.2868476 4.0057144 3.4751413 0.8675459 0.7576754 8.230867 15.909091
 5.5567594 3.1864989 2.8055212 0.88044006 0.57344556 10.61017 15.909091
 18.979582 17.269201 15.335988 0.8880543 0.9098831 8.748504 7.142857
 8.189371 5.3540764 4.6535068 0.8691521 0.65378356 6.661241 13.157895
 9.626572 4.585289 3.823896 0.83394873 0.47631586 4.775451 17.1875
 21.441685 18.008802 15.523127 0.86197436 0.83989686 3.856677 8.333333
 28.47253 31.565283 30.316736 0.9604456 1.1086223 6.70756 7.352941
 3.0302548 1.1515802 0.86641526 0.7523708 0.3800275 5.031983 16.17647
 9.043563 9.106753 8.422583 0.92487216 1.0069873 5.8839784 7.8125
 52.10998 54.34737 49.653023 0.9136233 1.0429358 5.37242 0.0
 10.816278 6.7261724 6.1697526 0.91727537 0.62185645 5.779736 8.333333
 53.530865 58.48963 54.57171 0.9330151 1.0926338 5.6731353 1.6666666
 6.2190275 1.8971577 0.9935899 0.5237255 0.30505696 2.2671623 11.666667
 3.6438866 2.98252 2.4926245 0.8357444 0.8184997 4.8528514 8.333333
 10.8523 10.519531 9.7620325 0.92799115 0.9693366 5.233421 8.928572
 1.7083514 0.87174666 0.38705674 0.44400138 0.5102854 2.0466642 19.444445
 6.7391157 3.1707644 2.4922943 0.7860232 0.47050157 4.746524 13.461538
 6.696321 5.3699102 4.600951 0.8568022 0.8019195 4.054544 12.5
 12.664833 8.848103 7.60049 0.8589966 0.6986356 4.13121 10.416667
 1.0 12.466461 9.666095 8.756164 0.9058637 0.775368 77.594986 13.54052 234.0
