 86.57991 81.89772 77.62499 0.94782853 0.9459206 8.762204 15.909091
 70.731964 61.036034 57.36816 0.9399065 0.8629201 8.80318 13.636364
 107.19802 105.70072 100.46531 0.95046943 0.9860324 8.949034 1.1363636
 78.32095 76.04976 70.01662 0.92066854 0.97100145 6.195241 1.5625
 15.694903 14.529445 13.39809 0.9221337 0.92574286 8.915821 5.681818
 70.684456 67.81158 63.937572 0.94287103 0.95935637 7.674821 6.5789475
 78.37511 79.28132 75.31018 0.9499107 1.0115626 8.912853 1.1363636
 71.091644 65.587395 62.259457 0.9492595 0.92257524 8.826017 4.5454545
 10.031837 8.375495 7.2369647 0.86406416 0.83489144 9.704145 14.772727
 79.9118 59.64319 54.166702 0.90817916 0.74636275 8.463705 11.363636
 5.573917 4.716152 4.3027325 0.91233957 0.846111 3.6348712 8.333333
 94.29323 92.19429 86.714066 0.9405579 0.9777403 8.935987 4.5454545
 62.946297 34.992348 30.641092 0.87565124 0.55590796 8.059495 13.636364
 78.13521 59.330242 55.41507 0.93401045 0.75932795 8.811758 13.636364
 90.87549 88.599075 83.404495 0.94136983 0.9749502 8.99556 1.1363636
 12.355548 12.656378 12.031965 0.9506643 1.0243477 9.014444 11.363636
 90.97443 88.30501 83.797424 0.9489544 0.97065747 8.9223385 1.1363636
 104.424355 102.037125 96.30056 0.94377965 0.9771391 9.195311 2.2727273
 56.826977 54.463074 51.660618 0.94854397 0.95840174 8.613032 0.0
 66.66075 53.133324 49.81136 0.9374787 0.79707056 9.11769 12.5
 76.78794 73.418594 69.51966 0.9468944 0.95612144 9.019243 3.409091
 19.092562 16.55267 14.66229 0.88579607 0.86696947 4.31382 12.5
 72.17704 69.776436 65.55926 0.9395615 0.9667401 8.975643 5.681818
 94.52724 92.202805 87.51509 0.9491587 0.97540987 8.799078 1.1363636
 101.37767 96.90004 91.83333 0.947712 0.9558322 9.179907 1.1363636
 79.7348 68.01456 62.90957 0.92494273 0.85300964 9.164482 9.090909
 102.552925 100.99781 96.00667 0.95058167 0.984836 8.941979 14.772727
 95.02394 63.742588 57.675385 0.9048171 0.6708056 5.140155 8.928572
 9.579496 8.295919 7.775162 0.93722725 0.866008 8.671775 14.772727
 101.603874 98.78308 93.9415 0.95098776 0.97223735 9.017193 3.409091
 91.10802 87.92548 83.63524 0.9512059 0.9650686 8.914643 17.045454
 70.56095 68.48481 64.859924 0.94707024 0.97057664 9.0587 1.1363636
 92.68792 91.47846 85.38151 0.9333509 0.98695123 8.909726 4.5454545
 11.211795 10.152279 9.463574 0.9321625 0.90549994 3.5730383 7.142857
 10.574587 6.8954277 5.747648 0.83354473 0.6520754 7.324087 15.909091
 83.94368 79.711136 74.92768 0.93999016 0.94957876 8.912737 13.636364
 53.357845 17.655005 10.831605 0.6135147 0.33087924 6.291541 15.909091
 6.178472 5.1322165 4.691924 0.9142101 0.8306611 8.786679 11.363636
 10.762892 10.320005 9.543009 0.9247097 0.9588506 8.862472 13.636364
 94.67345 90.03297 84.36101 0.93700135 0.9509843 7.293007 1.3888888
 99.12362 92.01135 86.158195 0.9363866 0.92824847 7.1452694 1.3888888
 83.72083 80.894936 76.93336 0.9510281 0.9662462 8.934892 5.681818
 107.611885 104.549614 99.94578 0.9559651 0.9715434 9.212111 9.090909
 99.33012 65.38625 60.894463 0.93130374 0.6582722 8.828231 12.5
 10.167546 9.588613 9.192799 0.95872045 0.9430607 8.389525 15.909091
 11.03455 10.882115 10.233214 0.9403699 0.9861857 9.579843 4.5454545
 7.4905005 5.957644 5.5087686 0.92465556 0.7953599 8.979895 11.363636
 88.62894 85.8523 79.75759 0.9290094 0.96867126 6.6888947 10.294118
 91.6238 87.85767 83.03068 0.94505894 0.95889574 8.96023 3.409091
 94.7131 89.25798 83.27592 0.9329801 0.94240373 9.048977 6.818182
 8.512902 8.3891945 7.9995017 0.95354825 0.98546815 9.29434 7.9545455
 11.35096 10.818302 9.74814 0.9010786 0.95307374 9.05958 6.818182
 91.88614 88.15536 82.20223 0.9324701 0.95939773 8.977298 1.1363636
 101.386086 98.49495 87.982285 0.893267 0.9714839 8.187631 1.1904762
 95.818115 93.22532 87.374886 0.9372441 0.97294044 8.342138 1.1904762
 93.16774 91.52029 85.7988 0.93748397 0.9823174 8.413839 1.1904762
 94.0896 94.26736 88.82803 0.942299 1.0018892 8.397741 13.095238
 84.20883 86.04542 81.335266 0.94525975 1.0218099 8.119501 1.1904762
 79.83269 78.25663 72.17516 0.9222882 0.980258 6.5082984 1.4705882
 104.54784 102.805595 95.99453 0.9337481 0.98333544 6.1964726 0.0
 72.098045 70.078545 65.27121 0.93140066 0.9719895 6.3502297 1.4705882
 85.46184 86.04985 77.92221 0.9055473 1.0068804 4.848482 1.7857143
 1.0 68.14532 63.018665 58.939796 0.93527526 0.92476887 522.20514 7.111765 62.0
