 13.61165 12.746881 11.816476 0.92700917 0.9364684 5.7980576 8.823529
 82.845474 65.23784 59.44212 0.9111602 0.78746414 8.788201 6.818182
 8.783262 4.98792 2.2906222 0.459234 0.5678892 2.4345288 11.538462
 99.26981 64.478424 57.962006 0.89893645 0.64952695 8.668806 13.636364
 2.1143658 0.5669752 0.2719456 0.4796429 0.26815376 5.8319054 22.058823
 87.80143 68.64808 63.404087 0.9236105 0.78185606 8.979445 9.090909
 90.767525 71.97322 66.320786 0.9214647 0.7929402 8.88824 12.5
 95.80576 79.01467 71.53945 0.90539455 0.8247382 5.38149 13.333333
 8.575506 6.212585 4.8394594 0.77897674 0.7244569 7.1696925 7.9545455
 60.957256 54.492928 51.04193 0.9366708 0.8939531 9.151818 3.409091
 74.627754 64.84726 58.839115 0.9073492 0.868943 10.142318 6.818182
 79.832985 57.037228 53.484863 0.93771845 0.7144569 8.850395 17.045454
 7.2439814 3.6653335 2.8798063 0.7856874 0.5059833 8.0047 15.909091
 10.648087 7.721343 7.1579766 0.9270378 0.725139 8.069121 17.045454
 3.3382788 0.7753257 0.2871607 0.3703743 0.23225313 3.5163617 19.318182
 70.58026 65.369194 53.591427 0.81982696 0.9261682 8.853137 6.818182
 10.015907 9.169643 8.517657 0.9288973 0.915508 9.334892 7.9545455
 90.071655 76.539825 71.80096 0.9380863 0.84976596 9.027319 10.227273
 4.570809 3.4636648 3.2369978 0.93455863 0.7577794 8.861319 10.227273
 18.859718 12.451761 10.889824 0.87456095 0.6602305 8.235873 15.909091
 58.298576 49.182327 46.106567 0.93746203 0.8436283 9.407333 5.681818
 82.01238 70.69075 63.53934 0.8988353 0.8619521 6.0188217 9.375
 12.123449 9.159931 8.380751 0.91493595 0.7555549 10.123549 9.090909
 2.9144068 0.6531401 0.13398215 0.20513538 0.2241074 1.8047738 20.0
 2.3709178 0.7311995 0.13433982 0.18372527 0.30840358 1.780765 22.222221
 20.942343 18.02123 16.83702 0.9342881 0.8605165 9.091929 11.363636
 10.263242 9.143627 8.536711 0.9336241 0.8909102 8.927045 4.5454545
 59.273132 23.752005 18.141575 0.76379126 0.40072128 7.327419 19.318182
 9.337159 8.292362 7.8026366 0.94094265 0.88810325 9.053667 3.409091
 23.47992 20.539919 19.262007 0.937784 0.87478656 8.972427 10.227273
 8.396285 7.0840836 6.4534693 0.91098154 0.84371644 8.916627 9.090909
 103.97664 78.59661 73.23968 0.9318427 0.75590646 8.926204 19.318182
 13.154171 10.942825 10.232852 0.93511975 0.83189017 8.99626 7.9545455
 9.512743 8.085241 7.5777097 0.9372274 0.8499379 9.049944 5.681818
 9.745603 8.027957 7.4507985 0.9281064 0.82375175 8.95948 11.363636
 15.416729 10.913449 10.110077 0.92638695 0.7078966 8.944198 17.045454
 57.29978 42.034775 35.21496 0.8377577 0.733594 7.990032 11.363636
 27.046919 20.638042 18.969698 0.9191617 0.76304597 9.034396 17.045454
 15.071147 12.162682 11.416497 0.9386497 0.8070177 9.319345 13.636364
 12.305155 9.925412 9.20827 0.92774683 0.806606 9.047956 9.090909
 25.486845 23.220596 21.672638 0.9333369 0.9110816 9.268259 9.090909
 64.630974 23.406542 16.560385 0.70751095 0.36215675 6.812688 19.318182
 29.500334 22.904879 20.431604 0.89201975 0.7764278 9.679528 6.818182
 2.6145413 0.6491937 0.10221232 0.15744503 0.2483012 1.6010299 19.047619
 69.84415 50.29844 45.32702 0.90116155 0.7201525 8.659046 13.636364
 87.49033 77.87071 72.686 0.93341887 0.8900494 8.95952 1.1363636
 3.7083514 2.466955 1.8908278 0.7664622 0.6652431 6.0284815 17.857143
 10.90059 3.6037884 2.1540318 0.5977132 0.33060488 6.3330345 15.909091
 12.9621105 10.414196 9.7469425 0.93592846 0.80343366 8.009091 9.090909
 50.84334 40.480648 34.8912 0.86192304 0.7961838 3.6004097 10.416667
 48.415695 32.70908 25.950275 0.79336613 0.67558837 7.78076 10.227273
 9.383621 5.111999 4.219555 0.82542163 0.54477894 8.428445 17.045454
 18.423489 15.718337 14.503762 0.9227288 0.8531683 9.25814 5.681818
 61.036663 45.47109 42.045956 0.9246746 0.7449799 8.940454 12.5
 82.314865 66.66902 61.147762 0.91718405 0.80992687 6.758636 9.722222
 12.799327 10.534025 9.577812 0.9092262 0.823014 8.854446 7.9545455
 104.57289 82.190605 76.49012 0.9306431 0.7859647 8.975947 13.636364
 10.15529 8.211992 6.811874 0.82950324 0.80864185 8.978358 10.227273
 11.625205 7.1141715 6.058566 0.8516193 0.61196095 9.504609 17.045454
 47.81452 34.250294 31.714767 0.9259707 0.7163157 8.90833 12.5
 59.923794 53.409744 49.74144 0.9313177 0.8912944 9.029659 3.409091
 1.3117496 0.3406509 0.095299445 0.27975693 0.259692 3.0988462 26.785715
 7.5231495 5.9714794 5.5226865 0.92484385 0.7937473 8.523555 11.363636
 12.246794 9.512245 8.861184 0.9315555 0.7767131 8.999052 10.227273
 86.05263 67.52565 63.220493 0.93624413 0.78470176 9.147514 12.5
 26.873095 22.350985 20.81442 0.93125296 0.8317236 8.563536 13.636364
 101.38618 77.60938 72.34513 0.93216985 0.76548296 8.98691 5.681818
 8.734754 6.170027 5.732434 0.9290776 0.7063768 8.015002 11.363636
 4.0791483 0.91663307 0.37818083 0.41257605 0.22471188 4.623183 20.454546
 3.3163645 1.327857 0.32656744 0.2459357 0.4003954 2.9703143 15.909091
 10.282793 9.313125 8.819654 0.94701344 0.9056999 8.856077 9.090909
 4.656258 2.655943 2.3152506 0.87172455 0.57040286 6.486753 16.666666
 0.5491149 0.12597135 0.03853633 0.30591345 0.229408 3.1101944 32.142857
 95.93721 81.29794 75.73818 0.93161255 0.84740776 9.000508 12.5
 72.51095 52.50853 48.682064 0.9271267 0.72414625 8.990445 10.227273
 1.5154729 0.46952224 0.094077475 0.20036851 0.30981895 2.0936937 21.875
 95.33307 69.21794 62.605247 0.9044656 0.72606426 7.7438684 15.0
 11.145584 3.1405284 0.43110096 0.1372702 0.28177333 1.3602695 18.181818
 5.648402 3.705305 3.3052068 0.89202017 0.65599173 8.0202265 13.636364
 7.2779894 2.2119286 1.2355052 0.5585647 0.30392027 5.485182 11.363636
 11.871052 9.730117 9.054909 0.9306063 0.8196508 8.624048 15.909091
 1.9939724 0.4538973 0.09646168 0.21251874 0.22763468 2.3297138 17.857143
 6.5529137 1.7626157 0.47816446 0.27128115 0.268982 2.9053192 17.045454
 9.621814 7.0351496 6.380163 0.906898 0.73116666 9.771107 9.090909
 16.18123 11.920277 10.864389 0.91142094 0.73667306 9.259309 17.045454
 41.46925 36.38777 33.923523 0.9322781 0.87746394 9.163254 3.409091
 14.895635 10.980172 9.066948 0.8257565 0.73714024 7.3050666 15.909091
 7.3545246 5.874113 5.4058123 0.9202772 0.79870737 8.545984 6.818182
 68.79571 45.465385 40.210968 0.8844304 0.6608753 8.76183 9.090909
 15.653753 13.468478 12.915151 0.95891684 0.8603993 8.05554 11.25
 86.35492 71.07649 66.52779 0.93600273 0.823074 8.139236 13.75
 85.57558 81.864136 77.48485 0.94650537 0.9566297 8.316349 10.0
 97.60321 93.57449 85.748344 0.9163645 0.9587235 4.643923 11.538462
 96.96845 86.06308 80.875175 0.93971974 0.8875369 8.155196 15.0
 94.0294 89.91294 85.14077 0.9469245 0.9562216 8.490122 3.75
 111.17625 107.354935 100.83668 0.9392831 0.9656284 8.26814 10.0
 93.44495 89.001884 83.91948 0.94289553 0.9524526 8.283975 5.0
 78.67244 74.15562 70.872574 0.95572764 0.9425869 8.41635 6.25
 4.9841633 4.696414 4.5776095 0.9747032 0.9422672 8.553383 11.25
 91.89578 88.0698 83.65864 0.9499129 0.95836604 8.320752 6.25
 111.87297 81.28503 75.560875 0.92957926 0.7265832 8.136111 15.0
 96.01912 91.60011 86.12732 0.9402534 0.9539779 8.17673 8.75
 109.09809 80.45096 75.22657 0.9350611 0.7374186 8.167633 13.75
 2.4512432 0.8739725 0.5018224 0.5741856 0.35654253 4.9699273 19.117647
 100.16645 96.87618 92.28291 0.9525862 0.967152 8.300524 1.25
 60.46594 58.13073 47.16582 0.81137496 0.9613798 4.936323 5.0
 7.128914 0.6918053 0.2598851 0.37566218 0.09704218 1.8223689 14.583333
 89.19958 81.65229 71.91463 0.8807423 0.91538876 4.311594 13.461538
 89.02523 83.19159 74.346954 0.8936835 0.9344721 4.4558024 1.9230769
 12.712488 10.084019 8.875176 0.880123 0.79323715 3.9469068 12.5
 14.524166 7.5125966 5.213136 0.6939194 0.51724803 2.6584108 12.5
 1.0 41.27792 33.353626 30.4339 0.9124615 0.8080259 267.55945 12.055742 111.0
