 9.613144 9.15901 8.407664 0.9179664 0.9527591 9.454497 9.090909
 13.204477 11.93698 10.79924 0.9046878 0.90401 9.665087 7.9545455
 9.125709 8.214214 7.5465016 0.9187126 0.90011793 10.219526 10.227273
 96.586624 80.3358 72.70011 0.90495276 0.8317488 9.825412 14.772727
 1.7524161 0.40940872 0.06383468 0.15591921 0.23362528 1.6128453 21.052631
 77.99135 80.24128 71.25434 0.8880011 1.0288485 9.631114 5.681818
 68.10338 67.94116 61.293438 0.9021547 0.997618 9.852222 10.227273
 55.973755 56.548252 52.32486 0.9253134 1.0102637 10.008631 0.0
 3.0701432 1.1166608 0.7256078 0.64980143 0.3637162 7.194906 15.476191
 1.479545 0.4962725 0.17372127 0.35005218 0.3354224 3.6029198 25.0
 83.525276 83.8895 77.22257 0.9205272 1.0043607 9.912104 12.5
 9.764659 5.429733 4.0401363 0.7440765 0.55605966 7.4467473 16.666666
 11.319199 11.741214 11.004107 0.9372206 1.0372832 9.8111515 5.681818
 10.748183 10.463686 9.696845 0.92671406 0.97353065 9.757581 10.227273
 20.995537 22.827648 21.760365 0.953246 1.0872619 9.386651 10.227273
 12.883256 11.315772 10.347862 0.91446364 0.87833166 9.516523 12.5
 84.91124 65.28097 58.57432 0.8972649 0.76881427 9.618283 13.636364
 4.401455 3.0234795 2.3784618 0.78666383 0.6869273 8.289131 18.75
 12.500612 12.732199 11.891054 0.93393564 1.018526 9.749321 7.9545455
 13.21977 12.35846 11.277506 0.9125332 0.9348468 10.146816 13.636364
 0.98042643 0.3660963 0.057767007 0.15779184 0.3734052 1.6228241 31.25
 10.032035 9.946771 8.412724 0.84577435 0.9915008 9.768274 11.363636
 12.0187235 11.548252 10.215322 0.8845773 0.9608551 9.31705 7.142857
 6.829569 4.7422633 4.156118 0.8763997 0.6943723 6.6579227 18.055555
 99.37603 90.13355 83.89741 0.9308122 0.9069949 5.5852046 5.0
 95.88873 88.15807 79.84316 0.9056818 0.9193788 3.9165332 6.25
 84.5028 77.52809 71.386925 0.9207878 0.91746175 5.629509 0.0
 84.15326 76.33563 70.673706 0.9258286 0.9071025 5.696649 8.333333
 90.2957 82.78321 76.57725 0.92503357 0.9168012 5.6620083 8.333333
 91.128716 80.9818 74.949356 0.9255087 0.88865286 5.662371 10.0
 93.34431 82.02142 75.43126 0.9196532 0.87869763 5.693308 10.0
 88.66653 72.60682 66.83311 0.9204798 0.8188752 5.6401625 10.0
 78.094604 68.42843 63.43261 0.9269921 0.87622476 5.702166 10.0
 98.59075 86.886765 79.97991 0.92050743 0.8812872 5.6396546 11.666667
 95.579575 83.568085 77.04376 0.92192805 0.8743299 5.6721773 5.0
 85.23541 78.61663 72.76503 0.9255679 0.92234707 5.697577 6.6666665
 82.22399 74.444496 68.75135 0.923525 0.90538657 5.6703577 5.0
 86.34859 75.455826 69.291916 0.91831106 0.87385124 5.6551275 11.666667
 84.2914 75.41586 69.90747 0.92695975 0.89470416 5.7667394 3.3333333
 82.95788 72.9086 67.26604 0.9226077 0.87886286 5.666217 5.0
 87.15374 77.44819 71.41686 0.9221244 0.8886387 5.6657495 3.3333333
 91.97966 84.19702 77.991936 0.92630273 0.9153874 5.678625 5.0
 92.10059 82.22938 75.766235 0.921401 0.8928214 5.636333 1.6666666
 98.7811 89.40173 81.71366 0.91400534 0.905049 5.574395 10.0
 82.03273 72.77629 66.947365 0.91990626 0.8871616 5.6268525 8.333333
 96.65587 74.69291 68.607666 0.91852987 0.7727716 5.6265955 18.333334
 109.76885 101.29821 94.00477 0.92800033 0.922832 5.696005 5.0
 93.18802 84.3742 78.06328 0.9252032 0.90541893 5.6534576 3.3333333
 89.16074 79.37521 73.410385 0.9248528 0.8902484 5.6853895 5.0
 87.11903 76.83508 70.99914 0.9240458 0.8819552 5.6491895 5.0
 88.46675 78.552635 72.72607 0.92582595 0.88793397 5.6659813 8.333333
 85.02299 77.59599 71.93295 0.9270189 0.9126472 5.6531224 5.0
 82.54879 74.704834 69.40923 0.929113 0.904978 5.678691 5.0
 84.373245 78.91926 73.07568 0.925955 0.9353589 5.6599345 3.3333333
 84.799 77.625786 69.032715 0.88930136 0.91540915 4.2370253 10.416667
 1.0 61.906544 55.60664 51.08096 0.9186126 0.89823526 352.70276 9.498346 55.0
