 15.097948 14.749702 13.568815 0.91993827 0.9769342 9.37269 2.2727273
 12.833109 9.880283 7.679162 0.77722085 0.7699057 7.350782 7.9545455
 15.724422 14.375399 12.610021 0.8771945 0.9142084 7.990235 6.818182
 2.3159769 0.88291633 0.470983 0.5334401 0.38122848 7.199839 18.421053
 17.71184 13.824718 12.618958 0.9127823 0.78053546 9.934233 11.363636
 107.66449 111.2032 99.90947 0.8984406 1.0328679 6.7326846 1.5625
 84.52908 60.428455 53.816765 0.8905865 0.7148836 9.840715 14.772727
 17.09632 10.722298 5.017917 0.46798897 0.62716997 4.3885436 13.636364
 4.1167555 1.3586065 0.8682124 0.6390463 0.3300187 3.7220268 15.789474
 3.2154744 1.0264685 0.14684516 0.14305861 0.31922773 1.3342992 15.909091
 106.45203 103.55183 93.88853 0.9066815 0.97275585 9.531239 7.9545455
 19.762482 16.272825 13.130649 0.80690646 0.8234201 10.3330765 15.909091
 114.221985 109.87549 100.902214 0.91833234 0.96194696 9.5329 3.409091
 12.726965 11.566439 10.482553 0.9062905 0.9088136 6.5231104 7.9545455
 118.061104 112.87012 101.68593 0.900911 0.9560313 9.615101 10.227273
 12.436607 10.70551 9.24987 0.86402893 0.86080635 8.191838 11.363636
 19.627157 21.086414 18.964321 0.8993621 1.0743489 9.334463 11.363636
 104.41773 94.48432 85.664215 0.90665 0.9048686 9.600317 6.818182
 7.2762356 6.025975 5.498494 0.9124655 0.8281721 10.547448 14.772727
 104.935905 109.89748 97.23632 0.88479125 1.0472819 4.670008 0.0
 3.9634137 1.0120168 0.37529683 0.37084052 0.25533965 5.347908 15.909091
 124.615685 119.93023 109.634514 0.91415244 0.96240073 8.298053 1.25
 18.003061 15.066574 13.482525 0.8948633 0.83688956 9.718482 9.090909
 100.75167 92.859024 86.42201 0.93067974 0.92166233 9.753095 9.090909
 6.544272 5.5928535 5.137353 0.9185567 0.85461813 10.024487 18.181818
 15.96139 16.912737 15.708764 0.9288126 1.0596031 10.1652775 9.090909
 101.25777 97.54152 86.72557 0.88911444 0.9632991 5.960921 0.0
 113.12743 110.94817 99.07301 0.89296657 0.9807362 5.870477 11.666667
 3.4725266 1.0105742 0.17751926 0.17566176 0.2910199 1.6762016 16.666666
 10.470016 10.210359 9.223519 0.9033492 0.9752 9.872181 9.523809
 2.7476199 1.0336404 0.28242108 0.27322954 0.37619483 2.584374 15.476191
 16.424728 10.987687 9.344706 0.85047066 0.6689722 8.962168 12.5
 2.58665 1.3530873 0.46867234 0.34637257 0.52310413 4.227607 19.642857
 111.03361 104.88889 94.0623 0.8967804 0.944659 7.3433366 0.0
 125.20587 116.84766 107.34511 0.9186758 0.9332442 9.591167 10.227273
 23.194412 23.2215 20.485807 0.8821913 1.0011679 6.12649 1.6666666
 16.383982 16.472748 15.222889 0.92412573 1.0054178 10.239093 1.1363636
 114.1139 83.383675 75.86443 0.90982354 0.7307057 7.85915 17.105263
 14.168456 12.885517 10.443822 0.8105086 0.909451 8.018114 9.090909
 7.8259044 7.3323684 6.802124 0.9276845 0.9369356 10.112849 6.818182
 1.7633544 0.46097896 0.07131629 0.15470617 0.26142162 1.3045948 19.047619
 2.8396194 0.98000216 0.19408692 0.19804744 0.34511745 1.6808591 17.045454
 128.51881 134.1913 125.12671 0.9324503 1.0441374 8.7113285 1.25
 3.3237615 1.5879227 0.8076102 0.5085954 0.47774866 4.0456467 12.5
 117.29448 112.45722 102.92608 0.9152465 0.9587597 9.578937 3.409091
 120.93847 102.59537 92.25861 0.89924735 0.848327 6.342274 6.25
 17.32139 17.060507 14.729925 0.8633932 0.9849386 5.272149 8.928572
 4.3248887 0.9786276 0.2737337 0.27971178 0.22627813 3.7356045 19.318182
 110.81271 108.57171 100.6691 0.92721295 0.9797767 9.796669 1.1363636
 104.343735 100.52643 91.02454 0.9054787 0.9634161 6.945576 4.4117646
 15.990705 15.020676 13.4215555 0.8935387 0.93933797 9.3650055 6.818182
 102.273605 96.25154 87.73715 0.91154027 0.94111806 9.429969 7.9545455
 101.70938 94.38464 87.16821 0.92354226 0.9279837 9.649336 9.090909
 106.44453 103.317894 96.16969 0.93081355 0.9706266 9.516735 0.0
 19.181519 18.59538 17.243788 0.92731565 0.96944267 9.424515 3.409091
 2.2318494 0.5424978 0.15587708 0.2873322 0.24307096 2.499067 18.75
 15.311732 14.208335 12.919271 0.90927416 0.92793775 9.357293 10.227273
 7.0025277 5.420052 4.648202 0.8575936 0.7740137 8.053538 10.227273
 5.6679506 3.4175613 2.914532 0.8528105 0.60296243 7.7458053 16.666666
 9.36306 6.0362887 5.3145857 0.8804392 0.6446919 9.360627 12.5
 133.07794 127.70088 114.559135 0.89708966 0.95959467 6.8928037 0.0
 11.363448 10.430855 9.589635 0.91935277 0.91793036 9.339338 6.818182
 0.53840375 0.13876973 0.035568394 0.25631234 0.25774285 2.0856962 33.333332
 119.56709 112.86826 100.821266 0.893265 0.9439743 9.614614 2.2727273
 97.70145 91.68438 84.81414 0.9250664 0.93841374 9.707955 11.363636
 16.461475 13.027369 9.016503 0.6921201 0.7913853 4.968777 7.142857
 98.39308 92.3021 85.542076 0.926762 0.93809545 9.600027 7.9545455
 1.3861581 0.2867452 0.072292425 0.25211382 0.20686327 1.8826625 19.444445
 104.08751 89.400536 81.30814 0.9094816 0.85889786 9.52949 13.636364
 12.860182 13.363479 12.4231615 0.9296353 1.039136 9.314162 10.227273
 117.74369 111.590515 100.66647 0.902106 0.947741 9.510726 5.681818
 13.721961 13.473756 12.44188 0.9234159 0.98191184 10.660185 9.090909
 109.31811 104.65475 94.625305 0.9041664 0.9573414 6.899757 4.4117646
 8.272644 2.5297525 0.6670988 0.26370123 0.30579734 2.579614 17.1875
 93.43459 83.82925 74.846344 0.8928429 0.8971971 7.3808465 9.722222
 132.52525 124.75473 113.0769 0.90639365 0.9413657 6.857785 4.4117646
 96.79576 83.77277 75.00986 0.8953966 0.86545914 7.983509 9.210526
 10.377502 9.539064 8.388266 0.87935936 0.91920614 7.4568305 6.9444447
 110.397934 95.56138 85.849014 0.89836514 0.8656084 6.7013025 13.235294
 119.6152 110.736496 100.430176 0.9069293 0.9257728 7.359545 8.333333
 20.75779 15.396879 7.2960505 0.47386554 0.7417398 4.9810653 7.352941
 86.87224 80.662155 72.451096 0.89820427 0.9285148 6.6273932 1.4705882
 112.05197 107.93328 97.463646 0.90299904 0.96324307 6.684358 8.823529
 3.2849228 0.5508202 0.24113964 0.43778288 0.1676813 2.707584 15.625
 106.44219 90.15311 79.15179 0.8779707 0.84696776 5.926022 14.0625
 108.73028 100.55654 89.7573 0.8926053 0.92482555 5.8665376 4.6875
 101.76102 93.407875 82.088806 0.8788211 0.91791415 5.471685 1.6666666
 91.93439 80.21273 71.48856 0.8912371 0.87249976 5.5225587 5.0
 10.534236 5.0686193 3.8700752 0.7635364 0.48115677 6.1268353 16.666666
 95.71971 86.40464 78.20552 0.90510786 0.9026839 5.5042634 1.6666666
 100.64618 82.51897 72.9371 0.8838829 0.8198917 4.8924294 1.7857143
 109.85139 94.24137 83.84091 0.88964015 0.85789883 5.018173 7.142857
 92.39529 76.59169 68.32892 0.8921192 0.82895666 4.9952064 7.142857
 108.645996 96.781715 87.01612 0.89909667 0.89079875 4.9053698 5.357143
 95.659134 89.043335 79.990685 0.89833426 0.9308399 4.9860067 3.5714285
 88.64989 79.63174 71.70171 0.9004163 0.8982723 4.6517463 3.8461537
 108.09898 99.54174 89.5459 0.8995814 0.92083883 4.5707808 7.6923075
 99.2929 72.10107 63.58983 0.8819541 0.72614527 4.4814234 11.538462
 94.49797 90.06054 81.014015 0.8995507 0.953042 4.1685724 0.0
 80.752815 72.41886 64.479385 0.89036727 0.8967967 4.19527 2.0833333
 87.16063 82.48198 74.58072 0.9042063 0.9463215 4.166197 4.1666665
 3.723407 1.8010471 1.4771937 0.8201861 0.48370942 4.336693 18.181818
 93.714676 88.31752 78.62799 0.8902876 0.94240856 4.1476607 6.25
 1.0 59.58788 54.353477 48.82325 0.8982544 0.91215664 398.2677 9.102448 103.0
