 107.18668 97.472626 91.5886 0.939634 0.90937257 8.962516 5.681818
 7.9053454 3.9183495 2.9622505 0.75599444 0.49565822 3.5218115 16.666666
 10.809099 11.061405 8.855807 0.80060416 1.023342 8.416698 10.227273
 13.654 12.318973 11.610085 0.94245553 0.9022245 9.033934 15.909091
 11.195309 10.559532 9.003399 0.8526324 0.9432105 8.57647 7.9545455
 6.2384434 4.6866674 4.179814 0.891852 0.751256 7.582166 13.636364
 109.326256 87.19434 78.653885 0.90205264 0.7975609 6.1904926 14.0625
 16.548971 12.724211 11.0094795 0.8652387 0.7688822 10.443092 13.636364
 10.085497 6.7286973 5.1735115 0.7688727 0.66716564 8.508877 6.818182
 39.650967 36.92263 35.243767 0.9545302 0.9311912 9.237224 7.9545455
 115.81003 80.263885 73.39973 0.91448015 0.69306505 7.5185146 18.421053
 105.26624 95.8097 89.499985 0.93414325 0.9101654 8.935624 3.409091
 100.64554 91.35473 86.176865 0.9433213 0.9076878 8.976911 3.409091
 109.795876 101.54777 93.470924 0.92046255 0.9248778 8.827021 7.9545455
 6.6086555 4.322355 4.2190614 0.9761026 0.6540445 3.984467 11.538462
 100.40342 91.42505 84.44012 0.92359936 0.91057706 8.926454 9.090909
 98.61161 90.06956 84.29073 0.9358405 0.9133768 8.908694 12.5
 114.24859 108.29629 101.69227 0.93901896 0.9479004 8.97703 5.681818
 108.69588 103.50119 97.699814 0.9439487 0.95220894 9.203269 3.409091
 111.47071 89.575554 83.256584 0.9294566 0.8035793 8.43653 17.857143
 117.74069 88.17003 81.02554 0.9189693 0.7488492 7.0402265 16.666666
 114.63143 106.157845 98.10681 0.92415977 0.9260797 8.77501 2.2727273
 107.77149 80.977875 75.33803 0.9303532 0.7513849 8.655704 15.909091
 114.86229 105.6001 98.20272 0.92994916 0.91936266 8.855783 5.681818
 104.677216 96.3847 88.990295 0.92328244 0.92078006 8.832124 3.409091
 108.5073 102.31836 96.47461 0.94288653 0.94296294 8.90458 2.2727273
 74.465904 69.70931 64.624016 0.92704993 0.93612397 8.545008 1.1363636
 113.25934 102.10134 89.54062 0.87697786 0.90148276 3.9474413 8.333333
 42.097187 41.609898 39.551323 0.9505268 0.9884247 7.216111 13.636364
 104.79923 95.05744 89.54575 0.94201726 0.90704334 8.94434 3.409091
 116.00226 105.994286 98.97991 0.9338231 0.91372603 8.851161 3.409091
 102.026886 89.87647 84.60659 0.94136524 0.8809097 8.930861 3.409091
 15.9393425 10.366597 9.258115 0.8930717 0.650378 10.849608 13.636364
 108.49412 99.713066 93.43119 0.93700045 0.9190642 8.882415 4.5454545
 8.714664 7.2650514 6.418644 0.88349605 0.83365816 5.0574713 10.0
 104.50926 97.54208 92.159256 0.9448153 0.9333343 8.921983 3.409091
 26.45704 28.150087 26.885683 0.9550835 1.0639923 8.206649 7.9545455
 112.44281 102.72397 95.79146 0.93251324 0.91356635 8.926544 4.5454545
 104.760345 96.85295 91.146774 0.94108415 0.9245191 8.94003 2.2727273
 2.3069422 0.6173553 0.111287974 0.18026568 0.2676076 1.8545892 19.047619
 106.56269 97.33104 91.1492 0.9364864 0.9133688 9.202535 6.818182
 7.4735775 5.8885875 5.515263 0.93660206 0.78792083 8.740193 11.363636
 1.9917109 0.43389246 0.14254601 0.32852843 0.21784912 3.6477292 17.647058
 66.359566 59.402992 55.952236 0.9419094 0.8951685 8.868192 3.409091
 110.98421 99.73055 93.28073 0.9353275 0.8986013 8.90067 9.090909
 99.34349 90.950806 85.72369 0.942528 0.9155185 8.947725 15.909091
 107.30334 98.50465 89.43163 0.9078926 0.91800165 5.5192 1.6666666
 117.0354 108.77571 102.5902 0.9431352 0.92942566 8.936073 3.409091
 47.75212 44.345715 42.096306 0.9492757 0.9286648 9.196376 3.409091
 105.01608 94.97071 89.501 0.9424063 0.9043445 8.907133 7.9545455
 10.063273 8.423599 7.7984595 0.9257871 0.83706355 8.732777 15.476191
 101.99454 94.61535 89.11455 0.9418614 0.92765117 9.008111 2.2727273
 107.83972 96.790726 89.60465 0.9257566 0.8975425 7.511954 2.631579
 118.47746 72.89188 65.67381 0.9009757 0.6152383 8.489976 15.909091
 113.44014 102.09804 94.891335 0.92941386 0.90001684 9.044533 5.681818
 131.05994 112.96643 99.60784 0.8817473 0.8619448 3.8573465 0.0
 105.29546 69.25914 64.30816 0.92851514 0.65775996 8.869556 19.318182
 115.05289 105.23928 98.73627 0.9382074 0.9147035 8.924319 1.1363636
 9.1043415 6.477287 5.746516 0.88717955 0.7114503 8.955502 14.772727
 110.30985 102.65108 96.595146 0.9410047 0.9305703 9.124646 1.1363636
 57.312054 45.37577 41.484215 0.91423714 0.7917317 9.125079 7.9545455
 25.06996 22.677265 21.435299 0.945233 0.9045593 8.577587 10.227273
 81.67445 76.78983 73.32223 0.95484287 0.9401941 8.835372 2.2727273
 122.23229 113.60869 107.16548 0.9432859 0.9294491 8.9394 6.818182
 107.117226 98.655304 91.02133 0.92261976 0.92100316 8.820064 11.363636
 112.55568 103.22397 96.602585 0.9358542 0.9170925 8.946456 5.681818
 111.66952 101.66674 93.32937 0.9179931 0.9104252 8.822354 3.409091
 122.01551 113.86571 107.24237 0.94183207 0.9332068 8.901152 1.1363636
 109.94235 101.842964 95.51142 0.9378303 0.9263306 8.914495 4.5454545
 81.35219 80.65649 77.32324 0.95867354 0.9914483 7.90523 11.363636
 97.638054 88.52237 83.28507 0.9408364 0.90663797 8.842093 14.772727
 108.35369 84.19276 78.49795 0.9323599 0.7770179 8.731616 18.181818
 114.288605 103.91857 97.61396 0.93933123 0.90926445 8.940479 3.409091
 111.13253 112.30197 105.70691 0.9412738 1.010523 8.862237 2.2727273
 101.64369 90.94573 83.279976 0.9157106 0.89475036 6.1692996 4.6875
 1.4694452 0.49305058 0.22761938 0.46165526 0.3355352 2.023904 20.0
 3.1619477 0.9035501 0.162704 0.18007192 0.28575745 1.0232921 15.909091
 4.3193507 1.0955175 0.24060762 0.2196292 0.2536301 1.3437796 16.666666
 117.324875 109.50897 103.26399 0.9429729 0.9333824 9.020121 1.1363636
 24.37457 13.947461 11.400705 0.8174036 0.5722136 6.239527 12.5
 106.81143 91.05018 85.5531 0.9396258 0.8524385 8.92844 14.772727
 4.2422767 1.1716796 0.178012 0.1519289 0.27619123 1.5664601 15.909091
 12.753664 10.458643 9.78694 0.93577534 0.82005 9.225432 13.636364
 112.40458 106.0491 100.0855 0.9437657 0.9434589 8.891798 3.409091
 36.455353 27.674496 20.141064 0.72778434 0.75913393 8.286519 14.772727
 108.50366 99.98799 93.44992 0.9346115 0.9215172 8.820315 7.9545455
 117.225044 107.36105 100.34392 0.9346398 0.9158542 8.816488 4.5454545
 11.937359 5.8678284 1.9811335 0.33762634 0.49155167 1.9204266 14.285714
 72.28662 63.32559 58.736618 0.92753375 0.8760347 8.9783945 3.409091
 111.56038 102.750916 96.439285 0.9385735 0.92103416 8.9481 11.363636
 95.360535 88.08402 78.55218 0.8917869 0.9236948 4.384362 1.9230769
 56.411983 52.356747 49.276867 0.94117504 0.92811394 9.222209 1.1363636
 104.32846 94.71554 87.915695 0.92820776 0.9078591 8.843493 7.9545455
 116.84053 108.359024 101.91564 0.9405367 0.9274096 9.131356 3.409091
 7.166799 4.366451 3.2699726 0.74888575 0.6092609 10.568167 14.772727
 101.14743 92.90733 86.40889 0.93005455 0.9185338 8.84988 6.818182
 108.81116 98.50981 87.809425 0.89137745 0.9053282 5.6050277 1.6666666
 104.71036 93.15387 87.39914 0.9382234 0.8896338 8.954133 13.636364
 98.171936 94.747025 88.81753 0.9374176 0.9651131 8.444226 3.5714285
 90.02563 85.92497 79.85911 0.9294051 0.9544502 7.839574 12.5
 92.946175 89.70887 84.2266 0.9388882 0.96517015 7.389582 6.5789475
 110.30222 92.99658 86.17574 0.926655 0.84310704 7.371765 14.473684
 81.85992 82.60377 76.68032 0.92829084 1.0090868 7.210042 4.1666665
 105.663506 101.787155 94.38016 0.92723054 0.9633142 6.446725 2.9411764
 105.629265 102.10044 94.627266 0.9268057 0.9665924 6.3797636 4.4117646
 81.67126 82.45084 74.04603 0.8980627 1.0095454 5.4522495 3.3333333
 98.94014 97.7036 88.60093 0.9068338 0.98750216 5.20357 5.0
 99.81548 90.12696 78.31301 0.86891884 0.9029356 3.712851 10.416667
 88.930534 91.47779 82.90234 0.9062565 1.0286431 4.188487 3.8461537
 19.74886 21.1944 19.235706 0.9075843 1.0731962 4.129552 7.6923075
 34.80003 9.648441 4.1592875 0.4310839 0.27725384 2.8979223 11.538462
 106.150024 98.651184 89.18395 0.90403324 0.9293562 4.23486 3.8461537
 111.03555 108.94798 98.757835 0.9064678 0.9811991 3.8140635 6.25
 90.978294 88.20327 78.72207 0.89250743 0.9694979 3.907078 8.333333
 107.6699 105.002686 94.73613 0.9022258 0.97522783 3.8081577 10.416667
 1.0 80.25241 72.12442 66.73791 0.92531633 0.8987197 571.80536 8.337292 115.0
