 105.52238 64.938095 56.81759 0.87495 0.61539644 8.07788 14.772727
 4.42062 2.0220873 0.8193242 0.40518737 0.45742163 4.6717935 15.909091
 5.735657 1.7172936 1.1517383 0.67067057 0.2994066 6.6021943 17.857143
 21.9166 11.398245 10.789654 0.94660664 0.5200736 8.380424 18.181818
 108.64598 110.748985 99.53542 0.898748 1.0193565 4.918547 1.7857143
 4.646172 1.8323416 1.1439829 0.62432843 0.3943766 6.239428 16.666666
 2.4013429 1.2021788 0.95487136 0.7942839 0.5006277 8.342292 18.181818
 11.054906 10.484107 9.708916 0.92606044 0.9483669 9.7832575 7.142857
 4.4188323 2.3668041 1.0768412 0.4549769 0.53561753 5.780287 18.75
 123.03182 124.619064 113.916626 0.91411877 1.0129011 5.189378 0.0
 1.0 39.179432 33.13292 29.591497 0.8931146 0.8456713 196.99997 12.924784 10.0
