 2.0115826 0.39332014 0.08040054 0.204415 0.19552772 1.9628896 17.857143
 4.6466436 2.553735 1.8381917 0.71980524 0.549587 7.933425 16.666666
 2.6856282 0.81426567 0.17442173 0.2142074 0.30319375 1.4944265 13.095238
 16.704147 15.048325 13.454148 0.8940629 0.9008736 8.673942 9.090909
 11.59458 9.474264 8.67097 0.915213 0.8171288 8.408809 15.909091
 2.3759482 0.65502465 0.24649686 0.37631693 0.27568975 3.2834275 21.25
 1.5531638 0.63368326 0.106977545 0.16881864 0.40799513 0.8947403 21.428572
 3.14976 0.9507768 0.2203679 0.23177668 0.3018569 1.8504385 19.047619
 3.6595328 0.87198806 0.14251292 0.16343449 0.23827852 1.988651 15.476191
 18.225424 15.946372 14.570329 0.9137081 0.874952 8.545299 5.681818
 2.8617654 0.7735904 0.33973533 0.43916693 0.27031928 4.5009637 20.0
 7.7129326 6.5467525 5.9828944 0.9138721 0.84880203 7.4877596 6.818182
 90.575386 83.01873 76.36126 0.9198076 0.91657054 8.065994 1.1363636
 17.374687 13.473828 11.642791 0.8641041 0.7754861 6.646387 10.227273
 9.438133 8.920286 8.518856 0.95499814 0.9451324 8.939601 9.090909
 12.193319 10.082091 8.411761 0.83432704 0.82685363 4.7411118 10.714286
 35.324326 33.516895 30.665737 0.9149337 0.9488332 8.415243 2.2727273
 1.5859914 0.739055 0.35816458 0.48462507 0.4659893 3.6165328 18.333334
 21.282852 11.726015 9.729472 0.8297339 0.5509607 7.65808 10.227273
 25.824287 20.017567 17.304451 0.8644632 0.775145 5.297203 15.0
 3.4303124 1.2603016 0.27304953 0.2166541 0.36740142 1.6418376 15.909091
 9.553776 3.123252 1.6479306 0.52763295 0.32691282 8.3000145 18.181818
 127.3458 125.42738 116.128174 0.9258598 0.98493534 6.682311 1.3888888
 122.06806 121.23393 114.50823 0.944523 0.9931667 6.85051 1.3888888
 128.10973 123.85306 115.255905 0.93058586 0.9667733 6.233597 8.823529
 123.099304 124.7676 115.394 0.9248715 1.0135524 6.829001 2.7777777
 117.342896 115.32277 107.612 0.9331375 0.9827844 6.8070426 1.3888888
 129.5184 129.13791 122.09862 0.9454901 0.99706227 6.8227754 1.3888888
 125.88709 122.649765 114.301956 0.9319378 0.9742839 6.8236976 0.0
 147.78412 145.64903 137.6903 0.9453569 0.9855526 6.822719 2.7777777
 120.648834 114.228714 107.212944 0.93858135 0.94678676 6.894898 1.3888888
 126.68842 126.43638 119.01719 0.9413208 0.9980106 6.8082166 1.3888888
 116.712456 81.619705 74.482605 0.91255665 0.69932306 6.653785 16.666666
 131.68726 130.75804 123.68425 0.94590163 0.99294376 6.788708 1.3888888
 132.6645 132.09062 124.73275 0.94429684 0.99567413 6.8046885 1.3888888
 136.17438 133.50778 125.65658 0.9411929 0.9804178 6.755415 1.3888888
 121.504295 122.84908 115.19548 0.9376992 1.0110679 6.8873544 1.3888888
 129.13287 127.037766 117.92229 0.9282459 0.98377556 6.6775427 6.9444447
 127.58843 120.1956 109.466934 0.91073996 0.9420572 4.2861333 13.461538
 128.09816 126.8814 119.76178 0.9438876 0.99050134 6.8558087 6.9444447
 153.41794 159.53043 149.72385 0.9385284 1.0398421 5.9993606 1.5625
 117.62154 128.23384 116.6631 0.9097684 1.0902243 5.0102954 1.7857143
 3.805459 0.694284 0.3833227 0.5521122 0.18244421 3.1535468 13.461538
 65.35792 71.76694 65.115845 0.9073237 1.0980603 4.5376973 0.0
 1.0 66.727776 64.191185 59.607933 0.92859995 0.961986 420.43066 8.693394 44.0
