 94.20459 65.74948 59.25671 0.9012499 0.69794345 8.751506 17.045454
 17.213629 15.581474 14.500405 0.9306183 0.90518236 7.284865 11.363636
 19.938358 15.245124 12.167416 0.79811853 0.7646128 7.397686 13.636364
 8.989231 7.6194687 7.324634 0.9613051 0.8476219 8.449056 14.772727
 28.239132 13.525069 10.729894 0.7933337 0.47894776 7.732264 17.045454
 40.352985 24.348995 21.412594 0.8794036 0.6034001 5.3640976 17.1875
 40.166107 40.81552 36.881615 0.9036173 1.0161682 5.3523464 8.333333
 59.96858 38.894634 34.21659 0.8797252 0.6485836 8.749298 14.772727
 13.601725 9.463516 5.0719194 0.5359445 0.6957585 3.9102573 11.363636
 11.45115 11.858344 11.259863 0.9495308 1.0355592 8.4951315 13.636364
 12.329361 12.0915575 11.407245 0.94340575 0.9807124 9.172218 11.363636
 88.333244 56.13278 51.279034 0.913531 0.63546604 8.969975 19.318182
 37.07297 25.357443 22.475863 0.88636154 0.6839874 8.995488 17.045454
 71.73726 40.927372 34.557713 0.8443668 0.57051766 8.138394 17.045454
 32.999466 31.464462 29.4653 0.9364628 0.95348394 8.927407 9.090909
 45.775867 30.218742 26.298796 0.8702809 0.66014576 7.869259 12.5
 73.83922 47.757698 42.402176 0.88786054 0.6467796 8.447328 17.045454
 69.843895 36.179592 28.733017 0.7941775 0.5180065 4.600789 13.333333
 17.122425 14.666476 13.472247 0.9185742 0.8565653 9.6711235 12.5
 34.748928 20.895342 18.37335 0.8793037 0.60132337 8.501995 15.909091
 25.270412 9.732494 7.1279554 0.7323873 0.38513398 7.7774982 18.181818
 21.798973 17.346012 11.892528 0.6856059 0.7957261 7.622457 13.636364
 12.960764 7.8155727 6.823403 0.8730522 0.6030179 7.808984 13.636364
 27.373564 20.299599 18.845324 0.9283594 0.74157673 8.934455 13.636364
 29.094948 25.644436 23.895136 0.93178636 0.8814052 8.847307 10.227273
 70.17128 45.562527 41.369045 0.9079621 0.6493045 8.657244 14.772727
 9.81967 7.9386473 6.5537944 0.8255555 0.8084434 7.3168874 12.5
 42.745644 38.72112 34.19123 0.8830125 0.9058496 3.9194388 6.25
 74.03625 50.89949 47.13709 0.92608166 0.6874942 8.888221 17.045454
 87.494995 67.58379 62.12848 0.91928077 0.77243036 8.664997 18.181818
 75.38477 47.02829 41.609425 0.8847743 0.62384343 8.643197 17.045454
 28.415771 11.210517 9.116602 0.8132188 0.3945174 8.858636 15.909091
 8.001656 6.48998 5.812138 0.8955556 0.8110796 8.759434 12.5
 64.538185 49.35337 45.482624 0.9215708 0.76471585 8.659016 14.772727
 70.577866 48.553913 43.259163 0.8909511 0.68794817 8.596154 15.909091
 37.1948 36.48927 34.207222 0.93745977 0.98103136 9.581162 9.090909
 28.492075 23.325338 21.146225 0.9065774 0.81866056 9.172099 15.909091
 67.71293 40.13429 35.39192 0.8818374 0.59271234 8.721583 17.045454
 19.998503 19.055313 17.39182 0.91270185 0.952837 8.661407 11.363636
 15.547216 13.473405 12.812501 0.9509475 0.8666121 8.531699 13.636364
 9.237503 6.576909 5.4011273 0.82122576 0.7119791 8.574063 13.636364
 20.190165 16.943668 15.383266 0.9079065 0.8392041 9.240909 13.636364
 3.4312625 1.516651 0.49284366 0.32495522 0.4420096 3.8076334 19.444445
 1.8566872 0.4544357 0.094452 0.20784459 0.24475619 1.8122109 18.181818
 24.72443 12.752423 10.821368 0.84857345 0.5157823 7.853218 18.181818
 28.277845 14.9925 12.115058 0.80807453 0.5301854 3.8417764 8.333333
 9.896426 10.232304 9.472731 0.9257671 1.0339392 6.803666 7.9545455
 11.224043 8.282465 7.569215 0.9138843 0.7379218 9.55766 14.772727
 13.18302 10.429939 8.271042 0.7930096 0.79116464 8.164659 14.772727
 8.918528 8.05744 7.5863204 0.9415299 0.9034496 9.338941 10.714286
 14.180773 11.351932 9.8078375 0.8639796 0.8005157 3.4351802 14.583333
 37.331783 37.431187 35.390934 0.9454932 1.0026627 8.530154 3.409091
 31.116653 20.288149 18.167332 0.8954652 0.65200293 8.687605 17.045454
 15.728138 14.414166 13.353306 0.9264015 0.9164573 8.554247 15.909091
 11.191685 10.841117 10.308606 0.95088047 0.9686761 9.662714 7.9545455
 19.692146 14.105328 12.114142 0.85883456 0.716292 7.025417 14.772727
 49.73987 38.53872 35.186928 0.91302794 0.7748055 7.5216374 11.25
 28.939482 19.325672 17.205551 0.8902951 0.6677961 8.941707 17.045454
 27.144077 26.931799 25.42648 0.9441062 0.9921796 8.682155 6.818182
 12.276016 6.1982036 3.6610596 0.5906646 0.5049035 4.915212 13.636364
 13.4724245 10.847351 10.045854 0.9261112 0.8051522 7.576236 13.75
 29.389254 20.488941 18.341904 0.89520997 0.69715756 8.215137 14.772727
 16.553625 14.336268 13.717503 0.95683914 0.8660501 9.365414 14.772727
 19.26 14.682481 14.006872 0.9539854 0.76233023 9.401421 12.5
 67.98635 49.53159 45.85689 0.92581105 0.728552 9.101118 19.318182
 15.141407 13.1931715 12.365487 0.9372642 0.87133056 8.545402 13.636364
 19.871634 12.571948 11.020483 0.8765931 0.632658 9.378976 13.636364
 2.9455855 0.9519109 0.2514555 0.26415864 0.32316527 3.472602 15.476191
 28.583242 17.663408 15.412741 0.87258023 0.61796373 7.394026 13.75
 13.750042 6.443243 5.3633795 0.8324037 0.4685981 7.4341893 15.909091
 60.09607 48.25878 46.22267 0.9578085 0.8030273 7.7001867 15.909091
 37.626347 23.097359 20.561188 0.89019644 0.6138613 4.6573777 10.0
 13.959506 10.7451105 9.537285 0.887593 0.76973426 9.006864 14.772727
 18.68169 9.772653 7.699772 0.78788966 0.5231139 6.6457715 18.181818
 14.82834 12.614053 10.059188 0.7974588 0.85067195 7.642052 11.363636
 69.47769 41.559258 37.647736 0.9058808 0.59816694 8.817942 14.772727
 73.11081 47.669415 40.88594 0.85769755 0.6520159 5.233125 14.0625
 45.790874 36.594845 33.86349 0.92536235 0.7991733 8.93389 13.636364
 59.021004 33.496197 30.37561 0.9068376 0.5675301 8.548719 17.045454
 21.719576 12.212097 10.700943 0.8762576 0.56226224 8.9729595 13.636364
 78.11199 56.328022 51.633503 0.9166575 0.72111875 8.825482 15.909091
 27.456945 19.208864 17.708277 0.9218805 0.69959944 8.704684 14.772727
 34.17697 34.796944 32.611805 0.93720305 1.0181401 7.587846 11.842105
 13.041171 12.32807 11.143613 0.9039219 0.94531924 5.3672853 12.5
 53.90655 33.19124 29.961266 0.90268594 0.6157181 7.3012295 18.421053
 70.47602 33.485703 27.166973 0.81130064 0.47513613 7.7572036 14.772727
 18.6266 13.479895 12.090045 0.89689463 0.72369057 7.7157607 14.772727
 3.6454482 1.3420143 1.2233145 0.911551 0.36813426 8.339273 19.318182
 16.345324 12.045613 11.034838 0.9160877 0.73694557 8.606542 12.5
 10.429558 10.041455 9.528534 0.9489196 0.9627882 9.05872 12.5
 42.731487 39.152283 35.65978 0.9107969 0.9162397 9.273281 12.5
 52.518215 54.233845 50.848743 0.9375832 1.0326673 9.093741 0.0
 41.068665 37.822983 35.35069 0.9346351 0.92096937 8.906761 10.227273
 31.983885 17.959011 15.752645 0.8771443 0.56150186 8.842299 13.636364
 69.229164 41.324154 37.350063 0.9038313 0.5969182 8.845852 13.636364
 21.323534 16.579342 15.289894 0.92222565 0.77751374 7.4393315 13.157895
 86.23579 62.46165 56.88738 0.9107569 0.7243124 8.825328 14.772727
 38.553116 29.27718 26.114717 0.891982 0.7593985 8.724969 14.772727
 39.33007 33.738 31.557346 0.935365 0.85781693 9.318903 11.363636
 64.97982 42.446022 38.492336 0.90685385 0.6532185 8.675315 17.045454
 2.2971814 0.5262554 0.10840154 0.20598654 0.22908746 2.0288692 16.666666
 20.008497 17.909101 16.420164 0.9168615 0.8950747 9.239586 11.363636
 34.860405 35.30003 33.188393 0.9401803 1.012611 9.1557665 3.409091
 83.720535 57.74525 50.86701 0.88088644 0.6897382 6.866892 18.421053
 13.064119 10.390807 9.289406 0.8940023 0.7953699 9.204062 14.772727
 87.35761 52.737392 46.08996 0.87395215 0.60369545 8.429363 14.772727
 29.005325 25.73159 24.271597 0.94326067 0.88713324 9.206832 10.227273
 26.379698 17.419786 15.778247 0.9057659 0.6603482 9.252967 13.636364
 17.202776 14.537399 13.339721 0.917614 0.84506124 8.93743 12.5
 13.535409 11.980589 11.1493435 0.93061733 0.88512945 9.188529 13.636364
 22.710478 5.3286 2.7184048 0.51015365 0.23463179 6.283934 17.045454
 34.375053 32.6447 30.951021 0.9481178 0.9496625 8.989343 6.818182
 12.771307 9.174726 8.219102 0.8958417 0.7183858 8.156019 17.045454
 27.589518 14.473643 12.3111 0.8505875 0.52460665 8.673931 13.636364
 79.347755 50.6378 44.67962 0.88233733 0.6381756 8.338485 18.181818
 74.811676 46.24444 42.025883 0.908777 0.61814463 8.62807 18.181818
 20.17124 7.677568 6.589871 0.8583279 0.38061953 7.524899 14.772727
 42.328 31.090233 28.750912 0.924757 0.73450756 8.746768 15.909091
 9.172573 5.900078 4.1171703 0.6978163 0.6432304 7.544701 13.636364
 80.00252 56.732338 50.07126 0.88258755 0.7091319 5.042088 15.0
 11.786584 6.7754 4.968769 0.73335433 0.57484 8.87946 16.666666
 21.05775 13.654736 12.111889 0.8870101 0.6484423 8.821548 14.772727
 12.424595 12.005064 11.245798 0.9367545 0.96623385 8.793598 13.636364
 10.527835 5.417273 2.2062173 0.40725604 0.51456666 3.99069 15.909091
 27.911285 21.625076 18.516247 0.8562396 0.7747789 8.31239 10.227273
 86.846275 60.077095 55.14576 0.91791654 0.6917636 8.805611 14.772727
 63.546555 34.204475 30.319933 0.8864318 0.53825855 8.41915 14.285714
 16.714127 9.341359 8.226124 0.8806132 0.55889 8.53616 18.181818
 10.73189 10.206087 9.598146 0.94043356 0.9510056 9.132505 13.636364
 44.431202 16.932053 14.044168 0.8294428 0.3810847 8.8252325 14.772727
 30.626225 30.806519 29.01317 0.9417867 1.0058869 9.052096 4.5454545
 5.2523465 2.8163834 1.8432106 0.65446013 0.5362143 6.4095955 11.363636
 16.568892 7.7561035 5.940056 0.76585567 0.4681124 7.169705 18.181818
 17.376318 14.6744795 14.153312 0.96448475 0.8445103 8.336625 13.636364
 35.006176 15.650188 12.3832245 0.7912508 0.44706935 8.336807 13.157895
 9.89846 7.8581047 7.1907215 0.9150707 0.7938714 8.825863 14.772727
 14.670112 9.450578 8.095047 0.85656637 0.6442062 8.126588 11.363636
 16.30639 5.8459992 3.5130668 0.6009352 0.35850972 5.06887 12.5
 37.99547 34.922787 32.99543 0.94481087 0.9191303 8.971414 7.9545455
 3.4802108 0.88516814 0.4879647 0.5512678 0.25434324 4.742593 18.181818
 5.725365 3.37171 2.9807026 0.8840329 0.5889074 7.138485 19.047619
 43.47068 19.733982 16.019077 0.81175095 0.45396072 7.888108 18.181818
 12.851208 10.659917 9.871716 0.9260593 0.82948756 8.948413 13.636364
 18.091604 15.469612 14.592451 0.9432978 0.85507137 9.499744 15.909091
 37.713184 12.414724 8.517522 0.68608224 0.3291879 5.1838765 14.772727
 44.54021 14.557932 10.377502 0.7128418 0.3268492 6.172174 15.909091
 14.684658 13.108955 11.897422 0.90757966 0.8926974 4.18349 11.538462
 72.066574 49.92296 45.14565 0.90430635 0.6927339 8.19466 15.476191
 56.81712 34.356895 30.615767 0.89110976 0.6046927 8.894331 15.909091
 14.867305 12.545349 11.335681 0.90357643 0.84382135 9.291941 12.5
 14.117687 10.946682 10.202298 0.93199915 0.7753877 8.901483 14.772727
 17.644156 16.411608 14.974328 0.9124229 0.9301442 7.1658216 12.5
 11.648701 8.81561 8.12241 0.92136675 0.75678915 8.99731 14.772727
 78.84168 59.85631 55.07474 0.9201158 0.7591963 8.265609 10.714286
 20.813309 16.896564 14.487718 0.8574357 0.8118154 8.097346 12.5
 18.984774 19.141273 17.990368 0.939873 1.0082434 9.257262 5.681818
 34.193863 34.566967 33.066826 0.9566019 1.0109115 9.329521 2.2727273
 10.067181 6.8731623 5.3902736 0.7842494 0.68272966 7.798566 13.636364
 4.2777505 3.6239285 3.2589307 0.8992812 0.8471576 8.627922 17.5
 97.755226 78.68428 72.21437 0.91777384 0.80491126 8.820419 15.909091
 54.91513 23.770979 17.857924 0.75124896 0.4328676 4.8462033 15.625
 1.5086685 0.40411773 0.066909514 0.16556937 0.2678638 1.7940122 19.444445
 31.671293 9.169315 6.1099234 0.6663445 0.28951505 5.8447576 14.772727
 88.08703 69.32157 63.705303 0.9189824 0.78696686 8.878465 15.909091
 7.648564 6.5717306 6.201441 0.9436541 0.8592111 9.0731325 10.227273
 12.266917 12.466478 11.7313175 0.94102895 1.0162683 9.159202 11.363636
 29.665771 28.967518 26.960585 0.93071777 0.97646266 9.020437 12.5
 64.418594 49.170784 44.324013 0.90142983 0.7633011 6.6760015 12.5
 85.646286 61.930122 56.822292 0.91752267 0.7230917 8.858251 12.5
 10.027984 7.3577347 6.507196 0.8844021 0.73372024 8.557648 17.045454
 44.06895 33.386322 30.850824 0.92405576 0.75759286 8.899564 17.045454
 20.939392 14.405404 12.800547 0.8885934 0.6879571 8.954974 15.909091
 16.135956 7.3570175 5.845405 0.7945346 0.45593938 8.713628 14.772727
 85.46736 48.746407 42.768913 0.8773758 0.57035106 8.51705 13.636364
 59.88214 34.213142 31.382544 0.9172658 0.5713413 8.966994 18.181818
 25.902117 17.624609 15.416018 0.8746871 0.68043125 5.547597 15.909091
 6.5148478 1.6271477 0.67383826 0.41412237 0.2497599 3.9415348 17.045454
 50.704094 31.244085 28.323479 0.9065229 0.6162044 8.81906 18.181818
 13.009236 8.134264 7.491433 0.9209725 0.62526834 7.1838284 15.909091
 8.366 7.7433777 6.8223677 0.88105834 0.9255771 8.05971 13.636364
 10.680534 9.271762 8.883798 0.9581564 0.8680991 8.410921 13.636364
 77.90478 50.3764 46.16007 0.91630346 0.6466407 8.780756 12.5
 16.638597 9.01166 8.001788 0.8879372 0.54161173 8.769525 14.772727
 4.0567274 1.0681084 0.28912494 0.27068877 0.26329315 3.1408205 19.318182
 12.117236 9.142655 8.636226 0.9446081 0.75451654 8.557808 11.363636
 42.48151 33.017223 30.037493 0.9097523 0.77721393 8.471271 13.636364
 15.6430645 14.308477 13.143589 0.91858757 0.914685 8.863623 13.636364
 12.23794 9.780418 9.051087 0.92542946 0.7991883 9.085081 13.636364
 86.6162 59.935673 54.239185 0.90495664 0.6919683 8.829546 15.909091
 83.5473 57.67552 52.449276 0.9093854 0.6903337 8.779363 17.045454
 16.705645 13.933835 10.783334 0.7738956 0.8340795 9.218306 11.363636
 75.195564 40.758392 34.078815 0.83611774 0.5420319 8.610185 18.181818
 11.954666 9.1738405 8.560435 0.9331354 0.7673858 8.919504 14.772727
 39.717476 19.754232 17.718336 0.8969387 0.49736878 8.878586 17.045454
 11.654677 9.090282 8.4882 0.9337664 0.77996856 9.8432 14.772727
 23.935036 22.75023 20.81008 0.91471946 0.9504992 8.815711 3.409091
 24.706547 17.722906 14.94203 0.8430914 0.7173365 6.396485 16.25
 28.463734 12.295688 9.259247 0.75304836 0.4319773 7.0238066 15.909091
 37.73094 38.568665 35.855946 0.92966527 1.0222025 8.550419 4.5454545
 92.659325 62.281017 57.327065 0.9204581 0.67215055 8.828029 13.636364
 12.817113 12.117605 11.368236 0.93815863 0.9454239 9.467857 13.636364
 22.345177 21.047064 19.712788 0.9366051 0.94190633 8.726856 7.9545455
 76.11531 45.991596 40.99286 0.89131194 0.60423577 8.598782 15.909091
 13.795832 8.831319 6.3126745 0.71480536 0.64014405 9.33386 12.5
 15.145869 11.715366 10.998873 0.9388416 0.7735024 7.9999986 13.636364
 2.5764601 0.512715 0.10130453 0.1975845 0.19899976 1.5943327 18.181818
 30.78008 12.628809 10.363387 0.8206147 0.41029164 7.6933923 18.181818
 25.8116 19.949398 17.743092 0.8894049 0.77288496 9.638265 14.772727
 65.61532 44.804848 40.52615 0.9045037 0.6828413 8.497743 18.181818
 63.25516 39.7165 35.73718 0.8998069 0.6278776 8.816903 15.909091
 66.8138 47.6546 43.983154 0.9229572 0.71324486 8.704948 13.636364
 23.922363 23.710733 22.361198 0.9430834 0.9911534 9.072284 10.227273
 16.042137 16.21099 15.356234 0.9472729 1.0105257 9.125157 7.9545455
 87.57698 65.64271 58.318512 0.8884234 0.74954295 5.154898 11.666667
 14.649026 15.0968 14.327397 0.9490354 1.0305668 8.709705 10.227273
 15.557159 13.6353445 12.703829 0.9316838 0.87646747 8.159869 13.636364
 18.25558 15.729817 14.479688 0.9205248 0.8616443 9.201317 10.227273
 81.074394 44.680073 39.21575 0.87770116 0.5510997 8.8592205 15.909091
 21.350285 21.2381 19.906025 0.937279 0.99474555 9.059684 10.227273
 65.28732 49.039757 45.703197 0.9319622 0.7511375 9.428667 15.909091
 27.203964 9.328779 7.061046 0.7569099 0.34291986 5.221572 17.045454
 35.98353 17.244467 12.651997 0.7336845 0.4792322 7.475369 14.772727
 9.091611 5.85822 3.76623 0.64289665 0.6443545 6.730866 14.772727
 11.683269 4.4939017 3.0806959 0.6855281 0.3846442 6.989442 19.318182
 48.17706 44.32257 39.543034 0.8921647 0.9199933 9.267474 5.681818
 34.467632 19.141928 16.86599 0.8811019 0.5553595 8.587302 15.909091
 22.422924 20.485203 18.858295 0.9205814 0.913583 7.951424 16.25
 69.011284 45.28304 40.109554 0.88575226 0.65616864 4.946509 13.333333
 82.14874 57.625526 53.39696 0.92661995 0.7014779 8.778553 14.772727
 22.316483 14.778217 6.997156 0.4734777 0.6622109 5.8133354 10.227273
 1.656171 0.40305892 0.069603175 0.17268735 0.24336793 1.5902135 20.0
 3.449898 1.2055296 0.4375104 0.36291966 0.34943917 4.511066 16.666666
 75.822586 62.801147 58.011345 0.9237306 0.82826436 8.910619 15.909091
 18.54459 14.230181 12.24332 0.86037695 0.7673495 7.9448557 15.789474
 16.968258 6.018739 2.6181135 0.43499368 0.35470578 5.0554876 15.909091
 13.7142105 10.661142 7.1706676 0.6725985 0.7773792 6.738945 18.181818
 10.325223 8.416857 5.7810774 0.6868452 0.81517434 8.646977 13.636364
 12.42167 9.338333 8.572273 0.91796607 0.7517776 8.900548 10.227273
 32.314342 30.884768 28.98942 0.9386316 0.9557604 8.649248 13.095238
 17.755737 14.336871 13.057144 0.9107387 0.80745006 8.518683 14.772727
 19.296482 18.702219 17.58326 0.9401697 0.96920353 9.491633 10.227273
 17.04881 7.9179344 6.3794227 0.8056928 0.4644274 7.177212 14.772727
 11.516109 4.3330383 2.664908 0.61502063 0.37625885 7.1069307 17.045454
 18.517832 5.0442867 3.4479625 0.6835382 0.27240157 8.208192 10.227273
 4.7512875 1.5847322 0.32722005 0.20648287 0.33353743 2.2265775 15.909091
 4.850856 1.4016659 0.27317736 0.19489479 0.2889523 1.7734765 17.045454
 8.685584 7.8031464 7.35892 0.9430709 0.89840204 8.881501 9.090909
 39.99507 19.575249 13.321496 0.68052757 0.48944154 10.721147 18.181818
 21.78284 18.068535 16.967314 0.9390531 0.82948476 8.75551 13.636364
 6.3110876 5.8341236 5.532241 0.94825566 0.92442447 8.769268 11.363636
 10.234052 6.9170275 6.2677503 0.90613353 0.6758836 8.301905 14.772727
 12.427388 10.852644 9.994119 0.9208925 0.8732844 4.962223 12.5
 14.609008 8.176147 6.923385 0.8467784 0.55966485 3.9386408 12.5
 71.73313 52.037457 46.912567 0.90151536 0.72543126 5.193031 13.333333
 34.5992 22.029633 19.959394 0.9060248 0.6367093 8.618343 15.909091
 86.36221 65.88566 59.24162 0.89915806 0.76289916 8.530255 17.045454
 9.608573 3.6418898 0.9896054 0.27172855 0.37902504 2.9415112 11.904762
 76.901794 46.05805 41.243515 0.89546824 0.5989203 8.616888 15.909091
 3.2347157 0.8469942 0.3450161 0.40734175 0.26184502 2.771175 21.25
 41.225254 31.037527 27.381031 0.8821911 0.7528765 9.250243 10.227273
 25.635391 24.68755 22.69381 0.9192411 0.96302605 9.130573 9.090909
 86.463486 39.981194 30.823189 0.7709422 0.46240553 3.758177 17.307692
 3.6014876 1.040877 0.2423799 0.23286124 0.28901306 2.0928125 15.476191
 14.344877 12.697796 11.992625 0.94446504 0.8851799 8.188426 7.5
 44.03071 41.373383 39.32813 0.95056593 0.93964833 8.456269 12.5
 28.1334 12.384062 10.230565 0.82610744 0.4401907 5.9617677 16.17647
 41.658535 23.24129 19.605751 0.84357417 0.5578998 8.494576 16.25
 19.316042 13.800113 12.42515 0.9003658 0.7144379 7.658797 13.75
 34.859596 32.371025 30.647593 0.94676 0.92861164 7.799617 7.894737
 79.45909 45.7238 41.850018 0.91527855 0.5754383 7.8148656 10.526316
 32.051785 11.498487 8.546155 0.7432416 0.3587472 6.245706 17.105263
 40.930374 21.288906 18.48494 0.8682897 0.5201249 7.6568327 14.473684
 21.378136 21.95042 20.869759 0.950768 1.0267696 7.5122337 5.5555553
 3.3478203 0.72550946 0.15071113 0.20773144 0.216711 1.7584022 16.666666
 29.67472 18.587524 16.04543 0.86323655 0.62637573 5.716841 13.888889
 26.454252 23.431812 21.641895 0.92361164 0.88574845 7.656594 9.722222
 73.8721 42.39795 34.835354 0.8216283 0.57393724 4.554245 11.538462
 16.206043 12.483057 10.87659 0.8713082 0.7702717 6.1124287 13.235294
 9.587538 7.9335227 6.904222 0.8702593 0.8274828 6.617214 13.235294
 29.955952 16.648783 10.769406 0.6468585 0.55577546 6.315257 17.1875
 12.583092 5.0929933 4.0085573 0.787073 0.40474895 6.07434 17.1875
 17.686888 16.609755 14.6919775 0.8845391 0.9390999 6.0148587 6.25
 74.98223 58.461643 52.371487 0.89582646 0.77967334 6.076192 12.5
 31.974281 8.330956 2.6654575 0.31994617 0.26055178 1.6129825 11.666667
 15.645794 14.972764 13.585015 0.90731514 0.9569834 4.8983946 12.5
 79.37253 48.81933 41.074417 0.8413556 0.6150658 5.0566897 14.285714
 19.591362 6.023101 4.027082 0.6686061 0.30743656 3.7240663 8.928572
 23.027124 16.1138 14.010604 0.8694785 0.6997748 5.1497025 10.714286
 41.28438 30.59947 27.09594 0.88550353 0.7411876 5.060864 8.928572
 56.62208 33.87356 28.575422 0.8435907 0.5982394 4.3878603 13.461538
 42.91381 42.040665 37.03104 0.88083863 0.9796535 4.553613 9.615385
 20.38264 10.218431 9.172508 0.8976434 0.50133014 4.72992 13.461538
 24.52462 11.4879055 7.7731185 0.67663497 0.46842337 2.8963675 17.307692
 37.816166 18.072845 14.943517 0.82684916 0.4779132 3.7910254 12.5
 72.167656 47.95739 40.021 0.83451164 0.6645275 3.6624086 8.333333
 87.207085 59.97855 50.81518 0.84722257 0.6877715 4.001569 12.5
 1.0 33.444298 23.07812 20.474771 0.88719416 0.6900465 182.39128 13.805787 296.0
