 107.251175 82.45857 77.36971 0.9382859 0.7688361 8.468175 17.045454
 2.9334066 1.2472519 1.0378231 0.83208776 0.4251889 6.6976433 14.772727
 1.3661526 0.39129493 0.18844934 0.48160434 0.2864211 4.724804 22.058823
 21.476765 13.431053 11.587472 0.86273736 0.62537605 8.020205 14.772727
 66.38649 68.500916 65.818184 0.9608365 1.0318502 8.549272 6.818182
 61.248814 58.3233 55.26483 0.9475601 0.95223564 8.277769 7.9545455
 1.1688132 0.42465323 0.07089293 0.1669431 0.36332002 1.7919216 25.0
 7.250062 7.2004147 6.7914643 0.94320464 0.99315214 8.652145 14.772727
 91.30747 91.46877 84.9993 0.92927116 1.0017666 8.518382 4.5454545
 12.292628 11.68584 11.072536 0.9475174 0.95063806 8.719215 12.5
 88.34523 65.6208 60.679344 0.9246968 0.74277693 8.39049 13.636364
 10.082062 9.854864 9.281979 0.9418677 0.97746515 8.757697 13.636364
 12.250549 12.050639 11.46068 0.9510433 0.98368156 8.591163 11.363636
 12.418923 11.8865795 11.27563 0.9486018 0.9571344 8.737767 10.227273
 102.48806 103.49654 98.87055 0.9553031 1.0098399 8.638139 1.1363636
 76.03788 39.662994 35.80871 0.9028241 0.5216215 8.1259775 11.363636
 14.85992 14.746769 14.014294 0.9503297 0.9923855 9.208407 5.681818
 8.81876 7.090296 6.723422 0.9482569 0.8040015 7.452695 11.363636
 8.507804 8.044708 7.5515785 0.93870133 0.94556814 8.40137 12.5
 7.0025773 5.144137 4.197459 0.8159696 0.73460627 8.785576 17.045454
 120.46327 122.879814 115.878914 0.9430265 1.0200604 6.9606256 1.3888888
 114.16709 115.30906 110.15816 0.9553296 1.0100026 8.813521 9.090909
 93.88126 95.138084 90.88497 0.9552953 1.0133873 8.630847 11.363636
 57.897964 54.49003 52.220608 0.9583517 0.9411389 8.839295 14.772727
 10.729066 7.6326528 7.134684 0.9347581 0.7113996 8.527659 18.181818
 84.54215 53.00455 46.684875 0.88077116 0.62696 8.3035 14.772727
 8.743048 8.590243 8.15824 0.9497101 0.9825227 8.147337 6.818182
 9.938195 9.794289 9.344869 0.954114 0.9855199 8.506925 2.2727273
 1.0 43.351986 38.55604 36.2332 0.9397542 0.88937193 322.2732 11.673457 28.0
