 3.6674292 0.8854573 0.38236603 0.43182892 0.24143814 4.7319856 18.181818
 13.158637 13.061267 12.369981 0.9470736 0.99260026 7.9205704 9.090909
 0.94091874 0.31811404 0.055603653 0.17479157 0.33808872 1.8714137 25.0
 22.87617 21.332731 18.725746 0.8777941 0.93253076 7.7176905 4.5454545
 2.8802414 1.0377872 0.67531365 0.6507246 0.36031258 5.835186 18.75
 10.597715 7.796926 7.112335 0.91219735 0.7357176 7.0203414 13.636364
 102.63854 98.86952 92.87339 0.9393531 0.9632787 7.841048 11.904762
 118.547554 119.37628 113.92171 0.95430773 1.0069907 7.8294916 0.0
 2.2886288 0.46855113 0.10535431 0.22485125 0.20473008 2.292704 17.857143
 91.95798 83.663925 76.69108 0.91665655 0.909806 5.8151317 4.6875
 112.650276 110.35619 98.43678 0.8919915 0.9796353 3.8152702 14.583333
 98.88794 96.0027 89.31278 0.9303153 0.97082317 5.837417 6.25
 77.013245 72.54188 66.757355 0.9202596 0.94194025 7.3009453 1.25
 131.21971 130.55121 124.042816 0.95014685 0.9949055 7.959466 1.1904762
 114.52156 111.353325 106.48535 0.95628357 0.972335 8.400832 12.5
 115.2282 109.4737 102.32407 0.9346909 0.95006 8.241717 10.227273
 111.739334 99.68652 94.50717 0.9480436 0.8921346 8.274187 11.363636
 110.38732 113.935555 108.14187 0.9491494 1.0321435 7.143527 11.842105
 94.15146 80.9016 76.52194 0.94586426 0.8592709 8.244387 6.818182
 12.706329 10.973834 10.096033 0.9200097 0.863651 8.772455 11.363636
 14.755449 14.237448 13.612424 0.95610005 0.96489424 8.416092 4.5454545
 9.286931 7.2715077 6.7460594 0.9277387 0.7829829 7.5065694 13.636364
 112.89953 110.38781 101.97936 0.9238281 0.9777526 6.2873716 1.4705882
 15.846231 14.997638 14.404272 0.9604361 0.9464482 7.192713 9.090909
 92.306404 90.97421 83.503876 0.9178851 0.9855677 5.4406986 8.333333
 101.8317 99.72379 95.25326 0.9551708 0.9793001 8.475474 5.681818
 120.771576 120.99947 115.20416 0.9521047 1.001887 7.8972363 1.1904762
 115.59554 110.271126 103.21151 0.9359795 0.95393926 8.331752 11.363636
 18.142385 14.448594 10.001593 0.69221914 0.7963999 8.132067 12.5
 110.896576 109.2135 101.31177 0.9276487 0.984823 5.8630714 1.5625
 3.2608943 1.4564245 1.0565192 0.72541976 0.4466335 3.976126 15.909091
 113.11079 111.7244 106.95059 0.9572716 0.98774314 8.287819 17.045454
 109.42229 106.516106 101.66667 0.9544723 0.97344065 8.257544 7.9545455
 3.79947 1.895462 0.9977496 0.52638865 0.49887538 6.7242064 13.75
 12.730184 12.560179 12.067693 0.9607899 0.98664546 8.159691 12.5
 116.639755 117.77902 112.115364 0.9519128 1.0097674 7.8695793 1.1904762
 10.421802 9.475171 9.005534 0.95043504 0.90916824 8.100203 7.9545455
 105.68159 101.78788 97.25733 0.9554903 0.9631562 8.21033 3.409091
 104.92495 96.02167 90.9083 0.9467478 0.9151462 8.211898 6.818182
 15.588899 13.186571 12.5082 0.9485559 0.84589493 7.8367915 11.363636
 7.250305 5.1498604 4.2959886 0.8341952 0.7102957 8.14002 14.772727
 135.58302 138.74768 131.09906 0.94487387 1.0233412 7.779158 2.3809524
 97.19948 67.698944 64.073845 0.9464526 0.69649494 8.197361 14.772727
 102.44005 86.683525 81.04581 0.9349621 0.84618783 8.169913 10.227273
 91.759575 63.165176 58.578354 0.9273837 0.6883769 8.157543 15.909091
 47.129047 37.004013 35.859783 0.9690782 0.7851636 7.1612062 14.772727
 111.72645 104.21688 98.911316 0.9490911 0.9327861 8.4671955 3.409091
 123.481575 119.50885 111.47311 0.93276024 0.96782744 8.252079 1.1363636
 15.666549 14.69174 12.492491 0.85030705 0.9377777 8.274597 13.888889
 14.028467 7.3560867 6.961687 0.9463846 0.5243685 7.412623 18.181818
 43.749252 40.403305 38.491062 0.95267105 0.9235199 8.388528 5.681818
 11.486936 10.071959 8.640099 0.8578369 0.87681866 8.088065 11.363636
 79.971375 77.011955 70.85468 0.92004776 0.962994 5.325009 5.0
 119.917625 120.67285 115.0661 0.95353764 1.0062978 7.9076095 1.1904762
 6.9841356 7.2899375 6.9573584 0.9543783 1.0437852 6.824695 6.5789475
 116.44425 113.52415 108.72156 0.9576955 0.97492266 8.236986 6.818182
 104.76042 101.19264 96.63329 0.9549438 0.9659435 8.27862 1.1363636
 2.2795906 0.7167076 0.12449947 0.17371027 0.31440187 1.341693 19.117647
 11.486077 3.242586 1.9099966 0.589035 0.28230578 6.796366 15.909091
 95.40166 95.13246 87.71552 0.9220357 0.9971783 5.3976145 1.6666666
 19.662458 18.501133 17.5496 0.9485689 0.9409369 8.626108 5.681818
 8.888467 8.433265 8.018712 0.9508432 0.94878733 8.246383 9.090909
 14.213805 13.02475 12.522498 0.96143866 0.916345 8.028188 6.818182
 11.473619 2.6831908 0.61117655 0.22777978 0.2338574 1.2375299 15.909091
 1.1810774 0.37838838 0.0702201 0.1855768 0.3203756 1.5808316 22.058823
 8.811161 2.131567 1.3282182 0.62311816 0.24191672 6.098756 14.772727
 102.305855 75.17207 70.40314 0.93655974 0.7347778 8.148903 13.636364
 32.176258 32.92575 31.11569 0.94502604 1.0232934 8.2194805 6.818182
 10.395728 7.475829 6.6209707 0.88565034 0.71912515 7.3912015 10.227273
 117.56772 111.56089 103.66524 0.9292256 0.94890743 8.146477 9.090909
 21.569456 19.479704 18.422846 0.9457457 0.9031152 8.289809 11.363636
 22.710112 21.947018 20.949903 0.95456713 0.96639854 8.927566 3.409091
 121.615395 121.67984 111.70343 0.91801095 1.0005299 7.678597 1.1904762
 13.192385 11.01034 10.284633 0.9340886 0.8345981 8.76624 14.772727
 6.4868174 5.588524 5.2298236 0.93581486 0.8615202 7.5806956 14.772727
 112.23548 114.655846 109.59805 0.9558872 1.0215651 7.598723 4.7619047
 122.79218 121.281975 115.16229 0.9495417 0.9877011 7.7596774 1.1904762
 109.733154 109.08056 104.359535 0.9567198 0.99405295 8.403278 1.1363636
 113.197075 112.267715 107.3207 0.9559356 0.9917898 8.090727 0.0
 112.0931 97.717316 92.90759 0.9507792 0.87175137 8.509051 13.636364
 109.28731 105.51139 100.57041 0.95317113 0.96544963 8.286484 1.1363636
 2.2075942 0.557916 0.1277658 0.22900546 0.25272578 2.1431828 18.181818
 110.40755 107.622505 102.794914 0.9551433 0.9747749 8.384416 15.909091
 115.74516 112.27291 105.988266 0.9440235 0.9700009 7.055562 10.526316
 95.56767 92.26163 86.06022 0.93278456 0.96540624 6.370436 7.352941
 114.785416 111.74008 104.3173 0.93357104 0.9734693 8.257289 12.5
 113.54203 112.07548 106.678635 0.95184636 0.9870836 7.8399105 9.523809
 7.0125756 2.282539 0.89882684 0.39378384 0.3254922 4.492752 18.181818
 103.228 98.83005 93.35871 0.9446389 0.9573958 8.112762 6.818182
 3.504957 0.9471913 0.276993 0.29243618 0.27024335 3.8711596 14.772727
 102.69383 98.808 93.11203 0.9423532 0.96216094 8.255396 6.818182
 28.814404 27.232073 25.793463 0.9471722 0.9450854 8.29786 4.5454545
 123.39565 125.61866 119.28288 0.94956344 1.0180153 8.020676 1.1904762
 100.50648 101.56038 93.20108 0.91769135 1.0104859 4.8469725 1.7857143
 6.756988 3.6152933 3.119998 0.86300004 0.5350451 8.264134 17.045454
 78.91155 47.063477 43.57271 0.9258285 0.59640795 8.047356 17.045454
 86.826096 85.74743 78.213554 0.91213876 0.98757666 4.919303 5.357143
 18.405895 17.355242 16.56086 0.9542281 0.9429176 8.63091 7.9545455
 104.234055 99.5086 93.28659 0.93747264 0.95466495 8.194227 10.227273
 3.442577 1.4423015 0.7728373 0.53583616 0.41895983 6.445778 13.75
 4.6602993 1.4657187 0.44261366 0.30197722 0.31451172 3.4988012 16.25
 110.187325 111.40347 104.93241 0.94191325 1.0110371 7.005458 7.894737
 93.8369 94.13887 89.31295 0.94873613 1.003218 7.8466353 1.1904762
 102.822556 100.599815 92.08438 0.9153534 0.97838277 5.831032 9.375
 15.106055 13.651131 12.553382 0.91958547 0.90368605 7.3445826 9.523809
 126.585915 132.4878 125.956566 0.95070314 1.0466235 7.3981967 3.75
 109.40273 112.609665 107.29338 0.95279014 1.0293131 6.3246465 4.4117646
 12.393892 10.218929 9.676631 0.946932 0.8245133 7.977387 16.25
 114.65277 118.942535 112.35095 0.94458175 1.0374153 6.8942914 7.894737
 9.14612 5.5984116 4.4831314 0.8007863 0.6121078 4.917394 9.615385
 26.641434 27.598986 26.2299 0.9503937 1.0359422 4.0430217 7.142857
 117.67052 106.43945 95.27725 0.89513093 0.904555 5.913129 3.3333333
 117.40314 121.04901 111.78273 0.9234502 1.0310543 5.246355 1.6666666
 114.830086 114.47878 103.553055 0.9045611 0.99694073 4.4685464 13.461538
 28.949844 29.768526 27.886608 0.9367816 1.0282793 5.455047 3.125
 123.32026 123.81744 113.44919 0.91626185 1.0040315 5.693142 6.25
 126.56088 132.2387 120.68991 0.91266716 1.0448623 5.2357693 8.333333
 108.83869 111.635185 102.82176 0.9210515 1.025694 4.6668196 12.5
 70.270584 40.29977 35.64267 0.8844385 0.5734942 4.467376 16.071428
 57.699726 51.51775 48.877792 0.94875634 0.8928595 3.6191578 12.5
 1.0 67.47729 64.000046 59.91947 0.9362411 0.9484679 463.88654 9.281067 120.0
