 9.875762 8.818229 4.9007063 0.5557473 0.8929162 6.4403443 9.090909
 12.878315 12.049482 11.153513 0.9256425 0.9356412 9.623353 10.227273
 17.847017 12.204821 5.3201747 0.43590766 0.68385774 4.147977 6.818182
 101.03778 105.95278 99.301025 0.9372197 1.0486451 9.54507 3.409091
 16.290468 12.2910795 4.8006363 0.39057893 0.75449514 3.7036228 15.476191
 5.5933456 2.8665094 1.0790339 0.37642777 0.5124857 3.8148355 15.909091
 5.8853817 5.2917275 4.9202085 0.92979246 0.89913076 10.200813 17.857143
 127.44419 134.96175 126.94871 0.9406273 1.058987 9.722349 0.0
 11.5585785 7.62933 7.068951 0.9265494 0.66005784 9.323117 19.318182
 5.2710366 4.431955 4.022506 0.9076144 0.84081274 9.309526 15.909091
 28.420578 18.766684 16.723715 0.8911385 0.6603203 9.340043 18.181818
 35.765636 29.724491 27.177227 0.9143042 0.83109075 9.585332 13.636364
 20.131699 18.097298 13.477468 0.74472266 0.89894533 7.9653955 6.818182
 10.969661 11.670588 10.917795 0.9354966 1.0638969 9.979199 10.714286
 7.8151402 5.84079 5.318659 0.91060615 0.74736845 9.371416 12.5
 17.601658 14.83828 13.9482155 0.9400157 0.84300464 10.390292 14.772727
 10.551681 10.502604 9.833492 0.93629086 0.995349 9.972867 11.363636
 2.9977157 2.4888747 2.2405832 0.9002395 0.83025706 8.493028 19.736841
 10.341856 10.343687 7.7318482 0.7474944 1.000177 4.5923142 11.363636
 9.896139 6.292411 5.5089016 0.87548345 0.63584507 10.221699 14.772727
 29.359892 15.069406 13.101979 0.8694423 0.513265 9.134956 13.636364
 1.0855635 0.31512842 0.08721546 0.27676165 0.29029015 1.9404117 26.785715
 108.74848 113.1417 106.286995 0.93941486 1.040398 9.647395 9.090909
 20.66869 19.820415 18.440453 0.93037665 0.95895845 9.600942 7.9545455
 3.2256365 1.0643978 0.36636457 0.3441989 0.3299807 4.19159 17.045454
 61.113537 51.554153 45.955746 0.8914072 0.84357995 5.69775 8.333333
 18.710316 4.1826706 2.3197682 0.5546141 0.22354892 2.0918586 14.583333
 7.7455683 5.9513497 4.6351104 0.7788335 0.7683555 4.1651206 10.416667
 1.0 25.672548 23.077236 20.48525 0.88768214 0.8989071 203.17595 12.704346 28.0
