 85.82381 89.58213 82.036285 0.9157662 1.0437912 9.647323 4.5454545
 10.602473 9.089415 8.396519 0.9237689 0.85729194 9.694798 17.045454
 87.82792 68.74048 60.65153 0.88232625 0.78267235 4.7746377 11.538462
 2.411536 0.56610894 0.16931225 0.2990807 0.23475035 2.7658145 14.705882
 93.065544 73.13321 67.19723 0.9188334 0.7858247 9.279219 15.909091
 85.83344 61.806404 57.23114 0.9259743 0.7200737 9.199438 19.318182
 27.83499 14.967305 13.663504 0.91289 0.5377155 8.917933 17.045454
 81.77878 82.490074 77.79977 0.9431409 1.0086979 9.454749 1.1363636
 42.75274 33.584778 31.480938 0.9373574 0.78555846 9.2709255 13.636364
 98.368996 75.37313 69.86267 0.92689097 0.76622856 9.052412 16.666666
 74.07704 72.47485 67.99689 0.9382135 0.9783714 9.725678 6.818182
 86.84349 56.506577 52.3142 0.9258073 0.65067136 9.445808 11.363636
 60.532986 61.730953 58.3829 0.94576377 1.0197903 9.576061 5.681818
 103.44174 96.55207 87.59899 0.90727204 0.9333957 8.001046 11.842105
 51.7236 50.724586 47.69893 0.94035125 0.9806856 9.529404 10.227273
 40.857018 39.05537 36.85733 0.94371986 0.9559036 9.7929 9.090909
 88.2858 88.19099 81.41834 0.92320484 0.9989261 7.5057435 9.722222
 82.666855 82.90624 78.06823 0.9416447 1.0028958 9.584738 9.090909
 29.030903 29.142263 26.921715 0.9238031 1.0038359 9.192857 6.818182
 113.02999 115.06615 104.59131 0.9089668 1.0180143 5.8553042 1.6666666
 3.5438402 3.1084676 2.898431 0.9324308 0.87714666 7.8488774 16.666666
 47.194878 42.652943 39.830868 0.9338363 0.90376216 9.39777 5.681818
 2.08106 0.45178878 0.16326962 0.36138484 0.21709552 2.3965852 25.0
 11.324658 11.018433 10.27961 0.9329466 0.9729594 9.3249235 6.818182
 59.304455 59.81284 55.871788 0.9341103 1.0085725 9.788094 0.0
 44.261635 40.54837 37.833626 0.93304926 0.9161065 9.389381 17.045454
 11.374694 10.955771 9.938969 0.9071902 0.9631707 8.246253 11.363636
 100.03685 61.97959 57.411953 0.92630416 0.6195676 9.597412 14.772727
 12.189014 8.734409 7.9802084 0.9136517 0.71658045 8.590803 12.5
 9.84716 9.382775 8.694147 0.92660713 0.95284075 9.203772 11.363636
 2.9967031 0.7430944 0.21161045 0.28476927 0.24797063 2.5383754 17.5
 110.37764 84.96655 77.86203 0.91638446 0.7697805 9.279898 15.909091
 22.401129 19.742546 18.338516 0.928883 0.8813193 10.147975 9.090909
 8.495578 6.8078365 6.1579804 0.9045429 0.8013389 9.158496 13.636364
 2.3780553 0.6174321 0.2453574 0.39738357 0.25963742 3.6807625 22.222221
 36.172264 33.342278 30.974895 0.92899764 0.9217636 9.795891 3.409091
 10.842354 6.1338415 4.4259653 0.72156495 0.56572974 8.96924 15.909091
 90.0401 90.131256 84.92279 0.94221246 1.0010124 9.49832 0.0
 34.023952 10.706322 5.638305 0.52663326 0.31467018 6.07505 13.636364
 11.363513 8.897433 8.292532 0.93201387 0.78298265 9.724563 10.227273
 7.7919583 4.879165 4.3132324 0.8840104 0.6261795 6.953032 15.909091
 73.233864 71.96083 65.39506 0.90875906 0.98261696 6.0323157 8.333333
 36.799927 35.28786 32.876633 0.93166983 0.9589112 9.123123 1.1363636
 25.830763 24.577219 22.95615 0.9340418 0.9514709 9.059257 6.818182
 10.978167 8.614637 7.961284 0.9241578 0.78470635 8.850125 14.772727
 5.6834617 4.49685 4.1409984 0.9208665 0.79121673 9.341379 15.909091
 110.37925 110.54498 96.83803 0.87600565 1.0015014 9.147206 3.409091
 94.76103 94.2141 89.28642 0.94769704 0.9942283 9.551533 4.5454545
 34.31242 34.104984 31.882278 0.93482757 0.99395454 9.216541 1.1363636
 35.725056 34.51428 32.546516 0.94298697 0.9661085 9.245203 5.681818
 4.926451 1.1906759 0.24329148 0.20433058 0.24169038 1.6122631 14.772727
 29.699526 30.312958 28.56654 0.94238704 1.0206546 9.396129 5.681818
 106.31845 76.474525 69.46019 0.90827876 0.7192969 9.1344795 13.636364
 10.113607 7.8448772 6.8112116 0.8682369 0.7756755 9.494391 11.363636
 19.749836 19.602625 18.685995 0.95323944 0.9925462 9.291853 7.9545455
 17.370455 15.788884 14.809615 0.9379773 0.90895057 9.305738 14.772727
 70.11286 64.87765 59.175976 0.9121165 0.9253316 10.92422 6.818182
 4.734246 3.1148345 2.5954852 0.83326584 0.6579368 8.280375 13.636364
 9.763733 9.103902 7.431604 0.81630975 0.9324202 6.418723 10.9375
 30.921213 30.655588 29.448551 0.9606258 0.99140966 9.015622 12.5
 15.921979 10.692914 9.671894 0.9045143 0.671582 8.965161 14.772727
 24.893051 23.918901 22.449665 0.93857425 0.9608666 9.340785 7.9545455
 87.68891 85.75825 79.77 0.9301729 0.9779828 9.497406 3.409091
 85.37888 79.73115 70.855286 0.88867766 0.9338509 4.8232365 13.461538
 94.34377 88.422585 81.97394 0.92707014 0.93723816 9.454285 6.818182
 63.24845 64.03945 58.318016 0.9106577 1.0125062 6.2934675 1.5625
 9.759606 7.5964203 6.761789 0.8901284 0.77835315 9.812425 7.9545455
 9.345515 7.408486 6.8842087 0.92923295 0.7927316 9.622085 13.636364
 4.5260043 2.84831 2.4840493 0.87211335 0.6293211 9.8132305 14.772727
 30.9111 29.636217 27.980968 0.94414777 0.9587565 9.269869 7.9545455
 59.99999 39.196022 34.387585 0.8773234 0.65326715 5.6629157 11.666667
 97.795364 86.98735 80.97218 0.9308501 0.88948333 9.480005 10.227273
 8.627518 7.6923485 7.0865865 0.9212513 0.8916062 9.597067 11.363636
 4.0504127 1.8539869 1.2033215 0.64904535 0.4577279 8.768495 16.666666
 6.390106 3.6279535 3.2734823 0.9022944 0.56774545 8.697598 17.045454
 106.98587 83.50758 75.365906 0.9025038 0.7805478 5.8334184 16.666666
 12.248789 11.303707 10.552865 0.9335756 0.92284286 9.546397 10.227273
 94.75263 81.07637 75.10533 0.926353 0.8556635 9.304145 15.909091
 8.619208 8.251331 7.6359763 0.92542356 0.9573189 9.261826 7.9545455
 19.368097 17.58433 16.851309 0.958314 0.9079017 9.175948 15.909091
 29.788988 24.035137 21.434744 0.8918086 0.80684644 8.969566 12.5
 101.05219 101.767784 94.112404 0.9247761 1.0070814 9.0076885 0.0
 77.80487 67.407 53.240482 0.7898361 0.86635965 10.90652 12.5
 10.50129 4.957464 3.7235742 0.7511046 0.47208145 7.795979 15.909091
 13.604511 11.593884 10.637758 0.9175318 0.8522088 8.314704 12.5
 25.438631 26.852228 25.681898 0.95641595 1.0555689 10.337627 10.227273
 13.853297 11.975682 10.862676 0.9070611 0.8644644 10.098951 6.818182
 7.5673175 2.6082954 1.6732396 0.6415069 0.344679 6.5257483 14.772727
 26.505373 23.227402 20.519007 0.88339657 0.87632805 4.311074 10.416667
 97.335106 96.35198 89.505646 0.92894447 0.98989964 9.494668 7.9545455
 97.726295 96.77176 83.80727 0.8660302 0.9902325 8.563286 2.3809524
 98.117065 92.19176 83.426 0.90491825 0.93960977 8.056234 1.25
 10.782845 3.127397 0.8894939 0.2844199 0.2900345 2.520596 19.444445
 101.93065 80.58514 73.197655 0.908327 0.7905879 6.8916674 13.888889
 9.880903 8.447345 7.3920207 0.87507033 0.8549163 3.8262186 10.416667
 8.435678 6.0073586 5.2047887 0.86640215 0.7121371 5.7949777 7.8125
 57.142204 48.633083 44.838966 0.9219849 0.8510887 5.9596887 10.9375
 88.64834 77.697464 69.28139 0.89168143 0.8764684 4.093817 2.0833333
 34.306065 31.99354 29.707804 0.9285564 0.9325914 6.304498 9.375
 96.045204 59.387238 54.046513 0.91006947 0.6183259 5.9635205 12.5
 72.47647 46.608723 41.690098 0.89446986 0.6430877 5.566704 13.333333
 8.2440815 4.838047 3.637063 0.7517626 0.58685094 4.2027626 12.5
 82.0571 80.002335 71.73115 0.8966132 0.9749593 4.954723 1.7857143
 17.079468 7.50123 4.7657747 0.63533247 0.43919575 2.510271 10.714286
 89.42761 79.69759 71.67034 0.89927864 0.8911967 5.0471344 8.928572
 93.01364 60.043777 54.098045 0.9009767 0.6455374 4.852819 10.714286
 6.1825185 5.637607 5.084096 0.9018181 0.9118625 4.440673 13.461538
 34.683857 29.94101 25.459219 0.8503126 0.8632549 4.5056224 9.615385
 1.0 46.0253 40.051865 36.524437 0.9119285 0.8702141 328.99182 10.620566 108.0
