 12.960086 12.531962 12.05799 0.96217895 0.966966 9.054685 12.5
 94.43627 93.61235 89.63372 0.95749885 0.9912753 8.8728285 2.2727273
 2.0492084 0.67467725 0.16157086 0.23947875 0.329238 3.340727 17.5
 10.624726 6.9888926 6.391955 0.9145876 0.6577951 9.317761 15.909091
 3.0320141 1.6125249 1.0862194 0.673614 0.53183293 9.217856 15.789474
 7.200677 2.5909526 1.9501224 0.7526662 0.3598207 6.181884 14.772727
 6.21504 4.936862 4.584881 0.9287035 0.7943411 9.366251 13.636364
 3.2404044 0.7774172 0.18525247 0.23829222 0.23991363 1.9624978 18.75
 121.36308 121.43023 115.583786 0.9518535 1.0005533 9.241235 12.5
 2.4180944 0.6235694 0.11281343 0.18091558 0.2578764 1.5229188 23.529411
 12.045675 11.7918 11.171275 0.94737667 0.97892386 9.088274 6.818182
 3.067108 1.1420488 0.36946025 0.3235065 0.37235367 1.9647182 17.1875
 11.946306 11.328447 10.697832 0.94433355 0.94828033 9.017277 12.5
 2.0689447 0.77297866 0.37366518 0.48340943 0.3736101 5.6856594 17.857143
 48.035625 27.469704 24.952454 0.9083627 0.5718611 9.210236 15.909091
 10.232882 8.35946 7.799076 0.9329641 0.8169214 7.902391 8.75
 91.19778 91.22249 86.66446 0.9500339 1.0002711 9.228528 12.5
 107.080894 107.48885 100.984474 0.9394879 1.0038098 9.180284 1.1363636
 100.57001 100.97218 94.662254 0.9375082 1.003999 9.157093 1.1363636
 2.1393843 0.7269979 0.38133618 0.5245354 0.33981642 3.5033858 18.75
 113.792725 114.741295 106.363785 0.9269878 1.008336 9.002937 0.0
 103.300835 100.69975 94.699455 0.940414 0.9748203 8.077345 1.25
 77.93982 77.08538 73.70802 0.95618683 0.9890372 8.819108 1.1904762
 109.73452 109.981064 104.824715 0.95311606 1.0022467 9.196876 1.1363636
 106.17042 106.19246 101.180214 0.9528004 1.0002075 9.151382 1.1363636
 115.89867 116.66663 111.13168 0.9525575 1.0066262 9.2019615 1.1363636
 120.068596 121.14917 115.401924 0.9525606 1.0089997 9.268396 0.0
 40.321793 22.239809 19.957151 0.89736164 0.5515581 8.5797415 12.5
 10.094612 9.475664 8.903762 0.9396452 0.9386853 9.167515 12.5
 3.2009442 1.3082424 0.8350372 0.63828933 0.4087052 4.2588253 17.045454
 116.50881 117.316216 111.64168 0.9516304 1.00693 9.188535 1.1363636
 0.94294477 0.3180292 0.06034698 0.18975295 0.33727235 1.8023895 21.666666
 4.461455 2.8592496 1.9403456 0.6786206 0.6408783 7.194961 14.772727
 11.452139 7.6282277 5.6043406 0.73468447 0.6660963 7.3079915 11.363636
 11.154185 8.36866 7.303097 0.87267214 0.75027084 8.613078 12.5
 110.68892 112.45463 107.3646 0.95473707 1.015952 9.048035 1.1363636
 40.46267 38.22958 36.289886 0.94926196 0.9448111 9.278879 3.409091
 70.89835 76.09747 72.6442 0.9546204 1.0733321 9.305926 1.1363636
 46.521626 47.524967 44.71144 0.94079894 1.0215672 9.023955 3.409091
 9.738259 9.498614 8.989937 0.94644713 0.97539145 8.951877 5.681818
 1.0569165 0.38637543 0.08738685 0.22617082 0.36556852 1.3035768 25.0
 11.103121 3.9781337 2.3464663 0.589841 0.3582897 6.3512816 19.318182
 1.2815561 0.41941574 0.17055428 0.4066473 0.3272707 4.8702755 32.5
 10.523882 9.760571 9.226153 0.94524735 0.9274686 9.101478 14.772727
 1.6977059 0.55755866 0.1726682 0.30968618 0.32841888 3.9399488 19.318182
 122.84843 123.69544 117.40967 0.94918346 1.0068948 9.219752 1.1363636
 112.87008 113.14222 107.77731 0.95258266 1.002411 9.10023 0.0
 105.7961 104.78552 99.60683 0.95057815 0.9904479 9.197266 6.818182
 106.46518 107.26776 102.354675 0.95419794 1.0075384 9.214086 5.681818
 25.241795 23.122025 21.42737 0.9267082 0.91602135 9.557749 2.2727273
 122.168686 122.56536 116.68222 0.95199996 1.0032469 9.241434 13.636364
 53.743134 54.46523 51.889484 0.9527084 1.0134361 9.180616 0.0
 81.16361 81.55739 77.76851 0.95354337 1.0048516 9.250026 0.0
 3.0502095 0.7444139 0.13732201 0.18446997 0.24405338 1.7280236 14.772727
 3.080036 0.72234535 0.1742542 0.24123393 0.23452497 2.5822854 18.181818
 3.2270648 0.7868462 0.20475031 0.26021641 0.24382721 1.9025192 13.636364
 82.19077 82.506836 78.39926 0.9502154 1.0038455 9.201495 0.0
 81.18859 61.479153 56.64125 0.9213083 0.7572388 9.073751 14.772727
 113.01685 113.347275 108.01046 0.95291626 1.0029236 9.202435 13.636364
 6.268301 4.5362883 3.9492953 0.87060064 0.72368705 8.6482115 14.285714
 116.09831 117.62535 109.55414 0.93138206 1.013153 9.021384 4.5454545
 3.6545255 2.7015874 2.4995089 0.9252001 0.7392444 8.040978 11.904762
 119.49979 118.92404 110.96323 0.9330597 0.99518204 6.057848 1.5625
 110.372475 96.33794 90.93817 0.94394976 0.87284386 9.220351 14.772727
 62.78149 62.852726 59.759666 0.9507888 1.0011346 9.17461 15.909091
 7.2254677 6.9169297 6.504342 0.94035107 0.9572985 9.094641 9.523809
 110.3067 109.337746 103.0573 0.9425592 0.99121577 9.102828 12.5
 1.4583843 0.35689777 0.08673721 0.24303095 0.24472137 2.125803 20.0
 24.517986 23.044397 21.905817 0.95059186 0.93989766 8.484714 12.5
 1.948269 0.46963948 0.07795836 0.16599618 0.24105473 1.15066 17.857143
 115.30077 114.323586 108.04814 0.945108 0.9915249 7.7095747 10.526316
 114.56969 116.03936 110.53146 0.9525343 1.0128278 9.199243 1.1363636
 116.5673 116.6156 111.03308 0.9521288 1.0004144 9.193766 0.0
 0.43785635 0.08230382 0.08230382 1.0 0.18796992 14.5 30.0
 7.3013997 1.7270077 0.47173905 0.273154 0.23653106 1.9853901 17.045454
 1.7010217 0.35172683 0.09030558 0.2567492 0.20677386 1.9705524 19.444445
 82.32805 75.544785 69.82018 0.9242224 0.9176069 9.13088 5.681818
 98.480316 99.31653 94.23787 0.94886386 1.0084912 9.13444 0.0
 3.8113525 1.8169326 1.0163865 0.5593969 0.47671598 4.851394 14.285714
 28.642624 27.238813 25.841326 0.948695 0.95098877 8.037174 14.772727
 109.58029 108.8018 98.09444 0.9015883 0.9928957 7.0537915 1.3888888
 122.55823 125.44897 114.68473 0.9141943 1.0235866 6.454633 11.764706
 113.0 84.38134 74.830696 0.8868157 0.74673754 5.117873 13.333333
 111.81718 76.45238 64.02235 0.8374147 0.6837266 3.775049 12.5
 1.0 53.657356 51.23124 48.047 0.93784577 0.954785 443.32672 10.553656 84.0
