 11.083795 10.835566 10.32171 0.9525769 0.97760427 7.4175634 10.526316
 2.2376823 0.7727828 0.19424972 0.25136393 0.34534964 3.0099268 16.666666
 129.95418 126.31309 119.74619 0.9480109 0.9719817 9.4387865 3.409091
 134.51201 117.900116 112.13724 0.9511206 0.8765025 7.6320977 11.842105
 11.178672 10.186957 9.789615 0.96099496 0.91128516 9.526005 11.363636
 7.595583 6.543367 6.1142907 0.93442583 0.86147 9.374337 10.227273
 7.124546 5.824361 5.5272775 0.94899297 0.81750625 8.718349 12.5
 5.821707 4.373448 3.9850554 0.91119313 0.7512312 8.038004 15.909091
 1.1148112 0.50230855 0.2645637 0.5266956 0.45057726 4.890237 20.833334
 11.117354 9.076665 8.391907 0.92455846 0.81644106 8.964235 13.636364
 127.61069 118.22179 111.65442 0.9444487 0.92642546 9.4278345 5.681818
 2.2560515 0.63733184 0.19439833 0.305019 0.28249878 2.1198854 19.117647
 13.389956 8.905503 8.345917 0.937164 0.66508824 10.156718 11.363636
 6.8054094 5.6326895 5.3022976 0.94134384 0.8276782 9.112755 13.095238
 3.1665242 1.0847397 0.59926623 0.5524516 0.3425648 7.1358514 20.238094
 5.3934126 1.2741311 0.6448695 0.5061249 0.2362384 5.813073 16.666666
 2.4036274 0.7128455 0.1968376 0.2761294 0.29657075 3.1943455 19.318182
 9.502573 8.431616 8.044174 0.954049 0.88729817 9.758984 11.363636
 2.6053874 0.69270575 0.21908855 0.3162794 0.2658744 4.203944 17.045454
 3.8756554 1.1425881 0.4202055 0.36776638 0.2948116 4.3387995 16.25
 13.09995 10.418539 9.641996 0.9254653 0.79531133 9.563675 12.5
 3.77221 1.6416839 0.93546695 0.5698216 0.4352048 8.667522 19.736841
 2.6847925 0.9352966 0.32072213 0.34290954 0.3483683 3.8017056 15.909091
 6.45661 4.714583 4.461639 0.9463486 0.73019475 9.267732 17.045454
 5.8233833 5.7383223 5.470553 0.95333666 0.9853932 9.296234 4.5454545
 7.127346 6.69257 6.3123183 0.943183 0.93899894 9.263588 13.636364
 2.294306 0.9451418 0.2310069 0.24441507 0.41195104 2.2014835 18.181818
 2.3115292 0.39571807 0.056248803 0.14214364 0.1711932 1.4748732 18.181818
 13.716889 9.997434 9.268682 0.9271061 0.7288412 9.376829 12.5
 9.209638 7.558294 7.1167216 0.94157785 0.8206939 10.216347 13.095238
 142.83202 136.43823 127.71904 0.93609416 0.95523566 4.92073 0.0
 5.858541 2.8208966 2.6191692 0.9284882 0.48150155 8.341983 17.045454
 4.959263 3.6561017 3.362156 0.9196013 0.7372268 8.09547 12.5
 136.62328 129.67212 121.00166 0.93313557 0.9491217 4.9078627 10.714286
 10.758655 8.818095 8.36005 0.94805616 0.8196281 9.3264065 10.227273
 10.1737995 7.828671 4.124507 0.52684635 0.76949334 4.310254 11.363636
 142.97644 141.99178 135.34267 0.9531726 0.99311304 6.9067516 1.3888888
 4.969253 3.4547954 3.012144 0.8718734 0.69523436 9.039578 10.227273
 1.1123972 0.25429234 0.14770398 0.58084315 0.2285985 3.7754807 12.5
 8.075474 6.9109173 6.523222 0.94390106 0.855791 9.908888 14.772727
 8.33164 7.2685738 6.870029 0.9451688 0.87240607 9.085972 10.227273
 129.68282 124.539276 119.257805 0.9575919 0.96033746 9.476387 11.363636
 4.5563426 3.314546 3.1233785 0.9423247 0.7274576 9.248894 11.363636
 128.45354 121.07009 113.845345 0.9403259 0.9425205 9.511006 13.636364
 83.69833 80.41416 76.42431 0.9503837 0.96076185 9.480247 1.1363636
 5.27312 1.3882982 0.25522417 0.18383959 0.2632783 1.7145108 15.909091
 4.716189 4.148477 3.8266945 0.92243356 0.87962484 9.422452 14.285714
 2.136621 0.84907883 0.21671517 0.25523564 0.39739326 2.2794476 22.222221
 21.866508 8.592756 5.074546 0.59056085 0.39296427 6.2730536 17.857143
 10.690607 9.006123 8.241364 0.91508454 0.8424332 9.388907 11.363636
 4.9176464 3.9775443 3.6197708 0.91005164 0.8088309 9.199936 15.476191
 9.010426 6.345573 2.234878 0.35219485 0.7042479 2.43067 15.277778
 120.59633 116.994286 112.47597 0.96138006 0.9701314 9.399822 1.1363636
 8.045997 6.2668176 5.7318473 0.91463447 0.778874 8.633216 10.714286
 142.90466 142.13087 131.1653 0.92284876 0.9945853 4.536407 13.461538
 154.39973 159.51817 148.77951 0.9326806 1.0331506 4.5804105 1.9230769
 0.20222448 0.01985884 0.01985884 1.0 0.09820196 17.0 25.0
 150.4175 155.47054 145.09746 0.9332794 1.0335935 4.57079 1.9230769
 139.40367 142.05927 132.63051 0.933628 1.0190496 4.596121 1.9230769
 132.23755 135.8905 126.43039 0.93038434 1.0276241 4.549968 3.8461537
 153.67404 158.80482 148.067 0.9323835 1.0333874 4.529751 1.9230769
 1.7297174 0.44438577 0.18491362 0.41611058 0.25691235 1.9837818 14.583333
 3.1038775 1.0828853 0.39067245 0.36076993 0.34888145 2.5485635 15.0
 0.2729929 0.081316315 0.040658157 0.5 0.29786968 2.0 75.0
 9.6597595 8.646599 7.7220106 0.8930691 0.8951154 5.1543374 13.461538
 3.4117422 1.8010315 1.3795183 0.7659601 0.527892 4.1843114 15.909091
 4.4679136 1.9986365 1.4474529 0.7242202 0.447331 3.600815 14.583333
 135.07321 108.01113 92.48904 0.8562917 0.7996488 4.3458695 12.5
 127.446915 119.04967 103.919975 0.87291276 0.93411183 4.4057956 2.0833333
 1.0 39.62271 37.08889 34.33454 0.9257366 0.9360513 240.41951 13.162554 69.0
