 101.16927 82.49936 78.18341 0.947685 0.81545866 7.9175954 15.909091
 74.36356 69.17626 61.997227 0.89622116 0.93024397 3.90275 10.416667
 15.824714 13.82446 12.71182 0.91951656 0.87359935 5.5600095 10.0
 18.054317 12.473327 5.4546175 0.43730253 0.69087774 4.635952 17.045454
 10.129306 6.6690893 5.420499 0.8127794 0.65839547 5.0352836 11.666667
 6.7855606 6.3885317 5.9971933 0.9387436 0.94148916 8.230364 19.318182
 73.49932 55.139057 49.102043 0.890513 0.7501981 5.1185727 16.666666
 25.996387 16.887741 14.050731 0.83200777 0.64961874 6.438788 15.909091
 8.4361105 8.344932 7.9806767 0.9563501 0.9891919 8.226774 9.090909
 10.80059 4.647896 3.5931754 0.7730757 0.43033722 3.678871 13.461538
 9.806607 7.976653 7.4938335 0.93947095 0.8133958 8.187631 17.045454
 77.764755 54.41907 50.234806 0.9231103 0.69979095 7.8083735 12.5
 3.488474 2.2756345 1.7868637 0.7852156 0.6523295 6.975055 19.047619
 2.8357759 0.93916255 0.4160811 0.44303417 0.33118364 1.8339978 8.333333
 43.9534 24.615145 21.816214 0.8862923 0.56002825 7.7013636 14.772727
 82.385864 52.224743 48.4481 0.92768484 0.63390416 7.8672123 13.636364
 73.90031 36.16012 30.052462 0.83109415 0.48930946 5.331849 14.0625
 100.87669 102.99581 97.92072 0.95072526 1.021007 7.9629855 7.9545455
 94.629524 73.81114 66.18667 0.89670295 0.7800012 4.6057863 16.071428
 46.945904 24.42301 20.007078 0.8191897 0.5202373 6.391511 14.772727
 10.952002 10.4445095 9.928167 0.9505633 0.95366216 6.9005895 11.363636
 85.91147 52.99324 49.855347 0.9407869 0.6168354 7.9205556 17.045454
 95.46805 78.51417 74.215775 0.9452533 0.822413 7.8760056 9.090909
 97.03468 78.32664 74.17207 0.9469585 0.8072025 7.5761447 12.5
 77.750374 72.28006 67.12908 0.92873585 0.9296426 6.070788 10.294118
 7.813211 7.442769 6.9851336 0.93851274 0.9525877 7.404982 12.5
 8.691036 8.455373 7.9451847 0.9396611 0.9728843 6.664375 6.5789475
 77.80085 50.639618 44.353394 0.8758635 0.6508877 4.581468 12.5
 10.7635765 10.641293 10.153011 0.95411444 0.9886391 7.6246324 7.9545455
 8.793849 8.86331 8.446026 0.95292014 1.0078988 7.5951605 4.5454545
 11.053 8.789642 7.9128847 0.90025103 0.7952268 6.9414635 12.5
 5.6139054 4.7192245 4.573518 0.9691249 0.84063125 8.193397 13.095238
 9.595615 9.270383 8.726045 0.94128203 0.9661062 6.8129544 11.111111
 103.238625 79.548416 57.011635 0.716691 0.7705296 5.826598 11.764706
 84.70219 77.52408 74.33358 0.958845 0.91525483 7.939997 12.5
 95.85583 93.8372 89.393745 0.9526472 0.978941 8.05325 3.409091
 86.26712 59.281555 54.320854 0.91631967 0.687186 7.4740586 12.5
 7.4387007 7.290938 6.9363346 0.9513638 0.9801359 7.8313723 11.363636
 9.9747095 9.524443 8.730766 0.9166695 0.9548592 8.504303 6.818182
 82.05992 79.267975 71.85749 0.9065135 0.9659768 4.44596 1.9230769
 5.5506854 4.889841 4.514377 0.92321557 0.8809436 7.7367153 13.636364
 84.84189 50.92504 42.981625 0.8440175 0.6002347 3.738979 14.583333
 62.23395 65.11357 62.677704 0.9625905 1.0462708 7.941236 0.0
 11.423136 9.724977 8.979098 0.92330277 0.8513404 6.5566134 13.157895
 106.83168 88.30538 84.12483 0.952658 0.8265843 7.9507732 13.636364
 97.62665 90.23942 86.12064 0.95435727 0.92433184 7.9843864 13.636364
 9.200405 8.758423 8.206411 0.9369736 0.9519606 6.6205153 7.894737
 9.862294 6.3264065 3.7811544 0.59767807 0.6414741 6.103558 15.909091
 2.8930507 1.2238038 0.60763896 0.4965167 0.42301497 3.459485 16.071428
 8.077937 8.112384 7.785888 0.9597535 1.0042642 8.372752 11.363636
 75.408844 45.34459 39.668434 0.8748218 0.6013166 7.4802856 13.636364
 3.1838946 0.7346625 0.16155948 0.21990979 0.23074335 1.7874514 21.052631
 11.054205 9.947844 8.768067 0.88140386 0.8999149 6.011818 12.5
 2.3295324 1.2546461 0.99829894 0.7956817 0.5385828 5.7721734 14.285714
 1.256047 0.43326223 0.16476846 0.38029733 0.34494108 5.272956 16.666666
 81.66716 85.10012 81.483284 0.95749897 1.042036 8.210879 6.818182
 90.44684 91.4455 86.2481 0.9431639 1.0110415 6.5223217 0.0
 9.677272 9.312207 8.871007 0.95262134 0.9622761 8.069146 10.227273
 4.4491253 3.2469454 2.7081447 0.83405924 0.7297941 7.945996 13.636364
 62.92198 62.595833 59.825542 0.9557432 0.9948166 7.781312 10.227273
 10.370266 8.106334 7.667816 0.9459044 0.78169006 7.308174 15.909091
 35.441086 10.283841 5.7616034 0.5602579 0.29016724 4.1877165 13.636364
 10.239089 8.832843 8.296982 0.9393331 0.8626591 7.716352 14.772727
 59.97867 60.66121 57.59079 0.9493841 1.0113797 7.898443 2.2727273
 12.76558 12.93718 12.151942 0.9393039 1.0134424 6.4670253 5.5555553
 11.38104 11.391869 10.844049 0.95191133 1.0009515 6.5967116 11.363636
 93.66596 86.419014 80.654076 0.93329084 0.9226299 8.398916 5.681818
 8.6584635 7.7690654 7.181047 0.92431283 0.8972799 6.3421273 12.5
 3.521799 3.0541813 2.7568853 0.90265936 0.86722195 7.4280725 12.5
 3.291218 1.8712056 1.6331621 0.87278605 0.568545 7.330169 15.476191
 80.07724 47.9685 39.96248 0.83309835 0.5990279 7.064426 14.772727
 11.299669 4.336998 3.010197 0.69407386 0.38381636 7.3814216 18.181818
 97.78145 76.55203 72.94451 0.9528749 0.7828892 7.919918 15.909091
 6.528088 4.940329 4.098456 0.8295917 0.7567804 7.331585 11.363636
 10.422696 8.311602 7.78382 0.93650067 0.7974521 6.548208 12.5
 83.50563 76.277855 72.77234 0.95404285 0.91344565 7.928332 15.909091
 92.11529 88.42693 84.413795 0.9546163 0.9599594 8.027117 4.5454545
 4.685803 4.5244317 4.105416 0.90738815 0.9655617 7.355365 13.75
 1.0249808 0.30284286 0.06872419 0.22693022 0.29546198 1.8036573 26.785715
 82.2206 79.12933 73.852974 0.9333198 0.9624028 6.0842466 10.294118
 11.166393 8.891656 8.109128 0.911993 0.7962871 8.333114 14.772727
 99.03476 98.24898 92.443954 0.94091517 0.99206567 6.418774 0.0
 6.174478 3.6547916 3.2522025 0.88984627 0.59191906 8.111705 14.772727
 15.587603 16.077868 11.44378 0.71177226 1.0314523 8.005605 7.9545455
 10.831754 9.2067375 8.435411 0.9162216 0.8499766 7.229555 17.045454
 7.1925015 5.1374774 3.335731 0.64929354 0.7142824 4.2843018 13.636364
 2.279209 1.5981636 0.9934789 0.6216378 0.70119226 7.2934356 20.0
 87.26394 85.80894 81.460106 0.9493196 0.98332644 7.305826 3.75
 18.550673 9.953058 8.805899 0.8847431 0.53653353 8.018515 15.909091
 83.079506 54.731014 49.73558 0.9087275 0.6587788 7.6387568 15.909091
 2.1005461 0.679207 0.1472815 0.21684332 0.3233478 2.1174443 19.047619
 6.5939507 4.3121157 3.6475012 0.8458728 0.6539502 4.9269767 15.277778
 6.807833 4.899352 4.458001 0.90991646 0.719664 8.207257 15.909091
 33.240578 33.813076 32.330875 0.95616484 1.0172229 8.049335 10.227273
 11.241527 10.033444 9.471104 0.94395334 0.892534 7.695019 11.363636
 11.507433 9.508641 9.142598 0.96150416 0.82630426 8.00223 12.5
 3.7841432 2.4229822 2.1950788 0.9059409 0.6402988 8.043999 15.476191
 89.6651 53.049805 46.55227 0.8775201 0.59164387 4.9768167 11.666667
 4.159078 1.6458033 0.8848439 0.53763646 0.3957135 5.2575097 17.857143
 7.3567214 2.9402544 2.0732727 0.70513374 0.3996691 6.6335425 18.181818
 4.5492425 3.888672 3.4115796 0.87731224 0.8547955 7.2886877 13.636364
 5.4157453 4.5428195 4.1870027 0.9216749 0.83881706 7.0261335 14.772727
 12.068177 10.225143 9.6988535 0.94852984 0.8472815 5.78019 11.363636
 5.7519097 4.41014 3.7702897 0.85491383 0.76672626 6.838541 14.285714
 76.584755 48.918056 45.271366 0.9254531 0.63874406 7.986519 15.909091
 4.9948483 4.085259 3.7850416 0.92651206 0.81789446 8.11532 13.636364
 77.3023 48.086597 40.275726 0.83756655 0.6220591 4.352631 16.071428
 14.502878 5.8817716 3.936606 0.6692892 0.4055589 5.389338 10.714286
 10.699031 8.542869 7.9889464 0.93515974 0.7984712 7.0264254 15.0
 86.15286 57.544006 52.586487 0.91384816 0.6679292 5.1188564 18.333334
 89.31605 60.718838 55.47651 0.9136622 0.67982006 6.1237497 17.105263
 97.1297 72.42984 65.54665 0.9049676 0.74570227 5.0363665 16.666666
 91.996346 94.107544 89.37071 0.9496658 1.0229486 6.419719 9.722222
 3.9370077 1.5515856 1.0364778 0.668012 0.39410275 7.050479 16.666666
 96.82554 71.17842 65.63073 0.92205936 0.7351203 5.1949306 11.666667
 73.31222 73.18827 66.15434 0.9038927 0.9983093 3.8289592 4.1666665
 102.15716 74.02504 68.040184 0.91915095 0.7246192 5.1717167 13.333333
 98.55848 72.348656 66.959335 0.925509 0.73406833 4.8336987 16.071428
 14.435223 13.720044 12.44815 0.90729666 0.950456 4.980599 10.714286
 10.466373 11.176719 9.959296 0.89107513 1.0678693 4.4437675 13.461538
 9.073072 6.6657033 5.2015166 0.7803402 0.7346688 3.8851736 10.416667
 1.0 39.844486 32.00436 29.270378 0.9145747 0.8032319 214.461 12.616777 121.0
