 9.300756 8.801409 7.3901615 0.83965665 0.94631106 9.982255 14.772727
 7.942718 5.980155 5.312414 0.88834053 0.75291044 9.133312 13.636364
 102.06645 84.34975 76.33162 0.9049419 0.8264199 9.272871 9.090909
 90.68512 78.85982 73.11219 0.9271159 0.86960036 9.358921 9.090909
 88.407524 84.7792 77.98217 0.9198267 0.9589591 9.370897 0.0
 10.24673 8.797669 8.163568 0.92792386 0.85858315 9.288875 13.636364
 97.9759 90.73274 84.47461 0.9310267 0.92607206 9.270603 6.818182
 105.15532 84.287796 76.68298 0.9097757 0.8015552 9.225665 12.5
 7.566715 6.7416205 6.184633 0.9173808 0.8909574 9.287551 11.363636
 102.61853 88.82838 81.38091 0.916159 0.8656173 9.461076 13.636364
 66.144264 45.15157 35.40744 0.7841907 0.6826226 8.171773 12.5
 22.000479 13.773089 11.60381 0.8424987 0.62603587 8.8661585 14.772727
 104.71514 90.312675 83.45891 0.9241107 0.8624605 9.420696 14.772727
 0.8190211 0.23372853 0.035661496 0.15257657 0.28537545 1.5635307 30.0
 87.86231 84.39087 77.8948 0.923024 0.9604899 9.451709 9.090909
 100.86723 84.710396 75.75718 0.8943079 0.83982074 8.57467 10.227273
 85.59853 80.60372 74.09591 0.9192617 0.94164836 9.45061 17.045454
 6.4211555 3.8793776 2.9938054 0.7717231 0.6041557 7.1469584 11.25
 97.532814 77.0179 69.06336 0.8967184 0.78966135 7.191607 16.17647
 0.4634966 0.15449888 0.043995906 0.2847652 0.33333334 3.011659 40.0
 3.1723247 0.9441199 0.23678234 0.2507969 0.29761136 1.432712 16.071428
 98.07156 80.466354 73.62469 0.9149748 0.8204861 4.7001996 8.928572
 92.39044 98.994774 90.27531 0.9119199 1.0714829 4.806094 5.357143
 108.18219 95.14971 85.520325 0.8987976 0.87953216 4.678375 8.928572
 40.318634 26.412142 17.429016 0.65988654 0.6550852 5.512683 10.714286
 112.34814 99.90249 90.00734 0.9009519 0.8892225 4.7669153 5.357143
 107.28293 113.541115 103.8382 0.91454273 1.0583335 4.837851 0.0
 84.68001 85.29711 77.54504 0.90911686 1.0072875 4.7915134 8.928572
 101.16961 106.607635 96.8278 0.90826327 1.0537516 4.8830194 1.7857143
 87.65427 80.085785 72.40544 0.9040985 0.91365534 4.7824917 10.714286
 82.20332 81.187126 73.76572 0.9085889 0.98763794 4.9819474 8.928572
 90.487144 91.675354 82.89617 0.90423614 1.0131313 4.774154 0.0
 114.868126 121.412155 109.847855 0.90475166 1.0569699 4.297344 1.9230769
 116.33609 127.06312 115.34746 0.90779656 1.0922072 3.926997 2.0833333
 57.443527 48.393467 42.580654 0.8798843 0.84245294 3.8181899 12.5
 1.0 71.17139 65.12911 58.84337 0.90348804 0.9151024 431.4932 10.931478 35.0
