 44.006386 42.580723 39.643486 0.93101954 0.9676032 8.160975 0.0
 1.7326404 0.38689244 0.098781005 0.25531903 0.22329646 2.0863903 19.117647
 13.328893 12.674232 10.663282 0.84133565 0.950884 6.758932 14.772727
 11.045822 9.311525 7.5819483 0.8142541 0.8429907 7.711626 7.9545455
 7.067321 6.3693933 6.0441403 0.948935 0.90124583 7.6654058 11.363636
 83.77058 55.359062 45.635395 0.8243528 0.66084135 5.6355124 10.294118
 85.41291 49.76935 45.27929 0.9097827 0.58269113 8.169193 13.636364
 6.9982414 5.4497795 4.99636 0.9168003 0.7787356 8.272137 13.636364
 1.5296732 0.47704124 0.07600433 0.15932444 0.31185827 1.6380987 18.75
 6.976524 6.4542675 5.995335 0.92889476 0.92514086 7.4534674 11.904762
 100.27153 66.15657 60.072945 0.90804195 0.65977424 8.096566 11.363636
 10.3236475 8.409561 6.9488997 0.8263095 0.814592 3.9317894 10.416667
 126.3907 92.29487 83.91492 0.90920454 0.7302346 8.050122 15.909091
 104.85082 67.92937 61.083786 0.899225 0.64786685 7.969129 9.090909
 9.77684 7.967537 6.911106 0.86740816 0.81493986 8.4250555 13.636364
 5.3546286 3.8516026 3.1280098 0.812132 0.7193034 7.1102023 15.476191
 10.546165 9.422802 8.781158 0.9319052 0.8934814 8.335144 6.818182
 2.450659 0.48765603 0.1100753 0.22572325 0.19898975 2.292372 15.909091
 6.127693 3.9510412 3.583655 0.9070153 0.64478445 8.091297 13.636364
 2.619134 0.7888222 0.37919724 0.48071322 0.30117673 4.7115445 17.857143
 5.2131915 3.4947114 2.9797337 0.85264087 0.6703593 7.619231 13.636364
 3.35926 0.7651736 0.15173742 0.19830458 0.2277804 1.6888479 17.045454
 0.5881397 0.24127023 0.0422455 0.1750962 0.41022605 1.6289625 35.714287
 5.7243958 2.4811227 1.6696595 0.67294514 0.43342966 5.672509 15.476191
 0.96490353 0.38633943 0.060206804 0.15583915 0.4003918 1.1605445 27.777779
 107.84976 79.14448 71.87869 0.908196 0.7338401 7.9151325 13.636364
 4.202043 1.1346503 0.17026438 0.1500589 0.2700235 1.4417567 15.909091
 6.8859396 5.5669703 5.239989 0.94126403 0.8084547 8.2919445 15.909091
 14.378425 11.769271 10.899132 0.9260668 0.8185369 7.1700096 15.909091
 91.20023 59.245903 53.189594 0.8977768 0.64962447 8.081043 15.909091
 113.24868 78.33291 71.20232 0.9089706 0.6916894 8.120132 12.5
 45.199097 10.635833 1.387508 0.13045597 0.23531073 1.2765719 19.318182
 7.1779604 5.0717063 4.4672184 0.8808117 0.7065665 8.025678 14.285714
 112.83584 85.67941 78.23857 0.91315484 0.759328 6.472562 13.888889
 98.057686 104.20797 98.21247 0.942466 1.0627211 6.147257 14.705882
 88.168755 92.70731 86.9602 0.938008 1.0514759 6.20641 1.4705882
 88.76131 90.61249 84.992516 0.93797797 1.0208557 6.184148 8.823529
 104.93196 110.13095 103.97655 0.9441174 1.0495464 6.130848 13.235294
 107.53601 110.70473 103.3899 0.9339249 1.0294665 6.0904045 5.882353
 98.17644 104.29629 98.303406 0.94253993 1.0623353 6.0807934 4.4117646
 94.80257 95.04862 89.29897 0.9395083 1.0025954 6.1125793 8.823529
 1.0 44.87423 36.628056 33.35704 0.9106965 0.81623805 251.12482 13.556398 41.0
