 16.358368 16.61706 15.945097 0.95956194 1.015814 8.238361 1.1363636
 5.6487646 1.7182786 0.3106362 0.18078336 0.30418664 1.903977 18.181818
 12.7110615 12.153469 11.637407 0.95753795 0.9561333 8.31127 10.227273
 11.80051 9.298865 7.276959 0.7825642 0.7880053 7.716579 12.5
 16.882671 17.297699 16.614222 0.9604873 1.0245831 8.132637 4.5454545
 13.793456 13.438801 12.781631 0.95109916 0.9742881 7.960765 4.5454545
 15.01337 14.148036 13.459783 0.95135343 0.9423624 8.39612 2.2727273
 12.832528 12.628184 12.114176 0.9592967 0.9840761 7.887727 9.090909
 11.439712 11.460941 11.008384 0.96051306 1.0018559 8.24102 13.636364
 16.29859 16.04748 15.278206 0.95206267 0.98459315 8.261773 6.818182
 15.161451 14.849463 14.228228 0.95816445 0.9794223 8.440545 10.227273
 20.68987 20.211178 19.128036 0.94640887 0.9768634 8.266958 9.090909
 20.75399 20.00467 19.011543 0.9503553 0.963895 8.077515 15.909091
 8.313365 8.548727 8.263301 0.96661186 1.0283113 8.675272 4.7619047
 12.119886 9.642302 9.253948 0.959724 0.7955769 8.159862 15.909091
 6.4486685 1.5198787 0.41649926 0.27403453 0.23568878 3.2002418 15.909091
 23.637236 23.825384 22.928257 0.9623457 1.0079598 8.059363 7.9545455
 21.389715 20.821686 19.99949 0.9605125 0.9734438 8.000941 13.636364
 10.404554 10.743873 10.334782 0.96192336 1.0326124 8.449004 2.2727273
 17.766481 18.417118 17.7444 0.96347326 1.0366216 7.9202166 4.5454545
 9.595455 8.565176 8.111389 0.9470195 0.8926284 8.010825 13.636364
 18.346607 18.17084 17.39801 0.95746875 0.99041957 8.329452 7.9545455
 16.956257 16.918545 16.20359 0.9577414 0.99777585 8.212092 4.5454545
 5.9044337 2.9882827 2.3934214 0.8009354 0.5061083 7.2273264 19.318182
 14.987163 13.753425 13.062375 0.94975436 0.9176804 7.654819 11.363636
 11.259141 8.787403 6.9794574 0.7942571 0.78046834 7.314814 13.636364
 10.629277 10.597595 10.19145 0.96167576 0.99701935 8.297707 4.5454545
 6.9476404 5.3343644 4.998702 0.93707544 0.7677951 7.6486087 14.772727
 8.747255 8.542189 7.709554 0.9025268 0.9765565 8.228051 11.363636
 2.9528623 0.91724604 0.16099165 0.17551632 0.31062946 1.608323 20.0
 7.578314 5.1702237 4.7491255 0.91855323 0.6822393 8.068983 15.909091
 1.8932515 0.46260366 0.088503174 0.19131534 0.24434347 1.7819866 17.857143
 2.221115 0.77357054 0.24327785 0.31448698 0.34828025 1.980261 15.909091
 11.183463 8.651085 8.113571 0.9378675 0.77356046 7.969066 17.045454
 20.150585 18.472843 17.795225 0.96331817 0.91673976 8.267789 12.5
 10.654924 9.787907 9.075755 0.92724174 0.91862756 8.821889 10.227273
 5.091322 1.2288433 0.14493541 0.11794459 0.24136037 1.0581701 14.772727
 11.4820595 8.683305 8.116854 0.9347655 0.7562498 7.653112 14.772727
 7.969281 3.2844174 2.2226877 0.67673725 0.4121347 5.1234674 18.181818
 18.44702 17.41346 16.375029 0.9403662 0.9439714 8.020996 9.090909
 20.808577 7.2277966 5.198916 0.7192947 0.34734702 5.7540164 15.909091
 2.758087 0.7189833 0.13416392 0.18660228 0.26068187 1.0350177 15.789474
 3.6931288 1.0649292 0.33820537 0.31758484 0.28835422 3.534423 14.772727
 20.276161 19.87286 18.812513 0.9466435 0.9801097 7.981354 5.681818
 12.914325 11.36134 10.821911 0.95252067 0.87974715 8.293396 13.636364
 10.89564 10.747091 10.305328 0.95889467 0.9863662 8.450644 2.2727273
 6.2977133 6.087124 5.6372194 0.9260892 0.96656096 7.95825 10.227273
 58.788197 59.28511 53.625633 0.904538 1.0084527 5.07612 1.7857143
 2.7991266 0.66685385 0.10659818 0.15985239 0.23823641 1.6677963 18.181818
 19.75624 17.311337 16.036926 0.92638284 0.8762465 4.745868 7.142857
 32.134083 30.786987 29.262022 0.9504672 0.95807886 8.220827 9.090909
 63.2777 63.1016 60.187912 0.9538254 0.9972171 8.031631 3.409091
 16.977478 17.516472 16.787916 0.95840734 1.0317476 7.957593 9.090909
 16.899391 13.610573 12.971194 0.9530234 0.8053884 8.788361 13.636364
 9.159046 8.191988 7.8065186 0.9529456 0.89441496 8.058054 9.090909
 8.538024 7.326574 6.670078 0.9103952 0.85811114 4.6514993 12.5
 63.07191 64.96844 62.772175 0.9661949 1.0300692 8.320946 0.0
 10.226363 6.6115417 6.3835826 0.96552104 0.64651936 8.622023 18.181818
 6.9487977 4.986477 4.6941314 0.94137233 0.71760285 8.469405 17.045454
 32.111935 30.136377 28.748491 0.9539465 0.938479 7.298634 4.7619047
 9.857891 8.976154 8.570423 0.95479906 0.9105552 8.225399 9.090909
 14.598526 11.292012 10.921963 0.96722907 0.77350366 7.5789757 13.636364
 38.857838 40.15923 38.531185 0.95946026 1.0334911 8.779478 1.1363636
 6.379039 3.2242048 2.4692516 0.7658483 0.50543743 6.370205 15.909091
 6.255766 4.418446 3.8543081 0.87232214 0.7062997 6.858005 13.636364
 3.0148346 1.053595 0.42705652 0.40533274 0.34947023 4.3640785 19.444445
 23.067112 22.442911 21.458775 0.9561493 0.97293985 8.156258 15.909091
 14.450352 14.389026 13.767753 0.9568231 0.99575615 8.366919 11.363636
 17.348257 16.139582 15.254499 0.9451608 0.9303287 7.1176524 6.818182
 16.518513 17.590631 17.033554 0.96833104 1.0649041 8.700714 12.5
 10.174539 7.1346 6.4799404 0.90824157 0.701221 7.5544477 13.095238
 11.583296 7.976428 7.0290923 0.8812331 0.6886147 6.782692 17.045454
 9.064441 5.1210294 4.6100674 0.9002227 0.56495816 6.8582864 18.181818
 5.9516945 4.6551943 4.3778467 0.9404218 0.78216285 8.47923 13.636364
 10.3656025 9.571415 8.967034 0.93685573 0.92338234 6.0385137 10.294118
 12.057961 11.525253 11.108532 0.9638428 0.95582104 8.290048 3.409091
 16.66369 15.006059 14.290824 0.95233697 0.9005243 8.400785 10.227273
 30.974361 27.416502 25.370388 0.92536926 0.8851353 8.960913 11.363636
 86.29777 87.40475 83.452065 0.9547773 1.0128274 8.241028 9.090909
 14.418464 14.39244 13.785153 0.95780516 0.9981951 8.149656 12.5
 16.920326 16.349575 15.498723 0.9479588 0.9662682 8.206193 6.818182
 4.709786 0.99579805 0.28569326 0.2868988 0.2114317 2.3253245 18.181818
 29.832571 18.027386 14.239631 0.78988886 0.60428536 6.974568 12.5
 22.41231 22.206438 21.303598 0.9593433 0.9908144 8.101349 5.681818
 11.289064 11.744371 11.182586 0.95216554 1.0403317 8.307782 2.2727273
 20.230799 20.51543 19.73142 0.96178436 1.0140692 8.03894 6.818182
 13.106432 10.975859 10.346413 0.9426518 0.8374406 7.972491 13.636364
 11.393879 11.400767 10.850854 0.95176524 1.0006045 8.120149 12.5
 15.748278 14.518868 13.796862 0.9502711 0.9219337 7.8838887 14.772727
 11.061964 10.090575 9.512319 0.9426935 0.9121866 8.3569 13.636364
 18.043152 18.527023 17.930197 0.96778613 1.0268176 8.375443 3.409091
 12.655173 9.784739 9.261589 0.9465341 0.77318096 8.132603 14.772727
 26.416183 26.1109 24.9349 0.95496136 0.9884433 7.716633 2.3809524
 79.2575 51.956356 48.902157 0.94121605 0.6555387 8.046164 18.181818
 8.169058 3.1868234 2.512488 0.7883988 0.39010906 7.0916214 15.909091
 10.478578 3.9598327 2.110182 0.5328968 0.37789792 4.4514146 18.181818
 101.62281 99.48735 94.95542 0.95444715 0.97898644 8.254053 10.227273
 18.693754 18.457378 17.624441 0.95487237 0.98735535 8.068501 4.5454545
 9.151121 2.0760434 1.0565928 0.50894547 0.22686219 6.026234 20.454546
 17.839542 13.073046 12.342713 0.9441345 0.7328128 7.637045 14.772727
 17.965853 16.69696 15.888448 0.9515773 0.92937195 8.038592 10.227273
 7.7693667 6.107445 5.548739 0.9085205 0.78609306 8.611594 13.636364
 10.0994005 10.31899 9.9651 0.9657051 1.0217428 8.377785 7.9545455
 2.598487 0.870595 0.23580824 0.2708587 0.33503923 3.324341 13.75
 47.66842 48.289295 46.195587 0.9566424 1.0130249 8.472208 11.363636
 32.310806 19.995975 15.785053 0.78941154 0.6188634 7.9828787 10.227273
 9.147938 8.895326 8.3898945 0.9431802 0.9723859 7.9713955 7.9545455
 9.270403 4.061142 3.7097914 0.9134848 0.43807608 7.4180965 17.045454
 18.295612 19.367447 18.485132 0.95444345 1.0585842 7.7037168 12.5
 12.65571 12.796052 12.191709 0.95277107 1.0110892 8.219438 12.5
 18.547426 18.836655 18.043165 0.95787525 1.0155939 8.10139 4.5454545
 4.553057 3.7682838 3.5045207 0.93000436 0.82763815 7.8982735 11.904762
 28.295572 28.059855 26.819777 0.95580596 0.9916694 7.9601927 11.363636
 15.007459 13.539351 12.826359 0.94733924 0.90217483 8.250901 15.909091
 9.097394 2.147109 0.53404766 0.24872872 0.23601364 1.8926239 17.045454
 25.134533 24.988012 23.887403 0.9559545 0.99417055 8.124027 10.227273
 9.086902 4.873063 3.6138046 0.7415879 0.5362733 7.2219567 15.909091
 106.009636 106.08266 100.63255 0.948624 1.0006888 6.941593 1.3157895
 7.18405 5.4611773 3.7031357 0.6780838 0.76018083 3.462893 5.769231
 17.608627 17.496323 16.703953 0.9547123 0.9936221 8.15333 11.363636
 8.225869 6.4175563 6.172568 0.9618253 0.7801675 8.933651 12.5
 13.691568 10.904376 9.375116 0.85975724 0.79643 9.205136 7.9545455
 7.570331 4.9479136 4.5254755 0.91462296 0.65359277 7.7687883 15.909091
 18.66026 18.303846 17.526081 0.95750815 0.9808999 8.27674 7.9545455
 13.91428 12.535274 11.866307 0.9466332 0.90089273 7.936912 13.636364
 14.792814 14.501493 13.792316 0.95109624 0.9803066 8.20051 5.681818
 15.587856 16.214853 15.51585 0.9568912 1.0402235 8.087772 6.818182
 13.595784 13.620581 11.280679 0.8282083 1.0018238 8.013484 7.9545455
 17.673452 16.341557 15.658653 0.9582107 0.92463857 8.268095 9.090909
 4.9299836 3.0083933 2.6116478 0.86812043 0.6102238 6.9226665 14.772727
 16.64839 16.264288 15.574194 0.95757 0.97692853 8.056323 7.9545455
 94.2287 93.43208 87.567924 0.93723613 0.9915459 8.102074 2.2727273
 2.5669842 0.819145 0.18903589 0.2307722 0.31910795 1.8031851 20.0
 5.8423386 3.116098 2.7747123 0.8904445 0.53336483 6.378438 14.772727
 2.5496218 1.40143 0.7916891 0.5649152 0.5496619 3.2737985 15.277778
 11.599759 11.726542 11.542712 0.98432356 1.0109298 8.831079 7.9545455
 13.545538 13.480334 12.872266 0.95489216 0.9951863 8.099818 11.363636
 18.502977 17.900862 17.189758 0.9602754 0.9674585 8.28235 7.9545455
 13.672674 13.875749 13.183198 0.95008916 1.0148526 8.207545 11.363636
 16.998753 16.957628 16.128359 0.95109755 0.99758077 8.219353 9.090909
 16.34305 16.659124 16.169477 0.9706079 1.0193399 8.145467 2.2727273
 14.109042 13.975287 13.443801 0.9619695 0.99051994 8.227233 10.227273
 14.571593 14.81571 14.250224 0.96183205 1.0167528 8.177026 14.772727
 19.131208 18.55338 17.913168 0.96549356 0.9697965 8.468363 9.090909
 6.407694 5.0663066 4.6091375 0.9097629 0.7906599 7.309416 12.5
 22.587242 22.664837 21.65165 0.95529693 1.0034354 7.9114127 7.9545455
 15.009902 12.731298 12.036486 0.94542485 0.8481933 8.274126 11.363636
 12.243308 11.879286 11.177338 0.9409099 0.97026765 6.709141 10.227273
 17.160244 16.708252 16.04379 0.96023154 0.9736605 8.245648 13.636364
 10.240223 8.441331 7.823472 0.92680544 0.8243308 6.997568 13.636364
 97.83616 101.17346 97.09499 0.9596884 1.0341111 8.243927 3.409091
 33.399204 33.64975 32.279316 0.95927364 1.0075015 8.095245 6.818182
 14.4905815 14.377446 13.71208 0.9537215 0.9921925 8.20886 13.636364
 17.921827 16.3451 15.604168 0.9546694 0.912022 8.257389 11.363636
 9.406511 7.249519 5.781094 0.79744524 0.7706916 7.0652122 10.227273
 10.948234 9.002167 8.494382 0.943593 0.82224834 8.109324 12.5
 4.9463863 2.8760285 2.2906053 0.79644734 0.5814403 5.0561986 12.5
 20.085161 20.37898 19.467855 0.9552909 1.0146286 8.350157 12.5
 99.34122 100.13836 95.030014 0.9489871 1.0080243 6.957157 15.789474
 15.192684 12.411597 11.79364 0.9502113 0.8169456 8.311785 15.909091
 16.608906 8.917932 8.121069 0.9106448 0.5369367 8.055572 17.045454
 20.777334 19.788475 18.98003 0.95914567 0.95240676 8.257907 13.636364
 11.118403 5.863614 5.141549 0.87685674 0.52737916 7.906287 17.045454
 10.140185 3.3435762 0.8232483 0.2462179 0.32973522 3.1264098 17.045454
 13.035628 11.695639 11.1945915 0.9571595 0.89720553 7.8114715 10.227273
 10.336146 9.377184 8.784226 0.93676597 0.90722245 7.7373695 10.227273
 9.372265 8.27439 7.3901944 0.8931407 0.88285923 4.0205927 14.583333
 24.227009 24.143448 23.116467 0.9574634 0.99655086 8.395628 12.5
 8.956012 6.7121797 6.2367363 0.92916703 0.7494608 7.4592595 18.181818
 11.233475 10.189272 9.513122 0.93364096 0.9070454 8.614795 13.636364
 11.174549 11.24482 10.744741 0.95552814 1.0062884 8.221341 11.363636
 13.007632 12.156274 11.453238 0.9421668 0.9345493 8.239983 7.9545455
 83.861725 42.178516 35.385773 0.83895254 0.5029531 7.075918 15.909091
 19.020226 17.887897 16.835775 0.94118255 0.9404671 9.280403 14.772727
 52.188606 53.249348 50.924046 0.9563318 1.0203252 6.8102217 3.9473684
 5.0143437 1.3474127 0.3720514 0.2761228 0.2687117 2.3252554 13.636364
 53.603817 29.51241 20.501593 0.694677 0.5505655 5.3001823 15.909091
 11.02413 10.867359 10.302562 0.948028 0.98577935 8.121653 11.363636
 2.6299615 1.1296295 0.46130687 0.40837005 0.42952323 2.9474244 19.444445
 25.725754 21.662355 20.390255 0.94127595 0.84204936 7.5611844 7.9545455
 9.3733225 6.4359465 6.094481 0.946944 0.6866239 8.089667 11.363636
 11.014916 8.993101 8.058015 0.89602184 0.8164475 8.573053 14.772727
 97.351845 99.04677 95.17553 0.9609151 1.0174103 8.21667 0.0
 14.328353 13.02836 12.411873 0.95268106 0.9092713 8.277778 12.5
 9.565791 7.525373 7.1261244 0.9469463 0.7866964 6.3594546 13.888889
 17.364887 16.574347 15.832531 0.95524323 0.9544747 7.9193068 14.772727
 11.886959 7.8729815 7.3111725 0.9286409 0.6623209 6.3811145 16.666666
 9.416006 3.2291944 2.1890485 0.6778931 0.34294736 4.7851815 15.909091
 12.818432 10.855978 10.452859 0.96286666 0.84690374 7.3485355 14.772727
 25.196465 21.930832 20.211945 0.92162234 0.8703932 8.458247 12.5
 107.14951 76.46323 71.71856 0.9379484 0.7136124 8.292161 17.045454
 10.279266 8.771399 8.333672 0.9500961 0.8533098 8.443048 12.5
 10.451963 9.370107 8.998619 0.960354 0.8964925 8.181549 11.363636
 14.904389 14.794356 14.187356 0.95897084 0.9926174 7.988772 14.772727
 18.22891 15.362213 14.139565 0.92041206 0.842739 7.4817967 13.636364
 6.9676414 4.193673 3.7745118 0.9000491 0.60187846 7.695713 19.318182
 5.1851745 1.9112511 1.5650274 0.8188497 0.36859918 5.732369 16.666666
 9.150554 9.1191 8.673971 0.9511872 0.9965626 7.3220205 11.363636
 10.112721 8.78293 8.130793 0.9257495 0.8685031 7.65697 16.25
 7.1751075 6.4845815 6.0883446 0.9388955 0.9037609 6.313316 13.157895
 4.7405853 3.393221 2.664524 0.7852492 0.71578103 5.018654 15.625
 18.994436 19.07144 18.24205 0.9565115 1.004054 7.7776165 10.714286
 7.998801 6.5046945 5.926868 0.91116774 0.81320864 7.4981384 15.0
 94.17744 93.537224 84.4657 0.903017 0.9932021 3.9972103 2.0833333
 17.093954 14.978292 14.031852 0.93681246 0.87623334 7.519098 10.0
 91.56641 68.5824 60.242905 0.87840176 0.74899083 3.9420843 10.416667
 106.931404 117.90489 110.99532 0.9413971 1.1026217 6.5092025 4.1666665
 21.054277 22.215698 20.417883 0.9190745 1.0551633 3.6582298 8.333333
 17.162802 16.245619 14.850082 0.91409767 0.9465599 6.196806 11.764706
 68.98626 40.470356 36.16731 0.8936741 0.5866437 5.8876634 14.705882
 19.503666 20.313648 19.52339 0.9610972 1.0415297 5.220798 9.375
 12.966444 12.353547 11.300289 0.9147404 0.9527321 5.0935755 11.666667
 15.473988 15.553527 14.279114 0.9180627 1.0051402 5.277485 3.3333333
 6.9847803 4.590322 3.6738071 0.80033755 0.6571892 3.5939968 10.416667
 19.070736 19.63985 17.198338 0.8756858 1.0298423 4.1586018 12.5
 7.1244464 2.7827609 1.6076889 0.5777316 0.3905933 2.0484438 14.583333
 17.668627 14.473736 12.592256 0.8700073 0.8191772 3.9524033 10.416667
 52.757698 60.28532 55.825165 0.9260159 1.1426829 3.9424644 8.333333
 1.0 20.015766 17.832632 16.605179 0.9311682 0.8909293 132.56615 11.453615 218.0
