 23.112293 20.85923 19.422468 0.93112105 0.90251666 8.952437 13.636364
 8.971423 8.364486 7.9293957 0.9479836 0.9323477 9.074392 9.090909
 5.8016577 4.865195 4.360661 0.89629734 0.83858705 9.460597 14.772727
 94.994514 91.06467 85.86719 0.9429254 0.9586308 9.146348 6.818182
 101.99898 99.319496 93.10833 0.9374628 0.97373027 9.173043 10.227273
 1.9383987 0.63141704 0.09493318 0.15034941 0.32574156 1.0913131 19.736841
 8.448735 0.5076421 0.062335312 0.12279383 0.060084976 1.4077482 22.368422
 2.070471 0.619567 0.1308714 0.21123043 0.29923964 2.5736315 19.047619
 3.0878985 0.871318 0.2190386 0.2513877 0.28217182 2.859825 17.857143
 7.9142995 7.303802 6.3131065 0.86435896 0.92286146 9.051749 12.5
 12.315589 10.591974 9.468159 0.8938994 0.860046 4.6190495 10.714286
 2.4378488 0.68983275 0.3749743 0.5435728 0.2829678 5.7695775 26.5625
 0.8305643 0.26662493 0.12550855 0.47073075 0.32101658 6.3541393 25.0
 3.6710572 2.7638812 2.6496615 0.95867425 0.7528842 9.241812 15.909091
 2.5103471 0.97779214 0.27550563 0.281763 0.38950473 2.7343142 18.181818
 3.458717 1.0269599 0.2934519 0.28574815 0.29691932 3.6284652 17.045454
 6.026531 4.831411 4.081676 0.8448208 0.80169016 9.774366 9.523809
 11.9484625 10.799373 10.055422 0.9311117 0.90382946 5.031488 12.5
 13.822275 7.267864 6.099911 0.839299 0.52580816 8.160288 15.909091
 18.78833 7.5008264 3.1018677 0.4135368 0.39922795 2.907801 14.705882
 96.677795 63.96312 59.377144 0.9283029 0.66161126 8.94897 10.227273
 81.51251 70.217926 66.13626 0.9418715 0.8614374 9.212063 9.090909
 100.579544 98.437675 93.075005 0.9455221 0.9787047 9.330279 4.5454545
 2.8766875 0.94089246 0.16370155 0.17398539 0.32707497 1.7752063 20.454546
 1.4712077 0.30148476 0.10481617 0.34766653 0.20492332 3.7142305 20.588236
 5.35441 2.55575 1.5546502 0.6082951 0.4773168 8.684302 16.666666
 6.0917583 5.757254 5.528057 0.9601898 0.9450891 8.256018 13.636364
 9.431012 2.867768 0.5614636 0.19578417 0.3040785 1.6958835 15.909091
 94.36402 85.0989 79.65374 0.9360137 0.9018151 9.214983 7.9545455
 15.319593 11.779058 10.630603 0.9025002 0.7688885 6.7054076 18.181818
 13.278917 9.959302 9.243403 0.9281176 0.7500085 8.395977 11.363636
 1.1657102 0.2335342 0.06228666 0.26671323 0.20033641 2.574501 25.0
 5.7393 3.3779302 2.8066359 0.83087444 0.5885614 8.180192 19.318182
 2.440266 0.6145541 0.26899 0.43769947 0.25183898 5.233954 20.238094
 86.700134 72.211 67.408356 0.93349147 0.8328822 9.112955 11.363636
 1.0985314 0.42907056 0.10159677 0.23678336 0.3905856 2.671859 21.428572
 2.5198922 0.7426116 0.10962266 0.14761776 0.29469973 1.1151621 19.736841
 100.48639 101.73529 96.48725 0.9484148 1.0124285 9.217086 4.5454545
 2.1024375 0.80703306 0.57213414 0.7089352 0.3838559 7.1807675 18.055555
 7.625842 6.262555 3.3054628 0.5278138 0.821228 6.877338 14.772727
 10.837068 10.546056 9.851263 0.9341182 0.9731466 9.484255 3.409091
 88.85562 87.479034 81.72657 0.93424183 0.98450756 9.14823 2.2727273
 94.46258 85.96401 80.34065 0.93458474 0.91003245 8.093987 7.5
 8.893332 7.929871 7.2681327 0.9165511 0.8916649 9.289662 7.9545455
 83.26739 79.92805 74.40806 0.930938 0.9598962 9.176705 5.681818
 96.14932 69.58002 65.068954 0.9351673 0.72366625 9.063476 19.318182
 5.651706 1.7372525 1.0222452 0.58842635 0.30738547 5.9220343 14.772727
 95.06816 90.79025 84.88997 0.9350119 0.9550017 8.030519 11.25
 8.361793 7.9493184 7.4679313 0.939443 0.9506715 8.605403 10.227273
 91.18843 88.91195 83.06323 0.934219 0.97503537 9.173453 11.363636
 5.896852 3.4250386 2.1812568 0.6368561 0.5808249 6.9948883 10.227273
 4.794486 3.5693302 3.240801 0.9079578 0.74446565 8.813279 15.909091
 9.136273 8.007307 7.4137344 0.92587113 0.87643033 9.049528 14.772727
 93.08831 64.726166 60.82486 0.939726 0.69532 9.113985 17.045454
 2.2284858 0.5775891 0.20199323 0.34971786 0.25918457 2.8955026 20.0
 3.012208 0.74576104 0.21253994 0.28499737 0.24757953 2.5910969 17.857143
 41.22859 39.547073 35.00977 0.8852683 0.9592148 8.778344 4.5454545
 94.05658 81.2723 76.09472 0.93629336 0.8640789 9.018016 15.909091
 88.486755 84.25914 79.55832 0.9442099 0.9522232 9.19156 7.9545455
 2.888094 0.85348064 0.42621723 0.49938712 0.2955169 5.5704746 17.045454
 3.685402 2.8181257 2.4492521 0.86910677 0.7646726 5.5188107 16.071428
 88.602394 85.88355 81.00993 0.94325316 0.96931416 9.1827965 10.227273
 88.20909 83.209564 77.96341 0.9369524 0.9433219 9.089045 11.363636
 1.4711355 0.46524775 0.13517551 0.29054523 0.31625077 2.2010717 18.421053
 93.57359 91.00327 84.81286 0.93197584 0.97253156 9.143093 6.818182
 3.104309 2.6972523 2.4165602 0.895934 0.86887366 10.318196 5.952381
 51.10021 32.716385 26.804708 0.81930536 0.6402397 9.7008295 17.045454
 92.363556 77.90401 73.21142 0.93976456 0.8434496 9.124642 10.227273
 8.411455 8.227409 7.2127357 0.8766716 0.97811955 4.4797325 15.384615
 9.817037 9.34364 8.467704 0.90625316 0.95177805 8.832211 11.363636
 4.7179585 3.444219 3.1691346 0.9201315 0.73002315 8.530323 13.636364
 1.8155233 0.41485754 0.0819242 0.1974755 0.22850576 1.7867512 19.047619
 9.98117 9.451251 8.821834 0.9334038 0.94690824 9.373716 13.636364
 9.297635 8.0740185 7.457456 0.9236363 0.8683948 9.246689 11.363636
 10.120044 10.047824 9.441499 0.93965614 0.99286366 6.985419 6.9444447
 97.296684 95.811035 85.9481 0.8970584 0.9847307 6.0381646 3.125
 27.448036 20.47561 17.941816 0.87625307 0.7459773 5.5939503 14.0625
 106.7888 68.76916 59.70728 0.86822754 0.6439735 4.378121 13.461538
 16.117966 9.830328 8.4310055 0.85765254 0.6098988 4.4351506 15.384615
 16.031223 6.1819835 2.5232818 0.408167 0.38562143 1.526272 8.333333
 9.85517 8.614767 7.817482 0.9074514 0.8741368 3.8626735 14.583333
 15.409016 12.558499 10.845766 0.86361957 0.81500983 3.787416 8.333333
 1.0 32.484802 27.86777 25.586916 0.9181545 0.857871 236.97511 13.597418 82.0
