 25.789948 23.51742 21.467134 0.91281843 0.91188323 9.643148 4.5454545
 46.07024 39.14596 35.65021 0.91069955 0.84970176 9.535222 2.2727273
 27.174978 25.44391 23.413118 0.9201855 0.9362992 9.56966 12.5
 128.60643 121.04007 107.2427 0.88600993 0.9411665 5.7633557 1.6666666
 13.460494 11.008779 9.595546 0.87162673 0.8178584 9.902716 10.227273
 39.245255 36.107883 33.221634 0.92006594 0.92005736 8.471185 2.2727273
 21.319113 16.651709 12.397518 0.7445193 0.78106946 9.241245 7.9545455
 33.316906 32.023235 30.279339 0.94554275 0.96117073 9.601394 10.227273
 19.599018 15.690133 14.123598 0.9001579 0.80055714 8.288309 12.5
 128.55412 121.67609 112.491516 0.9245162 0.9464969 9.3584585 0.0
 102.7266 99.56706 87.97108 0.8835359 0.9692432 5.740767 13.333333
 40.25807 38.31854 35.12781 0.9167315 0.95182246 9.279247 10.227273
 124.17897 101.25851 92.69893 0.9154681 0.81542397 9.383163 11.363636
 124.78365 117.48017 108.34046 0.92220217 0.9414708 8.699286 8.333333
 21.299763 17.21331 15.0950985 0.8769434 0.80814564 8.796467 15.909091
 114.048485 107.50466 97.6957 0.90875787 0.9426224 7.3366137 0.0
 27.892693 24.937347 22.578314 0.90540165 0.8940459 9.819407 12.5
 20.776207 18.6223 16.995731 0.91265476 0.89632815 9.964405 10.227273
 30.537855 28.883785 27.053404 0.9366294 0.9458354 9.343086 3.409091
 18.471642 16.216814 14.539267 0.89655507 0.87793034 9.228208 10.227273
 18.354345 14.088221 10.828012 0.7685863 0.7675687 5.2823873 11.363636
 33.448124 30.01418 27.618954 0.9201969 0.89733523 9.935646 4.5454545
 77.760796 71.791534 65.93414 0.91841114 0.92323565 9.505843 5.681818
 31.905659 30.993015 28.847065 0.93076015 0.9713956 9.045056 1.1363636
 98.1306 93.32255 86.009346 0.9216352 0.95100355 9.3252125 1.1363636
 88.56285 80.773964 74.2596 0.9193507 0.9120524 8.548316 1.1904762
 18.389048 15.591841 14.549916 0.933175 0.8478874 8.662826 11.363636
 27.178545 23.54325 21.396122 0.9088007 0.8662439 9.391949 0.0
 1.5463817 0.514032 0.13960552 0.27158916 0.33240953 2.4067528 21.428572
 106.53608 99.97199 92.31845 0.92344314 0.93838626 9.381901 1.1363636
 24.985025 19.205778 16.974974 0.88384724 0.76869154 9.034998 6.818182
 88.11292 86.718094 80.69163 0.93050516 0.98417 8.990041 3.409091
 121.614914 116.98905 106.32653 0.90885884 0.961963 7.851322 1.3157895
 110.80912 101.53672 92.55567 0.9115488 0.916321 9.317036 1.1363636
 20.484467 17.982567 16.241684 0.9031905 0.8778636 8.698624 6.818182
 62.45706 57.291733 51.250057 0.89454544 0.9172979 5.6869597 0.0
 54.326065 51.516933 47.529198 0.9225937 0.9482913 9.518462 3.409091
 124.64971 116.98245 104.22063 0.8909082 0.93848956 6.312716 9.375
 3.3330975 0.7027066 0.28649148 0.40769717 0.21082689 3.627858 15.476191
 115.05732 108.48206 94.596954 0.8720055 0.9428523 5.682584 1.6666666
 36.352406 33.14741 30.149948 0.9095717 0.91183543 9.839966 1.1363636
 11.2331705 8.796747 7.8358517 0.890767 0.78310454 9.305531 11.363636
 46.549477 44.4627 41.214157 0.9269378 0.95517075 9.298737 7.9545455
 129.7307 120.674774 105.66368 0.875607 0.9301945 5.619666 1.6666666
 96.819336 91.927536 84.73296 0.9217365 0.94947493 9.408859 9.090909
 59.08192 60.589325 55.619286 0.9179717 1.0255138 10.254085 9.090909
 10.138952 8.69742 8.288651 0.9530012 0.85782236 6.112737 17.857143
 118.3254 111.4971 103.23141 0.9258663 0.94229215 9.376046 3.409091
 79.2335 73.52816 68.16309 0.9270338 0.9279934 9.016392 1.1363636
 21.087652 17.560852 15.110772 0.8604806 0.8327552 8.90163 12.5
 14.863524 10.868303 9.102403 0.8375183 0.73120636 8.828807 12.5
 24.850481 24.329369 22.330694 0.91784936 0.9790301 9.602596 5.681818
 25.167585 23.655497 21.999613 0.93000007 0.9399192 9.558016 4.5454545
 59.268875 57.250763 52.636257 0.91939837 0.9659499 9.511139 2.2727273
 106.82631 100.66355 90.14549 0.89551276 0.94231045 6.286056 1.5625
 102.39316 95.45796 84.59153 0.8861653 0.9322689 9.176025 5.681818
 9.855608 3.918176 2.4176018 0.6170223 0.397558 4.0603247 18.181818
 101.03006 92.55379 81.49232 0.880486 0.91610146 5.685795 1.6666666
 25.0098 25.145468 23.536802 0.9360256 1.0054246 9.707191 3.409091
 93.15252 91.18461 84.76572 0.92960554 0.9788743 9.211392 3.409091
 108.60362 98.80503 89.93565 0.9102336 0.9097765 9.314526 7.9545455
 5.3110843 4.124503 3.6435924 0.8834016 0.77658397 8.512267 15.0
 87.67604 70.7404 65.166695 0.9212089 0.80683845 9.481336 10.227273
 132.26253 122.89478 110.64613 0.9003322 0.9291731 9.307296 4.5454545
 101.60951 93.7048 86.12863 0.91914856 0.922205 9.379405 3.409091
 109.91741 101.86993 94.09507 0.92367864 0.92678607 9.297679 0.0
 21.149544 18.481825 17.001545 0.9199062 0.873864 9.263374 7.9545455
 105.48925 100.1378 93.610535 0.9348172 0.9492701 9.310493 0.0
 115.31323 104.04023 95.43497 0.9172891 0.9022401 9.586783 1.1363636
 37.41172 34.640785 31.911386 0.9212085 0.92593414 9.29963 3.409091
 16.564009 15.17789 14.084284 0.9279474 0.91631746 9.056233 5.681818
 17.73605 13.074029 11.775996 0.90071666 0.7371443 9.185451 13.636364
 110.573586 103.36241 95.35972 0.92257637 0.93478394 9.371138 15.909091
 21.996218 20.064882 18.456694 0.9198505 0.912197 9.477951 12.5
 19.763067 17.873365 16.456106 0.9207055 0.90438217 9.379614 9.090909
 124.31298 116.43606 107.53826 0.92358214 0.9366363 9.380379 0.0
 12.30289 9.507251 8.805825 0.926222 0.7727657 9.470202 14.772727
 11.060122 9.3753 8.573372 0.91446364 0.8476671 9.784783 13.636364
 15.825823 12.407132 8.987748 0.7244017 0.78398025 9.894826 13.636364
 44.695602 41.85337 38.74823 0.925809 0.9364091 9.129588 7.9545455
 33.006916 28.456102 26.3931 0.92750233 0.8621254 8.732573 7.9545455
 109.509026 65.07369 57.756634 0.88755727 0.5942313 9.260809 12.5
 133.81526 125.0905 114.02282 0.9115226 0.9347999 7.8629727 1.3157895
 109.924545 100.96787 92.995926 0.9210447 0.9185198 9.4269 1.1363636
 93.21945 66.34519 61.000217 0.91943693 0.71170974 9.096109 18.181818
 97.9259 88.97263 81.69347 0.9181865 0.90857095 9.304251 4.5454545
 93.87986 85.09779 77.95638 0.91607994 0.9064542 9.065813 1.1363636
 118.4068 114.00809 105.49844 0.9253593 0.96285087 9.481907 1.1363636
 107.80091 99.88693 92.19357 0.92297935 0.9265871 9.479495 1.1363636
 16.717793 15.181309 14.045109 0.92515796 0.9080929 9.433348 10.227273
 130.08759 122.183235 112.600624 0.9215718 0.9392382 9.286431 0.0
 53.134808 52.42599 48.594967 0.9269251 0.98666006 9.753563 1.1363636
 127.65928 120.6835 111.76179 0.92607343 0.9453563 9.393711 1.1363636
 56.80347 44.850414 39.732502 0.88588935 0.7895717 7.343049 6.818182
 14.039414 12.594784 11.370272 0.90277624 0.89710176 10.168564 12.5
 39.77936 35.85196 32.95324 0.91914755 0.9012704 9.330669 11.363636
 11.177812 8.50765 7.988955 0.9390319 0.7611195 8.740148 12.5
 25.870956 24.933632 21.143003 0.8479713 0.96376926 7.731023 7.9545455
 22.548203 21.529417 19.57111 0.90904033 0.9548174 9.492793 10.227273
 25.158989 21.207382 19.721754 0.9299475 0.8429346 9.615842 1.1363636
 32.781593 32.33496 29.373348 0.9084083 0.98637545 9.178944 3.409091
 83.59524 83.328514 79.437416 0.9533041 0.99680936 8.517289 3.409091
 78.214905 67.805504 62.388 0.92010236 0.8669128 9.286959 6.818182
 17.81032 16.93642 15.533246 0.91715044 0.95093304 9.30408 13.636364
 15.398664 8.100029 2.7044713 0.33388415 0.52602154 5.0270596 12.5
 119.1834 105.56537 95.44006 0.904085 0.8857388 9.344628 1.1363636
 12.349626 11.120073 9.440321 0.8489441 0.9004381 8.740104 7.9545455
 125.72323 118.241486 104.91545 0.88729817 0.94049037 5.6141276 5.0
 107.75573 100.10414 92.09994 0.9200412 0.9289914 9.500881 1.1363636
 22.816978 19.55979 17.810238 0.9105537 0.8572471 10.01164 4.5454545
 111.293335 104.174934 95.988014 0.9214118 0.9360393 9.348976 1.1363636
 46.89143 44.184822 40.93139 0.92636764 0.9422793 9.366127 2.2727273
 107.217186 97.71067 89.13066 0.91218966 0.91133404 9.451213 6.818182
 15.451616 12.152463 10.545369 0.8677557 0.7864849 9.815617 9.090909
 40.051815 38.378178 34.886852 0.90902835 0.95821327 9.818057 7.9545455
 141.81895 137.09814 119.47123 0.87142843 0.9667124 3.863494 2.0833333
 103.62256 97.30781 89.84313 0.92328805 0.9390601 9.3344345 7.9545455
 19.04461 15.5120945 13.670064 0.88125193 0.81451374 9.789718 13.636364
 22.747862 17.771215 11.33665 0.63792205 0.7812258 9.044141 12.5
 105.38268 96.81743 85.6619 0.8847777 0.9187224 9.22401 2.2727273
 99.27621 92.62263 85.35569 0.9215425 0.9329791 9.428369 3.409091
 6.424575 2.766604 1.3505632 0.48816642 0.43062833 3.3717437 12.5
 109.52676 74.475266 67.582726 0.907452 0.67997324 9.323539 12.5
 121.788506 107.54494 99.16601 0.92208904 0.8830467 8.873863 1.1904762
 89.83462 83.373184 77.43323 0.92875457 0.9280742 8.994486 1.1904762
 73.25655 64.632545 59.314564 0.9177197 0.8822766 8.88291 0.0
 113.5591 106.017586 98.362854 0.9277975 0.9335895 8.304184 1.25
 58.17991 53.921726 47.572372 0.8822487 0.9268101 9.122856 11.25
 10.794767 7.6743646 6.5104337 0.8483352 0.71093374 7.3282614 13.75
 106.40915 96.890114 88.2694 0.9110259 0.9105431 8.436498 7.5
 108.98526 100.76481 93.39917 0.9269026 0.9245728 8.356341 1.25
 18.394896 17.352303 13.7449465 0.7921108 0.94332165 8.4718485 8.75
 123.603966 114.57006 106.08699 0.9259573 0.92691255 7.763905 1.3157895
 23.97141 23.118147 21.13048 0.91402125 0.964405 8.957655 7.894737
 6.7164783 3.4858224 1.3597635 0.390084 0.5189955 2.7560475 14.473684
 80.54116 64.24744 58.3659 0.9084549 0.79769695 7.212851 13.888889
 47.240097 39.837524 35.04891 0.8797964 0.8432989 4.541716 5.769231
 65.51304 57.89311 54.49122 0.94123846 0.88368833 7.0086 13.888889
 90.88204 84.83986 78.676994 0.92735887 0.9335162 7.371083 1.3888888
 121.70906 114.7039 104.36934 0.9099022 0.9424435 7.042715 1.3888888
 42.6106 37.044662 33.858578 0.9139934 0.86937666 7.944429 1.3888888
 116.64888 110.257225 99.946915 0.90648854 0.94520605 6.5837097 5.882353
 15.022535 9.704561 7.7543516 0.7990419 0.6460002 4.889037 10.714286
 101.47889 95.1503 86.069 0.90455836 0.9376364 6.04469 4.6875
 86.60879 80.75409 72.679596 0.90001136 0.9324006 6.084424 4.6875
 93.91597 87.340546 79.3208 0.90817845 0.92998606 5.945479 10.9375
 43.750435 28.216438 20.98435 0.74369234 0.64494073 6.391512 8.928572
 49.602715 43.728138 38.438404 0.8790313 0.8815674 4.414653 1.7857143
 95.58655 87.205734 78.545555 0.9006926 0.9123222 3.883234 0.0
 14.277439 13.22837 11.957238 0.90390867 0.92652255 3.7001305 8.333333
 1.0 64.08017 58.24144 52.911266 0.9084814 0.9088839 486.1131 6.6925216 150.0
