 97.70557 96.26086 90.194176 0.9369767 0.9852137 6.9334292 5.5555553
 11.400923 10.425126 9.865342 0.9463044 0.9144107 9.341201 10.227273
 92.12038 87.73245 82.967 0.945682 0.95236754 9.08093 2.2727273
 18.107998 16.387947 15.594168 0.9515632 0.9050116 9.354328 6.818182
 108.44961 77.2 72.44751 0.9384393 0.7118513 8.991089 19.318182
 4.124019 0.6185876 0.28386188 0.45888713 0.1499963 2.7903183 17.307692
 71.37692 70.39011 66.325455 0.9422553 0.9861746 7.5527587 6.5789475
 1.6456 0.45463076 0.15543762 0.3418986 0.2762705 2.1110787 16.17647
 14.232301 14.845337 13.888123 0.9355209 1.0430735 7.132553 4.1666665
 11.142489 11.091804 10.602107 0.9558506 0.99545115 8.810148 6.818182
 76.224335 73.3256 69.48996 0.9476903 0.96197104 9.042902 1.1363636
 15.40034 12.293692 11.306612 0.91970843 0.798274 8.352259 18.181818
 20.467243 21.284025 20.17732 0.94800305 1.0399069 9.238399 4.5454545
 92.93204 77.433395 73.3463 0.9472179 0.83322614 9.032827 18.181818
 85.70608 68.54406 64.40648 0.93963623 0.79975724 8.996187 11.363636
 95.09464 80.82923 76.27077 0.9436038 0.8499872 8.917654 7.9545455
 84.98842 79.22328 73.876785 0.93251354 0.9321657 8.897702 10.227273
 22.13762 21.988218 21.093155 0.9592935 0.9932512 9.595315 12.5
 81.2686 78.64389 70.63519 0.89816505 0.96770334 3.8270552 8.333333
 9.489682 8.846033 8.355184 0.9445119 0.93217385 8.751743 14.772727
 22.33081 18.990705 17.990398 0.9473265 0.8504262 9.3077755 13.636364
 13.693766 7.7952514 6.895114 0.88452744 0.5692555 9.678669 18.181818
 98.788345 93.53853 88.74768 0.94878215 0.9468579 9.278913 4.5454545
 95.31259 94.91787 90.38152 0.9522076 0.99585867 8.843069 1.1363636
 80.95528 79.927956 75.83223 0.94875723 0.98731005 9.219797 3.409091
 12.004842 11.73318 11.127893 0.9484124 0.9773707 9.553039 13.636364
 9.045434 5.9016843 5.3401093 0.90484494 0.65244895 8.0124655 18.181818
 91.64542 90.53537 84.54502 0.93383414 0.98788756 8.893602 1.1363636
 87.33383 58.64984 55.469063 0.9457666 0.6715592 8.94658 12.5
 9.893442 9.267426 8.725836 0.9415598 0.93672407 8.785801 14.772727
 10.057793 6.115081 5.311817 0.86864215 0.6079944 8.422137 14.285714
 72.67713 62.062298 58.272366 0.93893343 0.8539454 8.933471 17.045454
 76.22462 73.23638 69.61677 0.95057625 0.960797 8.741052 1.1363636
 8.838191 7.9194903 7.5154734 0.9489845 0.8960533 9.047667 13.636364
 10.491651 4.1944275 3.3201008 0.7915504 0.39978716 8.407342 18.181818
 86.97283 75.13496 70.84568 0.9429124 0.86388993 8.948743 13.636364
 8.373886 5.9592996 5.057723 0.848711 0.7116528 9.62476 12.5
 99.543724 86.28056 81.9875 0.950243 0.86676043 8.961633 6.818182
 88.536736 68.05103 63.578506 0.93427694 0.7686192 9.183889 13.636364
 81.40396 79.54645 75.84617 0.95348275 0.97718155 9.00945 3.409091
 84.31639 79.93511 75.21204 0.9409137 0.9480376 8.979122 12.5
 9.177494 6.335693 5.8703055 0.92654514 0.69035107 8.957677 12.5
 94.42415 93.70549 86.72945 0.9255535 0.9923891 5.3879814 0.0
 13.757355 11.31782 10.25857 0.90640867 0.8226741 8.690737 11.363636
 11.454969 9.821669 9.136547 0.9302439 0.85741556 9.015864 11.363636
 15.31135 12.540447 11.622411 0.92679393 0.8190295 7.095259 9.090909
 98.57644 77.918015 73.14329 0.9387211 0.79043245 8.803612 17.045454
 77.77216 77.59157 73.8377 0.95162016 0.9976779 9.054049 9.090909
 94.61472 66.42007 61.637886 0.928001 0.70200557 9.0726 12.5
 88.982216 79.16965 73.5379 0.9288649 0.8897244 6.9944534 9.722222
 94.05734 92.53908 87.89412 0.9498055 0.9838581 8.996758 7.9545455
 89.12289 80.68112 76.12569 0.94353783 0.90527946 8.9764595 15.909091
 82.94809 80.798836 76.36319 0.9451026 0.9740892 8.964501 3.409091
 97.8793 95.86604 91.166 0.95097286 0.97943115 9.084217 1.1363636
 89.022354 87.36118 83.08733 0.9510784 0.9813398 8.9840765 2.2727273
 76.51279 74.86075 71.20563 0.95117444 0.97840834 9.004884 4.5454545
 88.23627 86.13536 81.12514 0.94183314 0.97619 9.008097 4.5454545
 16.532003 14.967443 13.760808 0.9193827 0.9053617 8.308538 7.9545455
 13.477681 8.065697 6.3453245 0.786705 0.5984484 7.676066 12.5
 32.126976 19.109537 15.293498 0.8003071 0.59481275 4.6128964 15.909091
 18.979239 18.729296 17.44497 0.9314269 0.9868308 9.798328 9.090909
 11.6704235 6.6644745 6.169359 0.92570823 0.5710568 8.847955 7.9545455
 25.976648 26.607489 25.527948 0.95942724 1.024285 8.0952835 2.2727273
 10.346587 7.913023 7.416998 0.93731534 0.7647955 8.415058 14.772727
 83.69937 82.26913 78.30216 0.95178056 0.9829122 9.069699 4.5454545
 17.119003 8.715963 7.8061504 0.89561534 0.50913966 7.423219 18.181818
 27.203424 25.375849 24.065687 0.94836974 0.9328182 9.334064 9.090909
 11.073575 9.288495 8.403831 0.904757 0.8387982 9.085359 13.636364
 98.184906 93.36233 88.4505 0.94738966 0.9508826 9.005941 11.363636
 92.837845 91.073746 85.7563 0.94161385 0.9809981 9.168444 0.0
 99.515625 97.34752 92.66989 0.9519491 0.97821337 8.894408 2.2727273
 12.383736 11.4073515 10.085874 0.8841556 0.921156 3.7955472 6.25
 11.037146 10.69049 10.044022 0.93952864 0.96859187 9.095334 10.227273
 90.43539 71.46877 66.22829 0.9266745 0.7902744 8.836129 14.772727
 86.649025 82.97406 78.0415 0.9405529 0.95758796 9.014697 3.409091
 92.64548 80.86314 76.31454 0.9437494 0.87282336 8.991189 7.9545455
 89.93678 89.54866 83.5066 0.9325276 0.9956845 8.988048 0.0
 21.163837 15.347912 13.530205 0.8815665 0.72519517 5.330225 11.363636
 89.991745 90.07768 86.02158 0.9549711 1.000955 9.026502 1.1363636
 84.23108 81.428474 75.36725 0.9255638 0.9667272 8.990971 4.5454545
 69.739235 38.866188 32.600502 0.8387882 0.55730736 7.5558615 17.045454
 1.7540519 0.47360745 0.12038637 0.25419018 0.27000767 2.8350654 15.476191
 92.794975 91.75423 86.98354 0.94800586 0.9887844 8.151189 3.75
 12.181221 6.76218 4.3591013 0.64462954 0.55513155 3.8487887 12.5
 93.74652 94.2356 87.947784 0.9332755 1.0052171 7.972899 1.3157895
 93.26608 96.038284 86.59539 0.9016757 1.0297235 4.677692 1.9230769
 27.430836 17.575638 14.533686 0.82692224 0.6407256 1.5912821 16.666666
 81.30437 77.43113 68.24754 0.8813967 0.95236135 3.8832443 8.333333
 85.7514 82.547585 70.878044 0.8586325 0.9626383 3.6837394 8.333333
 88.69576 68.73403 60.753902 0.8838984 0.77494156 3.9150698 14.583333
 99.320366 89.719 78.22426 0.87188065 0.9033293 3.8777044 6.25
 1.0 56.785797 51.29679 47.839985 0.93261164 0.9033384 418.27408 9.430661 91.0
