 11.790719 10.830551 10.055393 0.92842853 0.9185658 9.828899 11.363636
 125.286156 130.06567 113.37575 0.87168074 1.0381489 4.153693 2.0833333
 10.582196 9.741439 9.026735 0.92663264 0.9205498 9.608836 5.681818
 12.390581 9.223425 7.659884 0.8304815 0.74439 10.153432 13.636364
 10.935442 10.743955 9.865107 0.9182007 0.9824893 10.355128 6.818182
 79.98938 42.454655 37.278385 0.8780753 0.5307536 8.964625 15.909091
 8.803054 5.1442647 4.0459805 0.7865032 0.58437276 5.4107733 16.666666
 8.086607 2.2592137 0.9916859 0.4389518 0.27937722 5.127288 17.045454
 62.705822 62.743958 59.5566 0.9492006 1.0006082 7.9013295 7.9545455
 5.601799 3.9982908 3.637957 0.9098781 0.7137512 7.963436 17.045454
 9.913726 6.6437573 5.4402714 0.81885463 0.6701575 9.661354 14.772727
 4.4089923 2.8443954 2.7307467 0.96004474 0.64513505 9.758884 12.5
 121.60476 113.7432 103.55214 0.9104029 0.93535155 7.3991857 1.3888888
 11.430651 6.244857 5.671739 0.90822566 0.54632556 8.638074 17.045454
 111.215225 103.02478 94.39412 0.9162274 0.926355 9.592254 4.5454545
 3.349821 1.762618 1.0652647 0.6043651 0.5261827 7.7441435 17.857143
 115.14874 112.03242 103.05663 0.91988224 0.9729366 10.047678 7.9545455
 1.7899834 0.6051144 0.21229224 0.35082993 0.33805588 1.8258103 17.857143
 33.661407 29.637468 25.647934 0.8653888 0.88045835 4.14367 12.5
 12.2368765 8.799595 8.070155 0.9171054 0.71910465 10.17099 18.181818
 111.30602 103.68429 94.858665 0.91487986 0.9315245 9.593481 2.2727273
 99.07957 94.61019 87.93553 0.9294509 0.954891 9.607651 1.1363636
 2.3331172 0.6811228 0.20792167 0.3052631 0.2919368 3.8424501 16.666666
 27.31915 25.489042 23.5899 0.9254918 0.93301004 9.713758 3.409091
 14.103607 13.672708 12.589231 0.92075616 0.9694476 9.607926 12.5
 25.296236 24.785143 22.157795 0.89399505 0.9797957 5.8728037 1.6666666
 3.5091844 1.0960165 0.24454167 0.2231186 0.312328 2.7010462 19.736841
 10.355884 7.210881 4.051096 0.56180316 0.6963076 7.360262 10.227273
 135.75261 135.07741 118.56503 0.8777562 0.99502623 4.705748 1.9230769
 115.277145 110.93581 103.02896 0.92872596 0.96234 9.40252 11.363636
 8.914877 6.439857 5.800847 0.90077263 0.72237194 9.264518 15.909091
 14.705896 13.504816 12.168702 0.90106386 0.9183266 7.130384 13.235294
 23.203436 13.746591 10.364785 0.7539895 0.5924377 7.7162814 15.909091
 110.18527 102.35716 94.29725 0.92125696 0.928955 9.203505 14.285714
 116.43074 111.40836 103.50444 0.9290545 0.9568638 9.758616 4.5454545
 103.102 98.41442 91.28386 0.92754555 0.9545346 9.603258 0.0
 4.761553 2.6616201 2.162926 0.81263506 0.55898154 8.631404 17.105263
 10.798776 9.053808 8.266348 0.9130244 0.83841056 9.666262 6.818182
 9.185737 7.813893 6.826078 0.87358224 0.850655 9.608998 10.227273
 4.579259 3.7902508 3.5498152 0.93656474 0.8276996 9.535854 12.5
 8.168023 7.857951 7.3140154 0.930779 0.96203834 9.613276 12.5
 97.41484 90.68685 83.024536 0.915508 0.93093467 9.526581 10.227273
 23.565353 22.17355 20.048958 0.90418345 0.94093865 5.6461616 8.333333
 2.3362901 1.1785295 0.4174483 0.35421118 0.50444484 3.3644993 14.473684
 5.0222874 3.1236708 1.8177285 0.5819206 0.6219618 8.386075 13.636364
 9.905767 7.64028 6.6215725 0.86666626 0.771296 9.015376 12.5
 14.758757 7.170967 4.5916967 0.6403176 0.48587883 5.973539 10.227273
 13.970334 12.339357 11.353247 0.9200841 0.8832543 9.316941 5.681818
 105.795296 95.62227 85.188156 0.890882 0.90384233 6.243171 6.25
 109.408 103.73513 95.80663 0.9235698 0.94814944 9.667314 7.9545455
 14.886002 10.83491 8.269602 0.76323676 0.727859 7.9680223 11.363636
 125.693634 119.34969 105.22886 0.8816852 0.9495285 9.430635 1.1363636
 85.95489 78.40914 70.01679 0.89296716 0.9122127 5.789041 6.6666665
 133.57681 132.66505 115.50504 0.8706516 0.9931743 4.087945 2.0833333
 8.350537 8.95746 8.515336 0.9506419 1.0726807 9.782616 4.5454545
 2.2441251 0.6352376 0.15138678 0.23831524 0.2830669 1.7321426 17.857143
 128.30606 126.22983 109.71281 0.86915123 0.9838181 4.022802 4.1666665
 105.50481 100.65602 93.4625 0.9285336 0.9540421 9.730883 1.1363636
 15.32718 13.653537 11.8783655 0.8699845 0.89080554 5.2920876 12.5
 8.035071 1.857484 0.88015956 0.47384506 0.23117206 4.851172 19.318182
 9.091261 8.322616 7.2425814 0.87022895 0.9154523 10.266107 14.285714
 128.23433 122.1456 108.26396 0.8863517 0.95251876 9.444023 3.409091
 11.167968 9.874833 8.134962 0.82380754 0.8842104 9.6929655 6.818182
 10.475165 9.606579 8.815902 0.9176942 0.91708136 9.582637 14.772727
 6.9649067 5.000254 4.1739063 0.8347388 0.71792126 9.01887 12.5
 9.574073 9.359744 8.691102 0.9285619 0.9776136 9.798167 5.681818
 5.992117 5.5743365 5.082073 0.9116912 0.9302783 8.691937 7.142857
 75.68708 55.413315 49.847755 0.8995628 0.732137 9.412425 12.5
 117.453804 110.908195 102.794044 0.926839 0.9442708 9.650339 1.1363636
 9.623573 8.590226 7.7114024 0.89769495 0.89262336 8.324841 10.227273
 12.5937605 10.958173 10.150169 0.9262647 0.87012714 9.723406 11.363636
 14.5526085 11.226233 10.182384 0.907017 0.77142406 9.533438 13.636364
 6.809275 4.6768527 3.9160295 0.83732146 0.68683565 8.29329 17.045454
 13.169506 12.295667 10.996914 0.8943732 0.93364674 10.981929 9.090909
 25.620567 22.800276 21.01015 0.9214867 0.88992083 9.570228 9.090909
 14.725188 14.335484 12.978372 0.90533197 0.9735348 10.098772 9.090909
 9.213885 8.526309 7.54771 0.88522595 0.9253761 9.453077 10.227273
 92.77107 89.342186 82.90512 0.9279504 0.9630393 9.744058 1.1363636
 69.86588 38.201107 34.3451 0.89906037 0.54677767 9.600881 15.909091
 119.055824 113.38111 105.67927 0.9320712 0.95233566 9.620938 1.1363636
 6.6468773 5.679942 4.027379 0.70905286 0.8545279 6.8992686 12.5
 117.197556 112.233604 104.504456 0.9311334 0.95764464 9.603372 0.0
 13.267403 9.520404 8.907532 0.9356254 0.7175786 9.174285 12.5
 13.614112 11.177301 9.624921 0.8611131 0.8210085 10.593316 12.5
 13.253743 11.620127 10.395558 0.89461654 0.876743 9.94974 12.5
 84.62992 80.61039 74.026855 0.91832906 0.9525045 9.654159 2.2727273
 7.392503 6.2052684 5.577028 0.8987569 0.8394002 9.550098 9.090909
 94.068146 82.93405 76.45291 0.9218519 0.881638 9.6329975 6.818182
 12.550838 8.711885 7.2927966 0.8371088 0.6941278 7.8244147 12.5
 7.2772393 5.9640446 4.674985 0.7838615 0.8195477 5.577402 12.5
 8.354436 8.008115 7.0816665 0.8843113 0.9585464 10.517586 9.090909
 127.649216 123.17271 114.599014 0.9303929 0.96493113 9.801589 1.1363636
 88.42939 88.35572 80.14704 0.90709513 0.99916697 9.419173 6.818182
 10.304187 10.070847 9.070123 0.9006316 0.9773548 8.105975 12.5
 8.051672 7.2321644 6.509655 0.9000978 0.898219 9.294022 6.818182
 12.574587 11.51613 10.632407 0.9232622 0.9158258 9.762939 12.5
 105.1178 101.32561 92.85737 0.91642547 0.9639244 7.4505486 2.7777777
 8.172982 7.9717503 6.9092793 0.86672044 0.97537845 9.544874 11.363636
 3.0858262 0.969128 0.30037767 0.30994633 0.31405786 2.2689762 14.772727
 2.7514105 0.6010002 0.11037673 0.18365507 0.2184335 1.7406641 15.909091
 10.055916 9.584496 8.874592 0.9259321 0.9531201 9.860173 11.363636
 121.46409 117.08238 106.61533 0.910601 0.9639259 6.8940353 0.0
 115.36394 111.31237 100.6967 0.90463173 0.96488017 6.363717 1.5625
 126.1654 120.608086 109.22215 0.9055956 0.95595217 9.356315 2.2727273
 11.390253 9.635127 8.319296 0.86343396 0.84590983 9.956804 8.333333
 109.463486 104.22803 96.792 0.92865616 0.9521716 9.657772 1.1363636
 22.619535 15.193762 13.4656515 0.8862618 0.6717098 9.552225 10.227273
 5.5446763 2.583273 1.718729 0.66533005 0.4659015 6.978573 18.181818
 9.529691 8.99511 8.360436 0.92944247 0.94390357 9.601914 12.5
 2.54595 1.1206497 0.7749115 0.6914842 0.44016957 5.909672 14.772727
 12.419654 10.4951105 9.218836 0.8783934 0.8450405 6.18387 7.8125
 4.884603 3.8497844 3.1917043 0.8290605 0.78814685 4.29821 12.5
 6.3753834 5.0055733 4.66294 0.93154967 0.7851407 6.78485 11.111111
 120.17323 110.59956 99.91141 0.9033617 0.92033446 7.3575773 8.333333
 84.95265 80.38776 72.56293 0.9026614 0.94626546 7.384077 2.7777777
 75.1972 66.00664 59.507164 0.901533 0.87778056 7.5292597 6.9444447
 12.669287 9.234052 7.8831215 0.8537012 0.72885334 6.8477287 14.705882
 102.37069 94.13704 83.48171 0.8868105 0.9195702 6.075408 9.375
 13.806011 11.289116 5.1587453 0.4569663 0.8176956 2.7692783 14.0625
 111.09275 100.48213 89.69045 0.892601 0.9044886 6.0362535 1.5625
 16.017372 15.429989 10.321781 0.66894287 0.96332836 4.193333 6.6666665
 80.92189 68.15088 59.55589 0.87388295 0.84218097 5.605185 8.928572
 15.996017 8.751093 7.5992 0.8683715 0.5470795 4.801271 17.857143
 104.21249 90.50862 80.35097 0.8877714 0.86850077 5.016265 7.142857
 9.86287 6.711431 5.760317 0.8582844 0.68047446 3.9845333 13.461538
 91.82617 84.61753 74.14029 0.8761812 0.92149687 4.0767803 4.1666665
 9.353903 5.520567 4.5046053 0.81596786 0.5901886 4.1233354 8.333333
 7.970408 6.6516747 5.921125 0.8901706 0.83454627 3.77886 10.416667
 1.0 44.145573 40.205822 36.195522 0.9002558 0.91075546 321.98334 9.627987 128.0
