 6.9656396 4.286222 3.5860596 0.83664817 0.61533785 7.00059 14.705882
 127.71549 129.57138 122.77362 0.9475365 1.0145315 8.421772 7.9545455
 2.7010689 0.6301747 0.09479615 0.15042837 0.23330566 1.8074374 17.045454
 60.43442 60.542995 54.97278 0.9079957 1.0017966 6.2295084 1.5625
 107.23286 108.69344 100.61985 0.9257214 1.0136207 5.879009 1.5625
 127.6758 135.33984 128.83603 0.95194453 1.0600274 8.396971 3.409091
 101.44643 96.806595 86.61307 0.8947021 0.95426327 5.1746798 1.7857143
 129.97255 133.15433 123.96263 0.9309696 1.0244803 8.505193 1.1363636
 0.8875696 0.22679836 0.073047325 0.3220805 0.2555274 3.0416994 22.727272
 2.1956205 0.58881885 0.1388993 0.2358948 0.26817876 2.5739832 17.045454
 10.803568 8.773097 8.098147 0.92306596 0.81205547 8.592534 14.772727
 66.85335 68.7108 64.29319 0.93570715 1.027784 8.277978 4.5454545
 2.525676 0.5897766 0.1206377 0.20454814 0.23351237 2.2966933 17.5
 7.6040616 6.608404 4.85797 0.73512006 0.8690624 7.887488 15.0
 127.365 121.62813 111.292435 0.9150222 0.95495725 6.636907 5.5555553
 103.318794 73.23746 67.809654 0.92588764 0.7088493 8.296562 14.772727
 94.0302 94.88187 88.87284 0.9366683 1.0090574 8.542992 0.0
 17.587881 11.417007 8.516021 0.7459066 0.6491406 9.132312 15.909091
 11.310644 10.356309 9.643945 0.93121445 0.91562504 8.828963 14.772727
 1.6169819 0.44799203 0.079869926 0.17828426 0.27705446 1.8270578 15.789474
 121.50777 123.58716 116.70559 0.9443181 1.0171133 8.31727 12.5
 127.78036 130.10349 123.41701 0.94860643 1.0181806 8.423594 1.1363636
 128.00583 128.25198 121.85959 0.9501575 1.0019231 8.451866 1.1363636
 9.165542 7.1522994 4.996236 0.69854957 0.7803467 7.9505734 9.090909
 111.3502 114.54168 108.25063 0.9450764 1.0286616 8.083848 3.5714285
 113.49178 115.09807 107.39128 0.9330416 1.0141534 8.704313 6.818182
 110.468094 111.0497 104.92725 0.9448675 1.0052649 8.619532 1.1363636
 130.8933 127.49105 117.52119 0.9217995 0.9740075 6.1837664 4.4117646
 121.09619 100.00425 93.299194 0.9329523 0.8258249 8.316691 11.363636
 103.397964 101.32539 91.03428 0.898435 0.9799554 5.15565 8.928572
 119.165115 121.67061 115.15694 0.9464647 1.0210254 8.618102 7.9545455
 3.0891724 1.5588148 1.0463012 0.6712159 0.50460595 5.7808905 17.857143
 137.07924 139.64299 132.35611 0.9478178 1.0187026 8.505563 1.1363636
 11.026318 8.87634 6.732492 0.75847614 0.80501395 6.9202228 10.0
 132.48265 137.22876 130.3239 0.94968355 1.0358244 8.547328 0.0
 10.838083 9.852002 7.163135 0.7270741 0.90901697 4.161714 5.681818
 106.321815 108.741 102.48267 0.9424475 1.0227534 8.338931 1.1363636
 12.892446 11.52809 9.920379 0.86053973 0.894174 7.1172338 10.227273
 124.342606 125.6571 119.109726 0.94789493 1.0105715 8.529076 1.1363636
 107.13814 107.767334 93.453636 0.86717963 1.0058727 4.332712 2.0833333
 134.18056 135.99844 129.02248 0.9487056 1.013548 8.481757 0.0
 125.75531 127.23211 119.96737 0.9429017 1.0117434 8.47575 3.409091
 119.537865 116.05772 103.97772 0.8959139 0.9708866 5.185471 10.714286
 115.46972 117.13749 111.368774 0.9507526 1.0144434 8.503705 1.1363636
 123.98937 125.957924 118.28328 0.9390698 1.0158768 8.584432 1.1363636
 2.217292 0.7709279 0.22009975 0.28549975 0.34768897 2.9356256 17.857143
 127.69824 127.459564 119.22555 0.935399 0.998131 8.371212 3.409091
 119.33266 118.69954 111.793396 0.94181824 0.99469453 8.400008 5.681818
 76.68983 77.62308 72.672745 0.936226 1.012169 8.504577 3.409091
 135.42905 136.34955 129.448 0.9493834 1.006797 8.501617 3.409091
 126.67112 128.48495 121.0403 0.9420582 1.0143192 8.441496 5.681818
 79.80231 73.42349 68.142815 0.9280791 0.92006737 8.775434 1.1363636
 114.086395 113.58984 98.91792 0.87083423 0.9956476 4.349914 6.25
 120.02029 93.69525 84.61759 0.90311503 0.78066176 5.577612 16.666666
 116.06976 116.32095 109.22364 0.93898505 1.0021641 8.377073 2.2727273
 9.730665 2.4990556 0.6043544 0.2418331 0.2568227 2.4880373 18.181818
 126.287094 127.64814 118.9844 0.93212795 1.0107774 8.38808 5.681818
 9.987296 9.932054 8.923936 0.8984986 0.9944687 10.946277 7.9545455
 116.74962 116.906555 110.66883 0.9466435 1.0013442 8.559482 3.409091
 7.1799536 2.2466586 0.58839124 0.26189616 0.31290713 2.4536915 13.095238
 131.99258 135.10037 127.73626 0.94549155 1.0235451 8.478122 0.0
 117.71449 120.57589 114.60432 0.9504746 1.0243078 8.500161 5.681818
 114.46018 116.8726 110.56596 0.9460384 1.0210764 8.32844 2.2727273
 115.94807 118.18148 112.186165 0.9492703 1.0192622 8.505926 13.636364
 82.15237 64.09089 56.74806 0.885431 0.78014654 5.625973 11.666667
 81.09637 80.742744 76.39065 0.9460993 0.9956395 8.504418 1.1363636
 14.067881 11.595284 9.813201 0.84630966 0.8242382 8.85293 11.363636
 3.88786 0.94658744 0.30660358 0.32390413 0.2434726 3.5747554 21.25
 135.6827 135.66261 129.02638 0.9510828 0.999852 8.437456 7.9545455
 2.7884643 0.8037055 0.2219262 0.27612874 0.28822514 1.8318907 25.0
 7.4392076 1.267051 0.26344246 0.20791782 0.17032069 1.7208333 15.909091
 34.789883 36.57847 34.56411 0.9449305 1.051411 8.315818 11.363636
 4.307913 1.30869 0.54121375 0.41355383 0.30378747 5.373269 19.318182
 108.99419 105.79924 95.10431 0.898913 0.97068703 5.183524 10.714286
 2.3052077 0.58258086 0.21056707 0.36143836 0.2527238 2.4228702 22.222221
 10.711809 11.392543 10.392502 0.9122197 1.0635499 7.783003 7.9545455
 132.2028 135.01366 127.847664 0.946924 1.0212617 8.521277 3.409091
 11.127116 10.516549 9.960183 0.94709617 0.94512796 6.50093 13.636364
 117.72788 119.22824 112.98065 0.9475997 1.0127443 8.462368 11.363636
 43.46415 26.053337 17.818417 0.68392074 0.5994213 11.492272 20.0
 4.335031 2.7312536 2.2923853 0.8393162 0.6300425 9.005558 19.047619
 3.211883 0.8913994 0.50129265 0.56236595 0.2775317 2.8296685 14.583333
 70.72702 71.04622 66.68178 0.93856895 1.0045131 8.51436 0.0
 121.744545 123.867615 117.45778 0.9482525 1.0174387 8.637962 2.2727273
 109.34683 106.888626 95.50075 0.8934604 0.9775192 5.1930623 8.928572
 127.73541 130.47069 123.95117 0.9500308 1.0214136 8.361663 10.227273
 123.22728 124.20259 116.31765 0.93651545 1.0079148 8.442728 0.0
 141.16113 143.92447 136.33942 0.9472984 1.0195758 8.549518 0.0
 2.817106 0.8547093 0.49390835 0.5778671 0.30339977 7.4228783 22.058823
 13.642345 12.723117 9.268338 0.7284645 0.9326194 7.2262754 7.9545455
 103.37249 71.0843 64.923454 0.9133305 0.687652 8.281287 15.909091
 129.51753 125.28086 113.58724 0.9066608 0.9672888 5.61479 13.333333
 14.911503 9.201044 8.373902 0.9101035 0.6170434 6.931624 18.181818
 136.50366 139.37631 132.26208 0.9489567 1.0210445 8.518006 1.1363636
 129.07373 132.49973 117.29722 0.88526386 1.026543 8.178338 2.2727273
 136.691 139.33067 131.33372 0.94260454 1.0193113 7.8369265 0.0
 120.116035 120.711334 112.96766 0.93584967 1.004956 8.449592 3.409091
 118.41316 120.42356 111.52878 0.9261375 1.0169778 8.308854 1.1363636
 122.65782 121.82721 114.99088 0.9438851 0.99322826 8.332617 2.2727273
 111.8477 109.56943 100.69419 0.91899896 0.97963053 5.5342264 10.0
 117.70051 120.4462 113.9716 0.9462449 1.0233277 8.336616 10.227273
 12.057972 12.623113 11.1394205 0.8824622 1.0468686 7.83541 9.090909
 12.50005 12.368257 11.26051 0.91043633 0.9894566 9.0549345 10.227273
 5.4186096 1.5418849 0.22826786 0.14804468 0.28455362 1.460564 15.476191
 113.134636 112.07892 103.97123 0.92766094 0.9906685 7.499876 4.7619047
 6.461695 2.302983 0.54197407 0.23533566 0.3564054 2.1853127 16.666666
 123.98521 123.44224 113.2828 0.9176988 0.9956207 7.974454 0.0
 120.70619 117.654045 110.410126 0.9384303 0.9747142 7.2043047 3.75
 5.5369983 1.5087799 0.7598183 0.50359786 0.2724906 3.220651 16.25
 134.04987 133.81924 126.275505 0.94362736 0.99827963 7.215314 5.0
 91.08855 54.189465 43.36902 0.80032194 0.5949098 4.1305947 17.307692
 122.09752 117.102516 109.67061 0.93653506 0.95909 6.787258 2.631579
 129.93636 126.40593 118.3379 0.9361737 0.9728296 6.8566294 3.9473684
 119.9316 116.32989 108.31463 0.9310989 0.9699686 6.176216 4.1666665
 125.20359 120.145454 110.991776 0.92381173 0.9596007 6.2771716 11.111111
 125.97756 125.84465 117.34446 0.9324549 0.998945 5.9493175 4.4117646
 121.94705 117.46662 110.7896 0.9431581 0.9632592 5.929063 14.705882
 4.907387 1.414693 0.51226026 0.36209995 0.28827825 2.6234567 11.666667
 6.8332896 5.2519236 4.5308666 0.8627061 0.7685791 5.816565 13.333333
 7.528412 7.4004703 7.0419636 0.95155627 0.98300546 5.0445576 3.3333333
 8.78069 5.657052 4.1425657 0.7322835 0.6442605 1.9908609 11.363636
 127.310715 140.21295 131.81815 0.94012815 1.1013445 5.0123725 3.5714285
 132.39604 149.38268 136.27762 0.91227186 1.1283016 4.4891343 0.0
 21.095594 19.438044 14.375119 0.73953533 0.92142665 5.4660106 7.6923075
 140.30798 162.20833 146.73236 0.904592 1.1560876 4.1006007 0.0
 74.571434 32.252296 25.31595 0.7849348 0.432502 3.381707 14.583333
 1.0 79.23842 77.32825 71.71069 0.9273544 0.9758934 580.1421 8.406394 126.0
