 17.44988 15.904214 14.756907 0.9278615 0.9114225 9.146418 11.363636
 119.13307 74.151726 66.82403 0.9011796 0.6224277 8.985932 15.909091
 72.737274 54.045456 49.10606 0.90860665 0.7430228 9.29939 11.363636
 128.0786 97.34708 89.13899 0.9156823 0.76005733 9.144298 15.909091
 24.07145 20.012106 18.538319 0.9263552 0.8313628 8.685995 10.227273
 112.19029 64.233665 56.752865 0.88353765 0.57254213 9.21344 17.045454
 131.82896 90.3533 82.17888 0.90952826 0.6853828 8.815708 13.636364
 122.14362 89.62445 82.254555 0.9177691 0.73376286 7.281326 15.789474
 5.3623915 3.2678776 2.744324 0.83978784 0.60940677 8.922916 13.636364
 100.09428 78.37945 72.11995 0.9201384 0.7830563 9.184923 13.636364
 77.30294 62.242733 57.73341 0.92755264 0.80517936 8.282034 18.181818
 98.44049 90.5465 85.97117 0.94946975 0.9198096 8.509582 1.1363636
 72.41777 71.02832 66.664375 0.9385605 0.9808133 8.830521 2.2727273
 122.31272 95.41341 88.31579 0.925612 0.7800775 9.3598585 14.772727
 117.1395 101.56856 94.56052 0.9310018 0.86707354 9.214171 6.818182
 58.459255 46.840538 42.98417 0.91767025 0.80125105 7.105746 7.9545455
 17.441723 14.605196 13.254859 0.907544 0.8373712 9.642868 13.636364
 119.00981 76.81223 68.20828 0.88798726 0.6454277 9.067153 17.045454
 122.38925 105.608986 98.324875 0.9310276 0.86289424 9.246292 12.5
 110.0716 75.53495 66.83751 0.8848554 0.6862347 9.065513 14.772727
 58.597305 50.53228 45.88686 0.90807027 0.86236525 9.523251 7.9545455
 113.31254 77.57094 72.00156 0.9282027 0.684575 9.287664 14.772727
 45.330547 39.581066 35.331604 0.89263904 0.8731654 8.748532 9.090909
 131.04924 101.334656 93.82689 0.9259112 0.7732563 9.149712 15.909091
 123.46178 96.34795 89.40427 0.9279311 0.7803869 9.303119 15.909091
 123.381256 89.91203 81.57718 0.9072999 0.72873336 8.935526 12.5
 127.21838 88.36743 80.84443 0.9148668 0.6946121 8.959191 10.227273
 135.00278 103.10982 93.130875 0.90322024 0.7637607 7.153722 15.277778
 29.1318 25.757343 24.583496 0.9544267 0.8841659 8.255728 4.5454545
 137.41597 98.05667 78.54427 0.80100894 0.71357554 4.6414804 9.615385
 70.26028 62.337223 56.918697 0.91307724 0.88723284 7.416774 4.1666665
 103.06062 80.37511 74.28906 0.9242795 0.7798818 9.355686 14.772727
 114.78827 87.433975 80.08386 0.9159352 0.7616979 9.358366 18.181818
 140.99762 114.341225 106.093864 0.92787063 0.8109444 9.198836 13.636364
 134.94942 94.60925 86.04938 0.9095239 0.701072 9.449118 14.772727
 96.334145 69.71781 64.3367 0.9228158 0.7237083 8.934583 14.772727
 119.263214 77.786224 70.23883 0.90297264 0.6522231 8.970401 12.5
 120.99107 85.56016 77.54439 0.9063142 0.70716095 8.868743 17.045454
 113.713135 67.45505 59.746204 0.88571876 0.59320366 8.881122 13.636364
 17.69799 14.698514 13.110367 0.89195186 0.83051884 9.241541 9.090909
 61.970234 60.53781 56.97944 0.9412207 0.97688526 9.354875 4.5454545
 75.38019 40.85102 34.805943 0.85202134 0.5419331 8.10499 13.636364
 124.868546 77.38415 28.702833 0.3709136 0.6197249 1.4032775 10.416667
 127.65582 100.45617 92.78178 0.92360455 0.7869297 9.230535 12.5
 107.06299 88.17068 82.02097 0.9302524 0.8235402 9.11331 15.909091
 126.20293 77.411575 67.52 0.87222093 0.6133897 6.8588476 17.647058
 121.185196 91.51977 81.23047 0.8875729 0.75520587 6.076434 12.5
 120.822845 105.73899 97.84353 0.9253307 0.87515724 9.320993 15.909091
 124.682205 99.85914 92.30802 0.9243823 0.8009093 9.214233 12.5
 20.106356 13.401196 12.184812 0.9092332 0.66651535 8.317912 13.636364
 4.3484488 1.1597267 0.4472875 0.3856835 0.26669896 3.985806 19.047619
 15.213444 8.321016 4.211583 0.5061381 0.54695153 5.496166 14.473684
 138.41301 109.01555 100.33818 0.92040247 0.7876106 9.235695 13.636364
 142.44849 78.18116 67.67601 0.8656306 0.54883814 6.290436 16.17647
 122.24147 91.50047 82.54922 0.90217257 0.74852234 9.177278 13.636364
 138.9856 101.9318 94.03008 0.9224803 0.7333983 9.150086 11.363636
 128.80106 98.50671 80.4069 0.81625813 0.76479733 7.2058525 15.909091
 118.720535 106.11452 97.318016 0.91710377 0.8938177 9.286341 5.681818
 59.5432 55.319046 51.793076 0.9362612 0.9290573 9.167173 1.1363636
 114.26503 77.541405 72.011894 0.9286896 0.6786101 9.192758 18.181818
 101.48924 67.386566 60.176193 0.8929999 0.6639774 8.946255 17.045454
 116.47607 84.61767 78.53066 0.9280646 0.7264812 9.203343 14.772727
 114.510155 80.65412 26.597858 0.32977682 0.70434034 3.6721654 9.090909
 130.33792 96.65809 87.759834 0.9079409 0.7415961 9.060145 13.636364
 106.8521 80.76395 72.9739 0.90354544 0.75584805 6.5987525 10.294118
 107.66667 80.46701 73.4306 0.9125554 0.74737155 9.286323 18.181818
 111.71501 75.32333 68.24716 0.906056 0.6742454 9.0755625 14.772727
 112.35298 96.21994 88.90015 0.9239265 0.8564075 9.397673 9.090909
 129.03139 94.93883 85.823265 0.9039849 0.73578095 9.699635 13.636364
 133.14333 99.31626 90.81896 0.914442 0.74593496 9.029148 17.045454
 23.33429 18.484737 16.483591 0.8917406 0.7921706 9.846909 12.5
 12.443633 7.7152224 6.9131827 0.8960445 0.62001365 8.004343 15.909091
 114.55897 71.064896 64.359375 0.90564233 0.6203346 9.064016 17.045454
 131.81332 98.01612 89.42559 0.91235596 0.7435979 9.295249 12.5
 105.958336 74.766945 67.11251 0.89762276 0.70562583 9.091126 14.772727
 20.894806 19.162724 18.031052 0.9409441 0.9171046 9.94659 11.363636
 16.520668 12.537402 9.510592 0.7585776 0.75889194 9.329471 15.909091
 116.78395 107.17814 92.99175 0.86763734 0.9177471 4.1647058 12.5
 2.0519176 0.5488696 0.22819339 0.41575155 0.26749107 4.9474144 18.75
 124.026535 99.875175 92.41923 0.9253474 0.80527264 9.250028 10.227273
 96.80056 78.65086 72.80849 0.92571753 0.81250423 9.360028 12.5
 116.74969 82.84496 76.19447 0.9197237 0.7095947 9.208435 18.181818
 97.759094 91.60913 85.17125 0.92972445 0.93709064 9.213543 3.409091
 133.76254 119.47246 110.76695 0.9271338 0.8931683 9.028814 5.681818
 16.25446 16.631754 15.723176 0.94537085 1.0232117 5.8166504 10.294118
 14.792965 13.872666 12.990242 0.9363912 0.93778807 9.455827 12.5
 140.42337 132.45604 117.86313 0.8898282 0.9432621 4.580779 0.0
 132.81299 110.35947 101.667145 0.9212363 0.8309388 8.390121 12.5
 131.88843 122.04788 112.16953 0.91906166 0.9253874 9.241493 6.818182
 96.36956 76.23894 69.25567 0.90840286 0.7911101 6.4656777 11.764706
 141.06242 123.719154 114.71264 0.9272019 0.8770525 9.647563 11.363636
 34.38743 6.7868485 0.5379772 0.079267606 0.19736424 0.7234893 18.181818
 2.0168176 0.5756419 0.22007518 0.3823127 0.28542086 3.1613836 18.181818
 113.20864 71.004326 64.20009 0.9041716 0.6271988 9.328682 15.909091
 1.6018456 0.50364995 0.30577716 0.60712236 0.31441855 1.3245974 15.909091
 129.51 118.73444 105.64273 0.8897395 0.91679746 9.091047 3.409091
 123.331985 77.42772 70.01441 0.9042551 0.62779915 8.994563 17.045454
 124.163086 85.054596 76.94958 0.9047081 0.6850232 9.156475 18.181818
 119.29662 73.46253 65.049095 0.8854731 0.6157972 7.852976 16.25
 4.519822 1.5264364 0.4088996 0.2678786 0.33772045 1.9867855 18.181818
 1.8777583 0.6909033 0.27386716 0.39639 0.3679405 4.191584 16.666666
 24.3071 20.217382 18.53991 0.9170281 0.83174807 10.471695 6.818182
 105.82523 77.78481 71.72205 0.9220573 0.7350309 9.209287 17.045454
 125.485176 87.39073 79.89172 0.9141898 0.69642276 9.156017 13.636364
 17.397732 8.197714 4.34296 0.529777 0.4711944 6.894721 15.909091
 2.062385 0.70428 0.23934914 0.3398494 0.3414881 2.4400287 19.736841
 95.294014 88.23682 83.05123 0.9412311 0.9259429 9.2323065 0.0
 125.83705 101.09286 92.5076 0.91507554 0.8033632 8.581096 14.285714
 81.00825 62.655357 57.57195 0.9188672 0.7734441 8.611509 14.285714
 103.97754 88.529724 80.856544 0.91332644 0.85143125 8.750695 8.333333
 128.37737 101.69507 93.6223 0.9206179 0.7921573 8.707087 14.285714
 99.43571 82.416664 76.60388 0.92947084 0.8288437 7.656961 15.0
 70.21302 66.50974 62.417515 0.9384718 0.94725645 7.941838 1.25
 130.33131 106.436714 97.14027 0.9126575 0.81666267 8.030951 17.5
 70.80721 49.86618 43.79191 0.87818855 0.70425284 7.6307445 16.25
 126.92782 106.42672 97.756165 0.9185303 0.8384822 8.203684 13.75
 126.23822 80.34383 71.95002 0.8955264 0.6364462 7.479536 12.5
 89.36377 51.698006 45.25905 0.8754506 0.5785119 7.76031 15.0
 101.94867 64.91795 58.899616 0.9072932 0.63677096 7.482161 16.25
 142.49513 85.85806 73.292015 0.85364157 0.60253334 5.617891 14.0625
 122.568855 96.55823 88.99838 0.92170686 0.7877877 7.132732 14.473684
 104.10685 67.673744 59.08379 0.8730681 0.6500412 7.0179863 15.789474
 109.00877 72.22942 65.1946 0.90260446 0.66260195 6.8476005 13.888889
 54.426403 36.075165 29.23054 0.8102676 0.66282475 6.010633 4.1666665
 98.0289 56.57702 50.056915 0.88475704 0.57714635 6.7208624 18.055555
 108.298485 76.31566 70.60956 0.92523026 0.7046789 6.9898133 18.055555
 122.82075 97.54969 89.87147 0.92128915 0.7942444 7.0649767 18.055555
 22.958431 18.286747 17.369923 0.949864 0.7965156 6.2617517 10.9375
 117.724594 86.21215 76.88535 0.8918157 0.73232067 5.9815993 15.625
 106.52921 83.411964 73.01215 0.87531996 0.7829962 5.023712 12.5
 109.98138 90.87717 82.38623 0.9065669 0.826296 4.67804 8.928572
 72.738815 58.67231 52.095028 0.887898 0.8066162 4.7868075 7.142857
 93.7284 54.92776 45.42014 0.8269068 0.58603114 4.079832 13.461538
 97.906044 62.48186 53.338448 0.8536629 0.6381818 4.2783933 17.307692
 118.86045 93.41331 81.573074 0.873249 0.7859074 3.8375533 12.5
 130.11974 94.752014 83.37951 0.8799761 0.72819096 3.8310492 12.5
 86.46679 81.60334 72.33109 0.8863742 0.94375354 4.0418906 0.0
 91.66644 67.28771 58.571407 0.87046224 0.7340495 3.8394556 12.5
 1.0 93.744736 70.51143 63.191994 0.896195 0.7521642 566.13837 12.812975 138.0
