 65.91477 66.083466 62.54336 0.9464298 1.0025593 8.180152 7.9545455
 94.90731 94.7125 89.796 0.94809026 0.9979474 8.181868 1.1363636
 2.5200293 0.5922772 0.12157082 0.20526 0.23502791 1.625556 23.214285
 84.654366 85.15349 80.97946 0.95098233 1.005896 8.0779085 1.1363636
 98.27212 97.22903 91.35435 0.939579 0.98938566 8.326853 1.1363636
 97.70773 96.91573 91.43275 0.9434253 0.9918942 8.157749 0.0
 0.1008902 0.033187564 0.016593782 0.5 0.32894737 2.0 75.0
 23.397287 23.012606 21.758196 0.9454903 0.9835587 8.376454 2.2727273
 98.29261 98.24805 93.180336 0.94841915 0.99954665 8.147166 13.636364
 117.291855 118.10918 112.10875 0.9491959 1.0069684 8.2451935 1.1363636
 1.8721825 0.63436586 0.09231112 0.14551717 0.3388376 1.7393937 21.052631
 88.55706 54.576763 50.203182 0.91986364 0.61628926 7.929343 14.772727
 1.5741435 0.38939464 0.06693542 0.1718961 0.2473692 0.91144365 16.666666
 55.157043 23.646267 20.087217 0.8494879 0.42870802 6.878571 11.363636
 107.83753 108.10592 102.55123 0.9486181 1.0024887 8.258113 5.681818
 1.5413365 0.36740538 0.07608314 0.20708226 0.23836805 1.8198698 17.1875
 2.346027 0.51715535 0.19389857 0.37493291 0.22043881 3.2209163 21.052631
 91.44841 91.050835 86.00124 0.94454104 0.99565244 8.059093 7.9545455
 1.6985788 0.61782366 0.145508 0.23551704 0.36372977 1.6823405 20.0
 86.553024 85.68277 81.29472 0.94878733 0.9899454 8.211735 11.363636
 102.24742 102.09711 96.9669 0.94975173 0.9985299 8.134298 0.0
 87.04892 87.28211 82.666595 0.9471196 1.0026789 8.012461 10.227273
 106.01978 105.8379 100.59665 0.95047855 0.9982844 8.143711 1.1363636
 0.7852221 0.15868099 0.0821802 0.5178957 0.20208421 5.85058 19.444445
 1.84107 0.30895996 0.04198063 0.13587725 0.16781543 1.5240316 15.909091
 96.31133 93.25395 88.17784 0.9455668 0.9682552 8.186223 3.409091
 105.145905 104.22219 98.9681 0.94958764 0.99121493 8.120761 5.681818
 88.36486 89.08815 84.5394 0.948941 1.0081853 8.136657 3.409091
 86.57099 86.337234 81.00756 0.93826914 0.99729985 8.146966 10.227273
 106.91399 107.17178 101.66998 0.94866365 1.0024112 8.234023 0.0
 13.249493 13.500978 12.222951 0.90533817 1.0189807 10.108842 3.409091
 79.74505 80.6186 72.80205 0.90304285 1.0109543 9.500389 5.681818
 3.2693982 0.63516724 0.22519194 0.35453957 0.19427651 3.966428 17.857143
 108.86988 84.50351 79.95756 0.946204 0.7761881 8.135332 14.772727
 31.786198 27.385712 26.246868 0.9584147 0.86155987 2.379857 17.307692
 79.81073 79.85256 74.40872 0.93182635 1.0005242 7.004453 6.5789475
 1.0074428 0.23585187 0.038415927 0.16288158 0.23410943 1.5209686 23.214285
 13.4693 11.997304 11.25446 0.93808246 0.8907147 6.9563036 12.5
 95.8761 97.35095 92.41234 0.94926995 1.015383 8.225465 1.1363636
 94.5536 94.53636 89.663185 0.9484518 0.99981767 8.017204 2.2727273
 1.1408436 0.19115458 0.07692954 0.40244675 0.16755547 4.2455597 18.75
 97.57555 97.536865 92.52864 0.94865304 0.99960357 8.0792465 3.409091
 87.06008 85.13474 79.10269 0.92914706 0.97788495 6.677884 12.5
 90.06383 86.19183 81.02363 0.9400384 0.9570083 8.150238 5.681818
 1.6393821 0.42224354 0.16009557 0.3791546 0.2575626 3.9679103 22.222221
 101.84224 102.643974 97.58359 0.9506997 1.0078723 8.143414 9.090909
 1.2763345 0.27172148 0.15376495 0.5658918 0.21289206 8.794333 20.3125
 100.452446 101.55507 96.248245 0.94774437 1.0109766 8.242768 0.0
 42.210884 41.86915 38.437965 0.91804993 0.991904 5.8596787 0.0
 1.4511607 0.4098154 0.10229195 0.24960494 0.28240526 1.5421866 18.75
 3.763735 0.7194385 0.28298262 0.39333817 0.19115014 2.282669 9.615385
 93.084694 91.30568 83.619736 0.91582185 0.98088825 6.1967134 2.9411764
 95.96044 95.51553 89.06873 0.93250525 0.99536365 6.5057964 1.3888888
 12.991342 10.516368 10.021063 0.95290154 0.80949056 8.112476 9.090909
 1.8099234 0.5597647 0.2141414 0.3825561 0.30927536 1.9793581 19.444445
 103.75726 104.716866 98.8884 0.9443407 1.0092486 8.481924 1.1363636
 76.73091 47.175877 43.461838 0.9212725 0.6148223 8.238769 12.5
 2.2448916 0.61996144 0.10857435 0.1751308 0.27616543 1.6609023 17.5
 98.87851 98.425835 91.087944 0.92544746 0.99542195 6.750624 1.3888888
 91.74346 91.659 86.80696 0.9470643 0.9990793 8.265362 0.0
 105.374535 106.865234 101.844635 0.9530193 1.0141467 8.127478 0.0
 11.776126 10.381505 9.576871 0.92249346 0.8815722 8.559512 6.818182
 59.78488 60.999287 57.853786 0.9484338 1.0203129 8.096356 4.5454545
 79.37665 79.54625 75.44979 0.9485021 1.0021367 8.319731 1.1363636
 104.05386 103.10248 98.11087 0.9515859 0.9908568 8.135806 3.409091
 1.773169 0.34585395 0.07778591 0.2249097 0.1950485 1.697996 18.421053
 10.31448 10.135398 9.542521 0.9415044 0.98263776 8.378237 9.523809
 94.56264 93.308334 86.38735 0.9258268 0.98673576 6.205553 5.882353
 85.83559 85.33047 80.680664 0.9455083 0.99411523 8.165088 7.9545455
 90.867905 90.93808 86.28858 0.94887185 1.0007722 7.819318 11.904762
 92.92022 94.41256 89.28092 0.94564664 1.0160605 7.8681855 1.1904762
 78.226875 77.117676 70.68879 0.91663533 0.98582065 5.776728 12.5
 96.40014 95.67338 89.85001 0.9391328 0.992461 8.183665 5.681818
 2.4118757 0.57631856 0.16012351 0.27783856 0.23895036 3.1465523 18.75
 4.992329 3.515846 2.9161422 0.8294283 0.7042497 4.136272 11.538462
 84.57115 87.930275 82.79423 0.94158953 1.0397195 6.09863 1.4705882
 36.283794 28.402538 25.02328 0.8810227 0.7827885 3.9647143 12.5
 1.9792273 0.3445308 0.09949317 0.28877875 0.17407338 1.5298793 17.5
 0.98734176 58.61172 56.390003 52.994316 0.93978214 0.96209425 439.6712 10.055692 79.0
