 1.8842678 0.522702 0.08162879 0.15616697 0.27740324 1.4606615 17.857143
 3.6836085 0.96416116 0.10764432 0.111645564 0.26174366 1.1963637 12.5
 1.3914447 0.41547653 0.10438828 0.25124952 0.29859364 1.9795613 22.368422
 1.071112 0.37318265 0.091331124 0.24473572 0.34840673 1.9254426 19.642857
 91.76263 89.26195 84.86599 0.9507522 0.9727484 8.687816 1.1363636
 90.93394 86.48323 81.55811 0.9430512 0.9510556 8.683502 9.090909
 1.6825583 0.39895648 0.08497138 0.21298409 0.23711303 2.3623862 19.736841
 82.4971 79.764145 75.34125 0.94455034 0.96687216 8.775542 5.681818
 1.3979167 0.3174888 0.15829468 0.49858353 0.22711569 5.2383294 19.117647
 1.5935087 0.59276813 0.097156085 0.16390234 0.37198928 1.4565737 22.222221
 2.5648174 0.7145209 0.11438063 0.1600802 0.27858546 1.6462513 17.857143
 21.036446 17.00775 16.312653 0.9591306 0.80848974 8.817755 17.045454
 75.91319 72.00045 67.7772 0.94134414 0.9484577 7.249946 0.0
 1.3737147 0.38343397 0.07070559 0.18440096 0.279122 1.9980791 20.833334
 2.5572913 1.0496142 0.46010515 0.4383565 0.41043982 3.872073 17.647058
 35.23026 35.821285 34.763165 0.9704611 1.0167761 7.990773 4.5454545
 1.6402415 0.3645031 0.11970572 0.328408 0.22222525 2.9478714 18.421053
 1.5400507 0.31066716 0.08393311 0.2701705 0.20172527 1.6126307 17.5
 3.9584358 1.0432812 0.44520965 0.4267398 0.26355898 4.3082323 19.318182
 24.238672 23.481133 22.2823 0.9489449 0.96874666 8.786848 4.5454545
 2.1329963 0.5616733 0.1808905 0.32205644 0.26332596 2.703036 19.047619
 86.3359 52.579636 49.564804 0.9426616 0.6090124 8.89702 17.045454
 27.487734 25.62152 24.29284 0.948142 0.9321073 8.272371 9.523809
 87.75 79.79897 74.97504 0.93954885 0.90939003 8.729456 12.5
 4.256014 2.960367 2.6760802 0.9039691 0.6955726 3.8080053 12.5
 5.0038466 1.1387384 0.26378947 0.23165065 0.2275726 2.2622564 19.318182
 87.78341 72.59026 68.05776 0.9375605 0.8269247 8.97098 13.636364
 92.33832 88.94704 84.54566 0.95051694 0.9632733 8.833076 1.1363636
 0.19449534 0.047640502 0.02283277 0.47927222 0.24494419 2.3014927 25.0
 1.6321727 0.50090945 0.11741762 0.23440889 0.3068973 2.6853344 16.666666
 83.84385 73.082954 66.28745 0.9070166 0.87165546 5.000848 8.928572
 2.1454535 0.5308112 0.39841124 0.75057054 0.24741213 7.8689575 19.736841
 6.475896 5.099146 4.391511 0.86122483 0.78740394 8.138679 13.636364
 86.063324 83.4809 79.15621 0.9481954 0.969994 8.801627 1.1363636
 4.563823 2.711717 1.9921858 0.7346584 0.5941766 7.163392 12.5
 11.188515 6.73332 5.992009 0.88990414 0.6018064 5.3561616 18.181818
 79.74668 59.496742 55.77281 0.9374095 0.7460717 8.7032175 18.181818
 1.953133 0.50958836 0.077527635 0.15213777 0.2609082 1.144403 17.045454
 2.1707666 0.5351433 0.1884153 0.35208383 0.24652272 4.348981 17.857143
 0.71054757 0.18546417 0.09000441 0.48529267 0.26101586 7.434675 20.833334
 99.632774 76.67352 72.03649 0.93952245 0.7695613 8.868451 5.681818
 83.6013 76.50673 72.221695 0.94399136 0.915138 8.743055 13.636364
 2.6362467 0.70037186 0.15503708 0.22136393 0.2656701 1.628291 17.105263
 2.4814324 0.9688076 0.5603173 0.57835764 0.39042273 7.032031 19.736841
 19.059118 17.673803 15.840445 0.8962668 0.9273149 7.7046895 5.5555553
 13.248482 7.7348933 5.5281553 0.7147035 0.58383244 3.7494426 13.333333
 4.646178 4.4253445 4.102901 0.92713714 0.9524699 5.355674 8.333333
 8.018256 2.6413572 1.1298071 0.42773736 0.3294179 3.2266273 15.384615
 1.0 28.230247 24.077251 22.407055 0.93063176 0.85288846 198.28708 14.171805 48.0
