 94.93009 91.368996 87.257675 0.9550031 0.96248716 8.937413 14.772727
 2.6519327 0.6806893 0.12610532 0.1852612 0.25667667 1.4112122 21.052631
 10.451384 9.879768 9.472935 0.95882154 0.9453072 9.003299 2.2727273
 6.398724 5.159366 4.6906753 0.90915734 0.80631167 7.942005 11.363636
 6.898248 4.7309666 4.4222865 0.9347533 0.6858215 8.830565 11.363636
 12.677922 7.67003 6.4045787 0.8350135 0.60499114 7.880793 14.772727
 24.09716 23.845884 22.697708 0.9518501 0.98957235 8.665994 10.227273
 2.3747444 0.699086 0.1636863 0.23414329 0.2943837 1.6085821 17.857143
 9.031247 8.285687 7.900744 0.95354116 0.9174467 9.035602 11.363636
 64.23172 42.446022 39.77198 0.93700135 0.6608265 8.847021 12.5
 89.21665 84.59527 80.700714 0.9539625 0.9482004 8.920433 2.2727273
 10.306981 9.076703 8.575871 0.94482225 0.8806364 8.856268 13.636364
 7.1162224 6.253488 5.9156795 0.9459808 0.87876517 9.241636 12.5
 9.84885 7.5418878 6.976011 0.9249688 0.7657632 10.258004 13.095238
 85.420166 81.4328 77.78588 0.95521563 0.9533205 8.880793 4.5454545
 51.33808 49.14649 46.651184 0.9492273 0.95731056 9.08988 1.1363636
 4.386847 1.9143332 0.65871024 0.34409383 0.43638024 3.989724 11.904762
 88.453316 85.39158 81.72819 0.9570989 0.96538585 9.176564 5.681818
 2.1899068 1.2012842 0.4702615 0.39146566 0.5485549 6.1431937 23.4375
 87.695015 83.47607 79.514595 0.9525437 0.9518907 8.8664665 1.1363636
 9.405469 5.7398024 4.674254 0.814358 0.6102622 7.4424586 17.045454
 9.4406185 7.087615 6.627185 0.9350374 0.75075746 8.842516 15.909091
 9.254351 8.055864 7.6019616 0.94365555 0.87049484 8.650768 11.904762
 15.205583 15.027434 14.355669 0.9552974 0.988284 9.426908 12.5
 87.0754 81.54841 76.58184 0.93909675 0.9365263 8.773433 0.0
 8.0768795 7.7213793 7.4546247 0.9654525 0.9559854 8.144211 6.818182
 7.0656705 6.539209 6.106366 0.9338081 0.9254902 8.521451 11.363636
 4.417311 1.5056285 0.71143365 0.47251606 0.34084728 4.8360796 15.476191
 80.60151 75.97889 72.43667 0.9533789 0.9426485 8.889441 1.1363636
 24.702698 24.41032 23.241695 0.9521258 0.9881641 9.184442 9.090909
 79.46098 75.610535 72.11211 0.953731 0.9515429 8.829077 3.409091
 8.426985 8.158427 7.787391 0.9545211 0.96813124 8.708488 12.5
 90.55846 84.25026 78.95895 0.93719524 0.9303412 6.5166116 0.0
 6.5721135 4.269973 4.0747375 0.95427716 0.6497108 9.30837 13.636364
 90.16415 86.15873 82.345894 0.9557464 0.95557636 8.87465 3.409091
 7.78007 1.5083367 0.21088871 0.13981542 0.19387186 1.1635414 14.772727
 44.43669 41.108994 39.065987 0.9503026 0.92511374 8.339982 12.5
 8.369501 7.914482 7.505221 0.9482895 0.9456337 8.779399 5.681818
 2.8360913 1.1400312 0.7276416 0.6382646 0.40197268 7.412146 20.833334
 6.230315 1.5741152 0.2964452 0.18832499 0.25265417 1.7963593 15.909091
 5.6070166 3.14441 2.4702532 0.78560156 0.5607991 7.8998623 9.090909
 6.5473566 1.9061452 0.6536927 0.34293962 0.29113203 4.260163 16.666666
 78.04878 67.51898 64.19788 0.95081234 0.865087 8.894812 14.772727
 5.480852 3.774928 2.4739714 0.65536916 0.68874836 2.949621 13.636364
 5.475003 5.0790825 4.7544847 0.9360913 0.9276858 8.142725 9.523809
 9.151749 8.537233 8.120265 0.9511589 0.93285275 9.102584 11.363636
 83.09617 77.47793 73.04672 0.94280684 0.9323888 8.750122 14.772727
 57.87107 55.68385 52.967533 0.95121896 0.9622053 8.873931 1.1363636
 71.32845 71.14444 66.47004 0.9342971 0.99742013 8.4035425 0.0
 2.5430386 0.47330892 0.20915312 0.44189554 0.18611944 2.977727 21.153847
 4.4273057 3.1795921 2.7492027 0.86464006 0.7181777 3.9225657 14.583333
 1.0 31.360252 28.392641 26.723051 0.9411964 0.9053703 245.28154 10.735083 51.0
