 101.30535 69.551544 63.32926 0.91053706 0.6865535 6.717088 13.157895
 116.412224 109.21226 99.301254 0.9092501 0.9381511 6.725801 2.7777777
 1.8010846 0.58601767 0.14091069 0.24045467 0.3253693 2.401125 22.058823
 126.847145 121.50668 107.475464 0.8845231 0.95789844 4.5434194 1.9230769
 16.65051 13.672533 11.850382 0.8667291 0.821148 8.010223 12.5
 128.99725 125.10219 117.6011 0.9400403 0.969805 8.200017 5.681818
 129.33852 122.89189 112.09131 0.9121131 0.95015705 6.9600253 7.894737
 7.479368 5.7518888 4.8488607 0.8430032 0.769034 9.546218 8.333333
 21.424578 19.689627 18.51053 0.94011587 0.9190205 6.6014576 9.210526
 106.65987 101.38611 93.224976 0.9195044 0.9505554 6.3481097 2.9411764
 120.63181 115.490776 103.83399 0.8990674 0.95738244 5.570057 1.6666666
 13.9494505 9.998274 7.359654 0.73609245 0.7167504 4.9204497 14.285714
 6.539955 5.2346153 4.385374 0.8377643 0.8004054 7.8888826 10.227273
 19.529808 18.805916 17.44919 0.9278565 0.96293396 8.81482 3.409091
 16.069021 15.03429 11.742002 0.7810147 0.9356071 6.641014 6.818182
 14.442267 12.373403 9.8856945 0.79894716 0.85674924 10.199326 11.363636
 47.001778 43.153927 39.42448 0.91357803 0.918134 5.8166604 4.6875
 136.57166 130.09068 120.93975 0.9296572 0.9525452 8.07533 0.0
 74.167145 33.651493 29.499168 0.87660795 0.4537251 7.6032224 15.909091
 127.089195 124.74894 116.91321 0.93718797 0.9815858 8.135128 1.1363636
 140.63382 141.0948 134.92648 0.95628244 1.0032779 8.051115 1.1363636
 132.43172 131.24742 124.68343 0.9499877 0.9910573 8.1558 0.0
 12.233331 8.8820305 8.163151 0.9190636 0.7260517 6.8198614 13.636364
 12.821587 12.528712 11.976541 0.9559275 0.9771577 8.60365 11.363636
 22.067392 20.630169 19.462997 0.94342405 0.9348712 7.824734 12.5
 14.106662 13.189289 12.439759 0.9431713 0.9349688 9.733106 11.363636
 16.089611 13.471476 12.046161 0.8941976 0.83727795 8.878929 6.818182
 11.458097 8.122282 7.1178737 0.8763391 0.7088684 6.6259813 10.526316
 16.536009 17.185072 16.297045 0.9483256 1.0392516 7.2783394 10.227273
 16.963379 16.238678 15.24439 0.93877035 0.95727855 7.7714505 11.363636
 139.59131 139.19072 131.85953 0.9473298 0.99713033 8.277411 3.409091
 115.551254 112.06583 106.579025 0.9510395 0.96983653 7.9686217 11.363636
 127.985275 124.65975 117.42124 0.9419339 0.97401637 8.121161 17.045454
 18.864954 20.251146 19.33183 0.95460415 1.0734798 9.136996 6.818182
 20.404932 19.156137 17.239082 0.89992476 0.9387993 7.797334 6.818182
 115.85368 113.66748 107.73051 0.9477689 0.9811296 8.189158 1.1363636
 16.08149 14.249692 12.044178 0.8452238 0.8860928 6.039467 5.5555553
 114.06182 107.74552 95.74991 0.88866717 0.94462395 5.1947923 10.714286
 1.7043324 0.4184971 0.071696155 0.17131817 0.245549 1.5614666 23.529411
 117.061775 114.75649 108.63244 0.94663435 0.9803071 8.092338 1.1363636
 107.81713 98.099106 88.71801 0.9043712 0.9098657 5.467368 16.666666
 112.465996 111.88655 105.308426 0.94120723 0.9948478 8.23352 0.0
 132.4589 128.47295 116.40944 0.9061008 0.9699081 7.9487715 1.1363636
 17.603619 17.658451 16.793354 0.9510095 1.0031148 7.7762117 5.681818
 19.157333 16.00911 14.172224 0.8852599 0.83566487 8.065737 9.090909
 2.332187 0.7470082 0.14249168 0.19074982 0.32030374 1.5918387 16.666666
 17.775663 14.674238 12.376681 0.8434292 0.8255241 6.1352596 12.5
 139.9799 136.15561 129.5744 0.9516641 0.9726796 8.007653 1.1363636
 2.5660465 0.7432526 0.18937282 0.25478932 0.28964892 2.519442 21.428572
 4.047213 1.0444359 0.53858626 0.5156719 0.258063 3.6775146 16.25
 1.5227755 0.48122644 0.31985506 0.6646664 0.3160193 6.3259735 20.588236
 17.12327 15.818082 15.173702 0.95926315 0.923777 7.901207 12.5
 26.320816 27.303087 23.199 0.84968406 1.0373192 8.980297 5.681818
 122.74599 114.47052 104.37644 0.91181934 0.93258053 5.998718 1.5625
 137.59981 133.01788 123.88359 0.9313304 0.96670103 7.4881887 1.25
 68.09435 51.282333 44.16236 0.8611613 0.75310695 3.9649444 8.333333
 4.2449803 2.7779806 2.3713388 0.85361964 0.6544154 5.0917416 17.5
 13.350402 10.358113 9.025296 0.8713262 0.77586526 5.2104516 15.476191
 25.049725 23.956892 22.59037 0.94295913 0.95637345 8.359156 10.227273
 17.472912 17.176893 16.01469 0.93233913 0.98305845 8.142922 10.227273
 12.484945 6.6663675 5.49081 0.8236584 0.5339525 5.881337 17.105263
 5.03922 1.993909 1.1505047 0.5770096 0.3956781 3.6430557 12.5
 1.9488896 0.44221717 0.16901761 0.382205 0.22690725 3.0138063 25.0
 4.783777 3.7230263 1.1857752 0.31849766 0.7782608 3.4581327 13.636364
 2.7362258 0.5909975 0.16407914 0.27763084 0.21599005 1.3316282 17.5
 113.75389 109.62194 103.63066 0.945346 0.96367633 8.089552 1.1363636
 19.8667 21.804304 20.819584 0.9548382 1.0975304 6.456329 4.5454545
 77.72169 64.82157 61.5174 0.94902664 0.8340216 7.8313985 10.227273
 8.200933 6.1556044 4.979485 0.80893517 0.7505981 10.007425 10.714286
 137.02318 134.64244 126.85197 0.94213957 0.98262525 7.4663305 0.0
 114.84153 110.87749 105.16164 0.94844896 0.96548253 8.2219 1.1363636
 117.80385 113.905525 107.75583 0.9460106 0.96690834 8.152514 1.1363636
 8.128656 6.8757515 6.6174736 0.9624364 0.84586567 7.7712913 14.285714
 143.80814 137.55931 128.28319 0.9325664 0.95654744 6.1685987 2.9411764
 125.716064 122.06113 115.57941 0.94689775 0.97092706 8.032575 3.409091
 121.38916 119.81403 112.87609 0.9420941 0.9870241 8.039787 0.0
 19.338482 18.329887 17.068645 0.9311921 0.94784516 8.767557 9.090909
 129.15851 127.90543 119.98139 0.93804765 0.99029815 7.046324 5.263158
 115.00075 111.70718 106.25121 0.9511584 0.9713604 8.086431 1.1363636
 14.794576 14.823719 11.645279 0.78558415 1.0019698 6.5537887 4.5454545
 123.42917 120.59189 114.25896 0.94748455 0.9770129 8.176522 1.1363636
 8.218551 4.8454175 4.0428667 0.8343691 0.58957076 7.946458 13.636364
 133.07114 127.80797 118.41401 0.9264994 0.96044844 8.187987 9.090909
 19.04473 16.712904 14.979578 0.89628816 0.8775605 8.614536 13.636364
 19.884882 15.5815115 14.396955 0.9239767 0.78358585 8.1175 10.227273
 12.8894205 11.720679 10.729295 0.9154158 0.9093256 8.897224 6.818182
 11.44193 6.0768366 4.0564795 0.66753143 0.5311024 4.1143484 15.909091
 22.330475 18.452936 17.153215 0.9295657 0.8263566 8.510899 9.090909
 14.547829 14.130542 13.407084 0.9488019 0.97131616 8.328098 9.090909
 21.474417 19.367798 18.09835 0.9344557 0.901901 8.1614895 13.636364
 19.10116 13.629883 7.610879 0.5583965 0.7135631 3.844968 11.363636
 118.60816 113.38778 106.944016 0.94317055 0.9559863 8.09726 11.363636
 16.259912 15.916957 14.69691 0.92334926 0.97890794 8.129975 5.952381
 17.184256 16.714628 15.806044 0.9456414 0.97267103 8.346851 9.090909
 19.46535 17.767523 16.284588 0.9165367 0.912777 6.6301756 5.681818
 134.20448 131.2066 122.79531 0.93589276 0.97766185 7.0708013 0.0
 132.60509 130.62141 123.95957 0.9489988 0.9850407 8.096774 1.1363636
 119.59179 117.92327 111.383705 0.9445439 0.9860482 8.328537 5.681818
 129.55591 129.02562 120.23852 0.9318964 0.9959069 6.560841 1.3157895
 14.845238 11.685756 5.4292846 0.46460703 0.787172 3.7170932 9.523809
 98.687225 93.28187 84.543205 0.9063198 0.9452274 7.4194226 5.952381
 101.6293 94.09547 83.94148 0.8920885 0.92586946 4.3991494 1.9230769
 115.97568 110.47394 104.58703 0.9467122 0.95256126 7.367597 7.5
 35.811546 35.323944 33.3816 0.94501334 0.9863843 6.9207096 5.0
 12.630646 12.337477 11.790121 0.9556347 0.97678906 6.9540033 7.894737
 106.12321 97.17664 86.93308 0.8945883 0.91569644 4.217538 1.9230769
 34.830437 36.12397 34.050247 0.94259423 1.037138 7.618374 3.9473684
 21.515759 16.7621 15.710071 0.9372375 0.77906156 5.0276904 13.235294
 112.302376 96.33733 87.266045 0.90583825 0.85783875 6.6799264 8.333333
 144.82388 145.1706 133.95262 0.9227256 1.002394 4.9407864 0.0
 144.89111 140.30301 125.19615 0.89232695 0.968334 3.68381 6.25
 148.21265 150.85323 142.05267 0.9416615 1.0178162 5.812168 1.4705882
 160.24919 164.0021 154.18993 0.9401704 1.0234193 5.884356 1.4705882
 133.15005 137.15825 129.4158 0.943551 1.0301028 5.7841725 1.4705882
 142.47014 139.95352 127.392746 0.9102504 0.9823358 4.8561406 0.0
 55.66189 53.95935 50.92796 0.94382083 0.96941286 5.475607 1.4705882
 132.74646 133.12193 125.11236 0.9398328 1.0028285 5.628784 1.4705882
 138.96463 138.3247 128.44951 0.9286085 0.9953951 4.853401 0.0
 135.57628 135.84819 126.01698 0.9276309 1.0020056 4.8503575 1.6666666
 140.71028 143.62085 135.07271 0.9404811 1.0206848 5.744125 1.4705882
 154.19073 155.80737 144.0977 0.92484516 1.0104847 4.9187193 3.3333333
 147.83548 148.93216 138.13138 0.9274785 1.0074183 4.9341106 0.0
 134.3564 133.922 123.304596 0.9207195 0.99676675 4.966432 1.6666666
 151.07397 151.59709 140.7135 0.92820704 1.0034628 4.8827972 1.6666666
 147.4709 146.86201 136.97984 0.9327112 0.9958711 5.9675565 0.0
 136.70789 140.03654 131.45535 0.9387217 1.0243487 5.984637 7.352941
 139.62384 140.16963 129.95087 0.9270971 1.0039091 4.8946533 1.6666666
 138.4641 138.9163 130.60342 0.940159 1.003266 5.8089943 1.4705882
 158.10274 160.06174 150.36926 0.93944544 1.0123906 5.7756 7.352941
 139.69164 138.09465 127.67815 0.9245698 0.9885678 4.896553 0.0
 133.02449 132.99454 121.97698 0.9171579 0.9997748 4.9298577 0.0
 91.199936 88.67479 82.17748 0.92672884 0.972312 6.046491 8.823529
 149.54622 151.26021 140.19919 0.9268743 1.0114613 4.926113 1.6666666
 136.12146 135.61755 124.629486 0.9189775 0.99629813 4.908143 0.0
 124.84127 121.28688 107.31036 0.8847648 0.97152877 5.5439672 2.9411764
 127.545654 127.28149 119.32733 0.93750733 0.9979288 5.711426 1.4705882
 128.10155 130.14145 122.32778 0.9399602 1.0159241 5.7990403 10.294118
 129.98857 128.39568 115.12162 0.896616 0.98774594 5.555324 4.4117646
 5.64056 1.5117006 0.2987753 0.19764183 0.2680054 1.1864569 12.5
 132.06186 136.6767 129.53613 0.94775575 1.0349445 5.2865562 1.5625
 135.69234 137.67212 128.85315 0.9359422 1.0145903 4.4960356 5.357143
 131.5595 128.22977 119.61791 0.9328404 0.9746903 5.015411 8.333333
 18.489569 19.638073 17.108925 0.871212 1.0621164 4.6275153 5.0
 153.94728 158.63857 146.00357 0.92035353 1.0304734 4.2196198 0.0
 132.24588 135.87517 126.75049 0.9328451 1.0274435 4.969072 8.333333
 157.56091 161.18245 148.87299 0.9236303 1.022985 4.200253 1.9230769
 136.16325 136.45584 125.45625 0.9193909 1.0021487 4.667248 1.7857143
 118.72242 119.40767 111.85511 0.93674976 1.0057719 4.631676 1.7857143
 17.96622 9.474376 3.7145827 0.3920662 0.52734387 2.3081844 8.928572
 112.4232 120.09617 111.33665 0.92706245 1.0682508 3.8470898 2.0833333
 128.40237 140.47331 131.16908 0.93376505 1.0940087 4.312286 3.8461537
 15.748643 7.1034765 5.5209765 0.77722174 0.45105323 3.2042012 15.384615
 1.0 78.20991 75.743576 70.121445 0.92577416 0.9684652 476.2328 6.9633665 152.0
