 110.08125 113.36146 105.5059 0.93070346 1.029798 8.975216 4.5454545
 115.616264 114.235504 106.91829 0.9359463 0.9880573 5.343095 5.0
 130.58708 130.12209 115.17588 0.8851371 0.9964391 3.898838 2.0833333
 105.21648 109.094055 104.14305 0.95461714 1.0368533 9.106652 3.409091
 102.935356 106.51176 102.0013 0.957653 1.0347441 8.968603 1.1363636
 90.82833 89.03578 82.780785 0.9297474 0.98026437 6.062701 3.125
 103.99981 105.28209 95.44832 0.906596 1.0123297 4.426698 1.9230769
 108.757454 112.70171 106.35521 0.9436876 1.0362664 7.455702 1.3157895
 77.44374 77.72279 73.86659 0.9503852 1.0036033 9.486687 1.1363636
 14.444187 13.493912 12.139247 0.89960915 0.93421054 8.592558 10.714286
 94.655556 97.37704 92.76761 0.95266414 1.0287514 9.137621 1.1363636
 64.793144 66.39651 63.17775 0.9515222 1.024746 9.21549 6.818182
 110.177055 114.47987 108.8492 0.95081514 1.0390537 9.052681 1.1363636
 100.25244 103.92152 98.15796 0.9445393 1.0365983 8.962631 2.2727273
 20.260353 16.841055 11.485074 0.68196875 0.8312321 5.1268415 7.142857
 108.100426 113.008606 102.34709 0.9056575 1.045404 4.0567765 2.0833333
 93.22185 96.96369 92.42991 0.9532425 1.0401391 9.25039 1.1363636
 108.770096 113.29099 108.56314 0.95826805 1.0415637 9.206045 1.1363636
 13.7195425 8.001735 7.14904 0.8934363 0.5832363 5.520305 9.210526
 119.30365 119.9907 109.723076 0.91442984 1.0057589 4.9768314 0.0
 72.601524 63.893044 52.180527 0.81668556 0.88005096 11.113961 7.9545455
 18.242779 17.908709 16.728487 0.9340979 0.98168755 7.5454 9.090909
 139.55957 144.33658 134.72958 0.9334403 1.0342292 5.443271 1.6666666
 114.44284 118.51658 111.62195 0.9418256 1.0355963 9.025313 6.818182
 96.48519 100.12493 95.4929 0.95373744 1.0377233 9.20059 5.681818
 56.83562 61.455826 58.40153 0.950301 1.0812906 4.4895854 9.210526
 126.67318 130.0641 122.91353 0.9450227 1.026769 9.068903 4.5454545
 104.05003 107.5235 99.82275 0.9283807 1.0333827 8.945807 1.1363636
 107.887726 111.12926 105.04636 0.9452628 1.0300454 9.193532 1.1363636
 68.39454 66.528244 62.64502 0.9416304 0.9727128 8.734929 1.1363636
 110.76556 115.59902 109.897804 0.9506811 1.0436369 9.248237 1.1363636
 107.344925 108.36718 102.914635 0.94968456 1.0095232 9.114186 2.2727273
 100.04045 102.89579 94.932526 0.92260844 1.0285418 4.9247327 3.5714285
 121.67434 123.24241 116.145035 0.94241124 1.0128875 8.276859 8.333333
 19.15224 16.76115 11.552873 0.68926483 0.87515354 6.0663595 14.772727
 13.773804 11.9224415 5.8814073 0.49330562 0.8655881 6.0064144 6.818182
 114.8763 118.98027 112.15146 0.94260556 1.0357251 9.13478 0.0
 41.1606 41.03544 38.80421 0.94562685 0.9969592 9.388188 11.363636
 110.46794 114.081566 108.697075 0.95280135 1.032712 9.298018 2.2727273
 85.75995 86.4908 82.567856 0.95464325 1.008522 8.948865 1.1363636
 14.267401 13.176731 12.499931 0.9486368 0.92355514 8.434691 7.9545455
 123.09012 125.54379 119.2758 0.9500733 1.0199339 9.055236 11.363636
 86.5332 89.444016 85.3672 0.9544205 1.0336381 9.346685 1.1363636
 10.078631 9.195441 8.566068 0.9315559 0.91237 9.388045 10.714286
 100.848145 100.53989 94.771034 0.9426213 0.9969433 9.358644 1.1363636
 19.611183 20.428547 18.303894 0.8959959 1.0416784 8.000947 10.227273
 22.208338 21.15489 18.733881 0.88555795 0.9525652 10.062539 5.681818
 123.11516 125.436195 114.79574 0.9151724 1.0188526 4.8865113 0.0
 88.8033 91.64482 87.49957 0.9547683 1.0319979 8.917165 2.2727273
 84.79008 83.521225 79.32168 0.94971883 0.98503536 9.189633 6.818182
 95.31626 96.061966 90.50426 0.9421446 1.0078235 8.979114 6.818182
 16.080612 15.630755 14.854197 0.9503185 0.9720249 8.915895 11.363636
 103.77851 104.20208 98.3316 0.9436625 1.0040815 9.321646 1.1363636
 19.927555 15.074752 12.2995 0.8159007 0.7564777 7.547713 14.772727
 103.36089 104.17944 93.57968 0.89825475 1.0079193 4.0329494 2.0833333
 102.277504 104.74594 99.57316 0.9506159 1.0241348 9.0939865 0.0
 10.847895 8.210051 3.6232817 0.44132268 0.75683355 4.498571 10.227273
 123.121605 126.56231 117.7556 0.930416 1.0279456 6.430473 1.4705882
 93.52852 96.151886 87.55165 0.9105557 1.0280488 3.9362516 2.0833333
 12.224698 10.967192 9.636961 0.8787082 0.897134 8.9534445 7.9545455
 109.27417 109.132195 98.24581 0.9002459 0.99870074 3.9325194 6.25
 120.77359 122.73123 115.23492 0.9389209 1.0162092 8.967366 1.1363636
 128.48198 132.42116 126.467415 0.9550393 1.0306594 9.073467 1.1363636
 20.329279 19.658634 18.87814 0.96029764 0.96701086 8.783534 12.5
 14.753138 13.5706005 12.981161 0.9565649 0.9198451 8.257526 5.681818
 5.5185413 4.3905005 3.9997928 0.9110107 0.79559076 9.532412 15.789474
 9.6559725 6.367527 2.6023257 0.40868703 0.6594392 3.9426262 10.714286
 110.59522 114.46556 107.96877 0.94324243 1.0349956 9.107616 1.1363636
 118.79435 120.17675 112.155685 0.9332561 1.0116369 6.0321794 1.5625
 94.61284 99.80691 92.648994 0.9282824 1.0548981 5.413704 3.3333333
 111.11564 114.27194 108.076385 0.94578236 1.0284055 8.985539 3.409091
 114.757744 116.28272 108.73337 0.9350776 1.0132887 8.636443 2.3809524
 17.19153 16.681002 15.330695 0.9190512 0.9703035 8.431164 5.952381
 83.24134 82.87801 78.05244 0.94177496 0.9956353 7.9518027 5.263158
 127.49123 132.34897 122.39165 0.9247647 1.0381025 7.1721907 0.0
 90.61166 91.611496 85.50542 0.9333481 1.0110343 6.931218 4.1666665
 99.5109 80.73524 73.01401 0.9043636 0.81132054 6.9797616 16.666666
 96.58719 99.90446 89.45006 0.895356 1.0343448 4.910111 1.7857143
 126.41565 132.05086 118.432045 0.89686686 1.0445769 6.433634 7.352941
 113.47954 121.35353 111.92735 0.92232466 1.069387 6.7231507 1.4705882
 123.29465 122.313324 110.81217 0.90596974 0.9920408 5.8061857 1.6666666
 126.32921 125.15622 114.607506 0.9157156 0.99071485 5.0857763 1.7857143
 134.04024 136.97423 125.0006 0.91258484 1.021889 5.2116604 1.7857143
 100.76505 101.508675 90.85173 0.8950144 1.0073798 4.637904 1.9230769
 119.773285 121.225716 108.19792 0.89253277 1.0121264 4.714387 5.769231
 92.8792 96.800446 87.1269 0.90006715 1.0422187 4.666561 1.9230769
 115.448746 113.19695 99.94985 0.882973 0.98049533 4.6592016 1.9230769
 14.298246 11.45629 9.682604 0.845178 0.80123746 4.776208 11.538462
 82.16534 82.259674 72.06799 0.8761036 1.0011481 4.1794972 2.0833333
 144.03877 144.06271 128.1877 0.8898048 1.0001663 4.67144 1.9230769
 4.18972 3.6386287 2.6910973 0.73959106 0.86846584 4.7769313 7.6923075
 119.98406 123.84389 110.197014 0.8898058 1.0321695 4.66225 5.769231
 99.09427 101.83199 91.31686 0.8967404 1.0276275 4.6850376 1.9230769
 13.986431 10.502677 7.962683 0.75815755 0.750919 5.4543376 7.6923075
 91.16108 90.17313 79.539246 0.88207257 0.98916256 4.1502886 2.0833333
 24.871986 22.875557 15.424369 0.67427295 0.91973174 4.088193 12.5
 131.89368 132.14668 116.98182 0.8852422 1.0019182 4.0741715 2.0833333
 125.640625 125.69843 112.15373 0.89224446 1.00046 4.2192955 4.1666665
 102.24705 104.06572 92.04331 0.8844729 1.0177871 4.3041024 2.0833333
 125.760956 123.25997 109.26093 0.8864267 0.98011315 4.1253343 2.0833333
 56.51379 57.097816 52.442722 0.9184716 1.0103343 4.0152206 2.0833333
 1.0 84.541885 85.40089 78.68863 0.921403 1.0101607 594.91785 4.6722975 101.0
