 1.5100224 0.48302665 0.11066555 0.22910857 0.31988046 2.9477365 21.052631
 31.858913 6.216042 0.76124346 0.12246433 0.19511156 1.4045036 13.157895
 3.0525148 0.9370911 0.20858979 0.22259286 0.30698988 1.9142039 19.318182
 2.1266344 0.6135728 0.10052288 0.16383204 0.28851822 1.3297863 16.666666
 3.4166355 0.7908401 0.18098842 0.2288559 0.23146752 2.4889886 19.318182
 86.80838 65.030525 60.47483 0.92994535 0.74912727 8.725638 9.090909
 4.521191 1.5746834 1.0772129 0.6840822 0.34828952 8.960454 13.636364
 3.8031867 1.6183037 0.5150824 0.3182854 0.42551252 3.238291 15.909091
 98.32962 88.90487 84.05509 0.9454499 0.90415144 8.788251 12.5
 1.5397952 0.5159292 0.099856354 0.19354662 0.33506352 2.4300756 20.0
 95.56871 95.207756 88.81544 0.93285924 0.9962231 7.831395 1.3157895
 38.01581 31.482164 29.407742 0.93410796 0.82813346 8.952516 12.5
 2.8394427 0.90317065 0.28040764 0.31047028 0.31808025 2.9407265 20.0
 90.10624 55.204193 51.14255 0.92642504 0.6126568 8.443991 17.045454
 1.6591964 0.9598538 0.27555314 0.28707823 0.5785052 2.6052291 21.153847
 57.356567 24.929546 19.467377 0.7808957 0.4346415 7.1100974 11.363636
 104.40231 103.01309 98.28096 0.9540628 0.98669356 8.900851 3.409091
 75.70019 58.46171 54.61014 0.9341181 0.7722796 7.1850014 12.5
 28.134022 28.685257 26.50655 0.9240478 1.0195932 8.832265 1.1363636
 100.9242 87.38112 82.3224 0.94210744 0.8658094 8.70705 11.363636
 11.736977 6.015911 4.022411 0.6686287 0.51256055 6.0457177 17.045454
 80.151764 79.75648 76.187 0.95524526 0.99506825 8.78649 0.0
 84.42869 67.60064 63.497658 0.9393056 0.80068326 8.702623 13.636364
 38.200066 24.585241 20.166443 0.82026625 0.6435916 7.542988 13.636364
 120.86154 86.58921 80.5683 0.93046576 0.7164331 8.6513195 18.181818
 4.965095 1.4645982 0.6160093 0.42059952 0.2949789 5.123806 13.636364
 95.421684 72.84425 68.105415 0.9349456 0.7633931 8.535776 13.636364
 3.2411332 0.745776 0.16535918 0.22172768 0.2300973 2.3979897 17.045454
 2.449796 1.3925185 1.2773032 0.9172612 0.56842226 9.712259 11.904762
 3.5512443 0.8111214 0.3108712 0.383261 0.22840486 4.3707476 15.909091
 4.6266108 1.2085761 0.31082395 0.25718194 0.26122275 2.4431114 22.5
 0.84338444 0.28521803 0.10732361 0.3762862 0.3381827 1.8369008 21.428572
 4.6058545 2.9864109 2.193788 0.73459023 0.6483945 5.491915 19.047619
 3.572856 0.9430373 0.14724888 0.15614322 0.26394495 1.5430858 21.428572
 5.216409 1.5347867 0.25909188 0.16881296 0.29422283 1.9566816 18.181818
 82.69523 81.338715 77.67766 0.95498997 0.9835962 8.796825 1.1363636
 80.99323 72.36245 68.30565 0.9439378 0.8934382 8.718033 14.772727
 2.3143213 0.67981607 0.23006743 0.338426 0.29374316 4.123073 20.833334
 112.102234 89.77996 84.14459 0.9372313 0.8008758 8.670896 15.909091
 102.8497 102.69963 97.83633 0.95264536 0.9985409 8.822082 0.0
 17.288021 3.748518 0.71946377 0.19193286 0.21682747 1.5703738 18.181818
 85.91456 54.69062 50.876495 0.93026 0.6365699 8.508935 11.363636
 5.856071 1.4318461 0.37955058 0.26507777 0.24450627 2.0271246 17.045454
 97.20116 93.17267 88.0226 0.9447255 0.9585551 8.645824 5.681818
 84.28394 72.7316 69.003654 0.9487438 0.86293536 8.645429 13.636364
 107.941734 80.68875 75.137474 0.93120134 0.7475214 8.635855 17.045454
 8.949939 2.6514406 0.29600942 0.111640975 0.29625237 1.1430666 17.045454
 2.7214646 1.4396867 1.1666496 0.8103497 0.5290117 9.33445 15.789474
 97.449455 90.52582 85.845955 0.94830346 0.92895156 8.755394 7.9545455
 4.4418263 1.6670684 0.528556 0.3170572 0.3753115 3.1011662 14.772727
 105.526344 104.83889 100.29032 0.9566137 0.99348545 8.794891 5.681818
 1.95501 0.47572482 0.08572517 0.18019909 0.24333625 1.0621645 22.222221
 4.8934603 1.4540808 0.5334716 0.36687893 0.29714778 3.9107163 15.909091
 4.118869 1.4180818 0.73071957 0.51528734 0.34428915 5.5793824 17.857143
 1.0 42.685986 34.434666 31.822948 0.9241544 0.8066972 291.35367 14.1202755 54.0
