 15.83618 14.833697 14.090694 0.9499112 0.93669665 9.359954 12.5
 10.8685465 10.087971 9.711971 0.9627279 0.92818034 8.632253 15.909091
 16.37678 13.632467 12.891284 0.945631 0.83242667 8.746479 15.909091
 8.2458725 7.907464 7.5244718 0.9515657 0.9589603 8.9919405 7.9545455
 11.383657 10.313898 9.818867 0.9520034 0.9060268 8.799112 13.636364
 12.137832 11.093548 10.424283 0.9396708 0.91396457 8.68058 9.090909
 7.77803 5.7252135 4.5150537 0.78862625 0.73607504 9.314761 14.772727
 8.434806 8.102712 7.734318 0.95453453 0.9606281 8.81485 10.714286
 21.958073 22.643303 21.6166 0.9546576 1.0312063 8.967786 11.363636
 8.473222 8.029195 7.684651 0.9570886 0.94759643 8.993266 9.090909
 8.407281 6.3423257 5.7962866 0.9139055 0.75438493 8.427313 15.909091
 5.483747 4.869935 4.5784507 0.9401461 0.88806707 8.446105 11.363636
 12.156303 11.068704 10.378295 0.9376251 0.910532 8.957963 12.5
 36.716778 26.681738 22.832544 0.8557368 0.72669065 8.379013 10.227273
 6.1967335 2.9718213 1.811574 0.60958374 0.47957867 5.9939413 14.772727
 4.998474 1.4043742 0.621621 0.44263202 0.28096062 4.9137044 17.857143
 7.053099 6.2783437 6.065399 0.9660827 0.8901539 8.623777 13.636364
 8.304741 4.267718 3.6921556 0.8651358 0.5138894 7.7709246 17.045454
 4.2808 3.9653277 3.7815855 0.9536628 0.9263053 8.653499 8.333333
 12.153256 10.484897 9.775592 0.9323499 0.8627232 8.583309 13.636364
 11.362107 6.9095616 6.170757 0.893075 0.60812324 9.174663 13.636364
 19.068314 16.963572 15.565385 0.9175771 0.88962096 8.138899 12.5
 100.55879 96.6073 91.371826 0.94580674 0.9607046 8.165476 5.952381
 11.227834 6.3254333 5.7645864 0.91133463 0.56337076 7.680114 17.045454
 18.616247 18.927439 17.970345 0.94943345 1.0167161 6.6700273 6.9444447
 4.7721324 5.0300627 4.7998533 0.95423335 1.0540493 6.8466883 4.4117646
 6.9179745 6.5130644 6.2361655 0.9574856 0.94146985 8.810449 11.363636
 2.8743362 0.95350426 0.13288464 0.1393645 0.33173025 1.4168435 21.25
 6.003967 5.5323796 5.271696 0.9528804 0.9214541 8.6280775 12.5
 8.703484 8.491044 7.728588 0.9102047 0.97559136 8.679489 11.363636
 22.29152 22.957035 22.226479 0.96817726 1.0298551 8.048207 15.909091
 12.612736 8.888818 8.165668 0.91864485 0.7047494 8.189352 15.909091
 8.357236 5.904149 5.4380994 0.9210641 0.70647156 8.154421 12.5
 7.501511 5.0995955 4.7512126 0.93168414 0.6798091 4.15262 8.928572
 17.40108 13.360418 12.6361265 0.94578826 0.76779246 8.60926 15.909091
 7.786232 2.7588403 0.7673644 0.27814743 0.3543229 2.6376574 17.045454
 11.014976 8.825311 8.22847 0.9323717 0.8012102 8.728968 10.227273
 2.5639243 0.5231961 0.18479611 0.35320622 0.20406067 2.97574 21.052631
 7.835227 3.1410108 2.2737067 0.7238774 0.4008832 7.627443 19.318182
 24.066454 23.021544 22.328516 0.9698966 0.95658225 8.663103 6.818182
 1.838942 0.4483774 0.15820344 0.35283545 0.24382354 3.8483713 20.0
 5.062008 4.8888845 4.614155 0.94380516 0.96579945 9.027239 9.090909
 9.350436 9.126917 8.632819 0.94586366 0.9760953 9.163758 6.818182
 8.081187 6.435954 6.004864 0.9330185 0.79641193 9.05429 11.363636
 12.352685 12.655706 11.870942 0.9379912 1.0245309 3.432083 13.461538
 3.6311667 2.6646883 2.270473 0.8520594 0.7338381 8.069505 11.363636
 11.079714 9.969062 9.505666 0.9535166 0.8997581 9.007015 11.363636
 5.229772 3.2186618 2.6764524 0.83154196 0.6154497 7.137627 15.909091
 11.61466 6.8368077 6.131719 0.8968687 0.5886361 8.3856945 14.772727
 7.08079 4.369778 3.5948296 0.82265717 0.6171315 7.1517324 10.227273
 4.8124638 3.8557787 3.3544576 0.8699819 0.80120677 6.7278166 12.5
 2.032255 1.0762912 0.80861723 0.7512997 0.5296044 7.4168878 21.875
 5.362941 3.192069 2.5696788 0.8050198 0.5952087 7.703943 14.772727
 5.295868 3.7982934 3.4078596 0.8972081 0.7172183 6.1559343 13.888889
 14.996557 14.393971 13.72783 0.9537208 0.95981836 8.520415 9.090909
 4.3642592 3.0582452 2.8242042 0.9234721 0.70074785 8.59405 14.772727
 7.585058 2.1623528 1.0646838 0.49237284 0.28508058 6.6586795 18.181818
 74.47667 50.403297 45.499977 0.9027182 0.6767663 8.351643 12.5
 7.9267077 7.0766683 6.6317205 0.9371247 0.89276254 8.784281 15.909091
 4.064681 0.9377771 0.18740493 0.19983952 0.23071358 1.9044871 14.772727
 59.119938 59.7585 57.265045 0.9582745 1.0108011 8.761515 0.0
 1.7368975 0.3246698 0.16804224 0.5175789 0.18692514 6.330519 21.875
 0.7574921 0.19956726 0.07835393 0.39261913 0.26345786 3.867395 27.272728
 13.980713 12.708996 12.223654 0.96181107 0.9090378 8.926726 11.363636
 18.005169 15.301282 14.440386 0.94373703 0.84982723 8.786832 15.909091
 12.908789 11.007025 10.500273 0.9539611 0.8526768 8.962248 11.363636
 2.7793326 1.1381139 0.48786017 0.42865673 0.40949178 5.47716 18.75
 11.757374 10.644075 10.094091 0.9483295 0.90531063 8.934697 13.636364
 7.357102 6.9213214 6.5911846 0.9523015 0.94076735 8.654043 14.285714
 8.61737 7.7913976 7.4233575 0.9527633 0.90415037 8.6011915 10.714286
 1.3538002 0.35297564 0.10986474 0.31125304 0.2607295 2.8397546 22.916666
 27.897001 23.200119 21.93602 0.94551325 0.8316348 9.483882 12.5
 20.93551 17.65246 16.656115 0.9435576 0.8431827 8.606565 14.772727
 8.928537 8.313449 7.9965644 0.96188295 0.9311098 8.514348 7.9545455
 4.451704 2.916991 2.4710026 0.84710664 0.6552527 8.037856 13.636364
 43.90618 45.567005 43.7673 0.9605042 1.0378267 9.036566 1.1363636
 13.685309 12.430001 11.869614 0.95491654 0.90827334 9.435801 12.5
 10.893525 8.612477 8.120851 0.9429169 0.7906052 8.778306 15.909091
 1.848864 0.52351606 0.095723696 0.18284768 0.28315553 1.6469036 19.736841
 4.8868856 2.0045092 0.79204416 0.39513123 0.4101813 4.721298 18.75
 2.5692215 0.9734293 0.20395827 0.20952551 0.37888104 2.4924421 20.238094
 10.662511 9.621473 9.119071 0.94778323 0.9023647 8.669904 10.227273
 8.34342 6.283962 5.984793 0.9523917 0.75316375 9.104767 14.772727
 4.880113 4.245822 3.9355385 0.92692035 0.8700253 7.6978364 9.090909
 9.793213 8.285239 7.7910905 0.9403579 0.8460185 8.651174 13.636364
 9.61423 7.7455015 6.903628 0.891308 0.8056289 8.440943 15.909091
 11.979488 10.020356 9.4267845 0.9407634 0.8364594 8.804815 7.9545455
 8.726551 8.256493 7.7718444 0.941301 0.9461347 8.062127 7.5
 19.420774 18.272593 17.684837 0.9678341 0.9408786 8.343771 7.9545455
 12.45453 10.163582 9.615909 0.9461141 0.816055 8.533787 14.772727
 77.5434 76.71914 72.327065 0.9427512 0.9893703 8.668104 3.409091
 6.3613296 3.7795076 3.1819296 0.84189 0.594138 3.8032675 14.285714
 1.5832973 0.46151558 0.18581367 0.40261623 0.29149017 5.405499 18.75
 11.586415 9.295825 8.549637 0.9197287 0.8023038 8.5221 14.772727
 1.3527695 0.3513838 0.10299244 0.29310524 0.25975144 2.5793033 20.833334
 12.885611 11.619725 10.88171 0.936486 0.90175974 8.919121 7.9545455
 11.768328 8.836385 7.884821 0.892313 0.7508615 8.457418 12.5
 13.285305 12.743046 12.140848 0.952743 0.9591836 8.310508 10.227273
 74.47629 49.669594 45.969395 0.92550373 0.6669182 8.4897585 15.909091
 2.6936064 0.874322 0.42840347 0.48998362 0.32459158 5.2692113 17.045454
 8.078884 6.84118 6.422067 0.9387368 0.84679765 8.87817 12.5
 7.98015 6.05442 5.5397077 0.9149857 0.75868493 9.252894 15.909091
 6.677949 3.4036493 2.296965 0.67485356 0.5096848 6.0029244 15.909091
 2.5625348 0.76705354 0.33462313 0.43624482 0.2993339 4.193023 21.052631
 13.92468 11.8964405 10.7959585 0.9074949 0.85434216 9.135331 10.227273
 30.542393 25.974537 23.831724 0.91750336 0.8504421 3.4155118 10.416667
 21.024977 18.924349 17.515553 0.9255565 0.9000889 7.9477906 10.714286
 0.3471032 0.114178695 0.057089347 0.5 0.32894737 2.0 33.333332
 11.333219 8.70473 8.366747 0.9611725 0.7680722 9.678791 13.636364
 10.359956 10.18749 9.7173395 0.95385015 0.9833527 9.002632 11.363636
 10.310918 10.142136 9.754223 0.9617523 0.9836308 8.727769 7.9545455
 9.187942 9.136857 8.689879 0.9510797 0.9944401 8.900853 11.363636
 5.1646104 4.896274 4.6482487 0.94934404 0.94804335 8.769974 13.095238
 8.308639 2.7197435 1.6359332 0.6015028 0.32733926 6.951676 14.285714
 5.1169624 2.7780604 2.2829416 0.8217754 0.54291207 8.106772 15.909091
 6.3295574 3.2019608 2.8272612 0.882978 0.50587434 8.741771 14.772727
 7.017686 3.9330478 3.3212006 0.8444343 0.560448 8.806891 17.045454
 8.967353 8.1259575 7.692382 0.9466431 0.90617126 8.442781 13.636364
 13.8468275 8.657954 4.504556 0.5202795 0.62526625 7.19765 11.363636
 7.3720856 3.8919818 3.5496812 0.9120498 0.52793497 9.285607 15.909091
 10.598672 7.8791943 7.401207 0.9393355 0.7434134 8.511469 14.772727
 2.3743896 0.49721915 0.18265842 0.36736 0.20940924 4.3796835 18.421053
 7.9109683 7.5857267 7.1572847 0.94351995 0.95888734 7.203984 8.333333
 12.53619 9.296804 8.860195 0.95303667 0.74159724 8.976605 13.636364
 1.5471808 0.4139572 0.09716631 0.23472549 0.2675558 2.4830117 17.857143
 9.920428 6.6742067 6.2504854 0.9365136 0.672774 8.7568245 15.909091
 11.240112 9.959381 9.440681 0.9479184 0.88605714 8.749264 11.363636
 26.269888 27.537409 26.347786 0.9567998 1.04825 8.577762 7.9545455
 12.680749 11.072831 10.508554 0.9490395 0.8732001 8.475146 15.909091
 80.27429 43.990147 40.152184 0.9127541 0.5479979 8.456202 15.909091
 8.3896885 6.953808 6.529922 0.9390426 0.8288517 9.051461 11.363636
 6.886277 6.0813994 5.7454286 0.94475436 0.88311857 8.089257 15.909091
 10.645157 8.797089 8.148923 0.92632043 0.82639354 9.673279 12.5
 2.3619723 0.54492426 0.19982113 0.36669523 0.2307073 4.112808 19.117647
 6.1447535 5.1297708 4.861555 0.94771385 0.8348213 8.824103 14.772727
 2.8948417 0.7929285 0.42326623 0.53380126 0.27391085 5.3875575 20.0
 13.356364 13.692394 12.601868 0.92035526 1.0251588 10.4378195 7.9545455
 10.670919 6.738127 5.7276363 0.8500339 0.6314476 9.766269 13.636364
 10.28311 6.978055 6.6906395 0.9588115 0.6785939 8.617812 13.636364
 12.735137 9.903581 9.469527 0.95617205 0.777658 8.947758 17.045454
 10.797407 9.294149 8.4359 0.90765697 0.860776 8.178526 12.5
 8.977113 8.648666 8.220731 0.95052004 0.96341294 9.040861 7.9545455
 7.343263 7.0951614 6.6200595 0.9330386 0.9662137 8.718027 10.227273
 3.6114473 0.8031319 0.14259627 0.17755026 0.22238505 1.5906012 16.666666
 7.417208 6.6056786 6.0317154 0.9131107 0.8905882 8.611233 11.363636
 2.691003 1.1120332 0.57596755 0.51794094 0.41324118 6.6969504 15.476191
 13.996325 13.244866 12.669051 0.9565254 0.94631034 8.792223 9.090909
 12.384712 10.976509 10.437982 0.95093817 0.886295 8.734093 11.363636
 3.00332 0.7253062 0.14116454 0.19462751 0.24150148 1.9117562 19.047619
 3.8337183 1.108001 0.22542632 0.20345317 0.28901473 1.7475742 15.909091
 3.2674057 1.905213 1.7627434 0.92522115 0.58309656 9.81089 17.857143
 20.769442 19.63765 18.912868 0.9630922 0.9455069 9.3169985 7.9545455
 5.694086 5.599231 5.163279 0.9221408 0.98334146 8.361444 11.363636
 9.262396 6.311023 5.8650584 0.9293356 0.68135965 8.345445 17.045454
 15.14247 13.161776 12.640908 0.96042573 0.86919606 8.5582485 7.9545455
 8.312893 8.020393 7.677477 0.95724446 0.9648137 9.003464 10.227273
 11.388931 8.108235 7.156809 0.8826592 0.71194 8.047297 16.25
 9.160533 5.983596 5.3231816 0.88962924 0.65319294 8.342982 14.285714
 19.631607 19.977812 18.910604 0.9465804 1.017635 6.994553 9.722222
 9.098806 9.06589 8.673857 0.95675737 0.99638236 7.4310946 6.9444447
 9.601799 6.1627584 4.3886085 0.71211755 0.6418337 5.282873 16.17647
 6.743373 3.826461 2.3460557 0.6131137 0.5674402 4.702086 11.764706
 6.965409 4.798804 4.29186 0.8943605 0.68894786 6.4574285 15.0
 12.4004345 9.921516 7.8988824 0.7961366 0.8000942 5.5630884 8.333333
 14.580626 13.048112 11.54462 0.8847732 0.8948938 5.330017 8.928572
 21.813591 11.895218 10.526734 0.8849552 0.5453122 5.3080587 12.5
 74.01482 74.194855 62.923397 0.848083 1.0024325 4.077411 4.1666665
 1.0 12.687944 10.3934 9.5338955 0.91730285 0.8191556 83.97052 13.381098 167.0
