 2.3998694 0.70196176 0.1323448 0.18853562 0.29249996 1.6687089 20.0
 114.9863 97.116455 89.075035 0.9171982 0.84459156 8.853361 19.318182
 95.84031 92.331375 85.33201 0.9241929 0.9633877 8.963445 10.227273
 14.092333 12.594622 10.821222 0.8591939 0.8937215 7.2148094 11.363636
 112.386284 102.24866 93.992355 0.9192527 0.9097966 8.73175 14.772727
 14.684461 14.066975 13.034157 0.9265786 0.9579497 9.025915 9.090909
 86.167755 74.80814 67.92229 0.90795314 0.8681686 9.136114 15.909091
 108.15101 92.290115 85.37075 0.9250259 0.853345 8.944141 17.045454
 97.137085 71.75784 66.20163 0.92257 0.73872757 8.882555 15.909091
 100.529724 77.76021 64.84065 0.83385384 0.7735047 3.9034436 10.416667
 89.72066 86.812614 80.04528 0.9220466 0.9675878 8.932161 1.1363636
 106.53049 102.77505 94.989815 0.9242497 0.9647477 8.971111 7.9545455
 12.476755 4.773734 0.8160073 0.1709369 0.38261023 1.5116519 16.25
 105.98021 78.13817 66.248886 0.8478429 0.73729014 4.185076 11.538462
 34.51979 23.095734 19.233332 0.8327655 0.6690577 7.2418227 12.5
 101.57515 80.72845 73.19656 0.90670097 0.7947657 9.019898 12.5
 6.450772 6.1347113 5.690615 0.9276093 0.9510042 9.269739 15.909091
 119.778725 93.250435 84.50206 0.90618414 0.7785225 8.825815 14.772727
 105.71175 75.996925 68.8121 0.90545905 0.7189071 8.846428 15.909091
 113.31921 96.79068 88.71339 0.91654885 0.8541419 8.845152 14.772727
 87.62635 79.240135 72.4368 0.9141427 0.90429574 8.919545 7.9545455
 111.64571 88.98255 80.934586 0.9095557 0.7970082 8.860345 14.772727
 97.23972 92.228935 84.91758 0.920726 0.94846976 8.878113 2.2727273
 1.6224084 0.36826894 0.06092984 0.16544929 0.22698905 1.4405631 18.75
 60.643337 62.424404 58.768536 0.9414353 1.0293696 8.524408 3.409091
 8.3341 6.306248 6.0106864 0.9531319 0.75668013 8.274223 13.636364
 86.91409 78.177605 71.21059 0.9108821 0.8994813 9.015711 12.5
 99.94283 85.309204 78.4726 0.9198609 0.85358006 9.0262375 13.636364
 16.276892 15.076116 13.86706 0.9198032 0.92622817 8.5698595 6.818182
 6.643155 5.30238 4.862284 0.91700023 0.798172 8.982312 15.476191
 22.320244 20.905117 20.248884 0.9686089 0.93659896 6.785388 15.909091
 19.135584 4.030882 1.4869521 0.36889002 0.21064849 4.112271 11.363636
 88.66675 80.001366 73.495834 0.9186823 0.9022702 8.269601 13.636364
 93.041084 90.46084 83.6408 0.9246079 0.9722677 8.934703 5.681818
 1.5923263 0.41059744 0.07347344 0.17894275 0.25786012 1.9709208 21.052631
 18.946318 4.843383 1.431723 0.29560393 0.25563717 2.311835 17.045454
 106.20074 82.27618 74.44482 0.9048162 0.77472323 8.818431 14.772727
 93.77904 91.100136 84.144554 0.923649 0.9714339 8.880668 5.681818
 5.7596354 4.161294 3.6599262 0.8795163 0.7224926 9.543452 15.909091
 111.39799 89.57775 82.58389 0.9219241 0.80412364 8.939319 19.318182
 109.39618 93.25063 85.71474 0.91918665 0.85241216 8.836136 12.5
 1.9480897 0.6334384 0.16413301 0.2591144 0.32515875 2.0632503 16.17647
 1.3812652 0.40240535 0.18597443 0.46215698 0.291331 2.8775015 25.0
 15.991051 15.125749 13.818378 0.9135666 0.94588834 8.625477 12.5
 87.39801 78.43905 70.99569 0.90510637 0.8974924 8.884714 13.636364
 108.32207 106.45612 98.4365 0.92466736 0.98277414 8.98075 7.9545455
 5.26606 4.522304 4.1149597 0.9099255 0.85876423 9.321882 13.636364
 113.511475 84.28398 72.91788 0.86514515 0.7425151 4.590792 12.5
 106.550095 98.91521 84.74267 0.85672027 0.9283446 4.295974 5.769231
 2.415541 0.6566743 0.28021955 0.4267253 0.27185392 5.1541576 15.476191
 79.10537 64.95304 58.279552 0.89725673 0.82109517 8.720815 11.904762
 79.41958 73.18364 67.76294 0.92593014 0.9214811 7.9507327 6.25
 17.486492 16.655886 15.682117 0.94153607 0.95250016 7.3526435 6.5789475
 4.2927766 3.4231555 3.1096244 0.90840876 0.7974223 6.348345 12.5
 100.86921 97.076675 90.525024 0.9325106 0.9624015 6.3534 10.9375
 89.5893 93.487656 85.35178 0.9129738 1.0435135 4.2813277 10.416667
 13.332156 3.2835276 0.54449266 0.16582552 0.2462863 0.68378365 14.583333
 1.0 63.446346 54.387814 49.26929 0.90588844 0.85722536 437.3569 12.7230425 57.0
