 24.195173 24.163517 22.843454 0.94536966 0.9986916 9.011968 5.681818
 92.050125 94.25668 89.59505 0.95054317 1.0239712 8.7059145 13.636364
 12.284211 11.692378 11.157914 0.95428956 0.95182157 7.8704066 11.363636
 3.9073942 1.6552097 1.4988173 0.90551513 0.42360958 8.898354 16.666666
 35.341805 35.138474 30.402443 0.8652181 0.99424666 7.7752547 4.5454545
 81.22356 82.55336 78.19116 0.9471591 1.0163721 8.637195 3.409091
 6.7568636 6.4521556 6.1373525 0.9512096 0.9549039 5.6040745 14.285714
 9.655915 9.653495 7.591067 0.78635424 0.9997493 9.161673 6.818182
 3.7850118 1.4357347 0.3115373 0.21698806 0.3793211 2.2077007 17.045454
 101.03666 102.37072 97.35949 0.9510482 1.0132037 8.67775 3.409091
 34.102406 34.375027 31.570185 0.91840464 1.0079943 8.459887 3.409091
 15.815697 14.518495 13.69206 0.94307715 0.9179801 8.644122 7.9545455
 101.58271 107.62151 101.860535 0.94647 1.0594472 8.634181 1.1363636
 20.66344 20.301237 19.3216 0.951745 0.9824713 8.672437 5.681818
 84.93377 85.753265 81.19317 0.9468231 1.0096486 8.626711 3.409091
 89.905716 91.37971 85.159996 0.9319355 1.0163949 8.408956 3.409091
 15.984603 7.4712067 6.1391416 0.8217069 0.46740016 8.030135 18.181818
 44.682743 46.33344 43.873337 0.94690436 1.0369426 8.670221 1.1363636
 44.693947 45.30322 43.006107 0.94929475 1.0136322 8.79564 5.681818
 98.636986 101.65938 96.51245 0.94937086 1.0306416 8.813705 5.681818
 11.75292 10.451225 9.798439 0.9375397 0.889245 8.643132 9.090909
 22.381279 21.439487 20.125473 0.9387106 0.9579206 8.591364 10.227273
 18.290882 17.417658 16.351006 0.9387602 0.95225906 8.473301 7.9545455
 91.74731 93.48586 88.8982 0.95092666 1.0189494 8.6281395 1.1363636
 15.72618 14.97818 14.048982 0.9379632 0.952436 8.366882 12.5
 29.807243 29.73748 28.234447 0.94945663 0.9976595 7.924399 5.681818
 28.773336 28.11917 25.62293 0.91122645 0.9772648 9.135917 5.681818
 25.18617 26.756256 24.405144 0.9121285 1.0623392 5.156483 5.357143
 46.34223 46.5037 44.458717 0.9560254 1.0034842 8.763028 14.772727
 19.36518 17.890942 16.176044 0.9041472 0.92387176 8.4537325 6.818182
 22.250948 20.709005 19.287397 0.9313531 0.9307022 9.129359 13.636364
 97.037155 99.542496 94.445946 0.9488003 1.0258183 8.812924 5.681818
 17.465607 17.494278 16.568314 0.9470705 1.0016416 8.739385 7.9545455
 74.68092 50.153454 45.7421 0.91204286 0.6715698 8.382067 14.772727
 94.39757 97.821 92.97211 0.950431 1.0362662 8.753095 11.363636
 22.191572 21.2254 19.99582 0.94207025 0.95646226 8.467844 7.9545455
 104.036575 107.380424 102.15722 0.9513579 1.0321411 8.702013 2.2727273
 9.189291 8.109242 7.679131 0.9469604 0.8824666 7.919686 12.5
 11.172026 10.165106 9.349859 0.9197995 0.90987134 8.549476 11.363636
 8.62689 6.8395486 6.3060117 0.92199236 0.79281735 7.9236956 17.045454
 71.5874 65.203094 61.739964 0.946887 0.9108179 8.2335825 10.227273
 88.13834 90.33881 85.74707 0.949172 1.0249661 8.697993 1.1363636
 29.084433 29.32133 27.918388 0.95215285 1.0081451 9.399619 6.818182
 20.513388 20.420187 19.60667 0.96016115 0.9954566 8.264123 4.5454545
 24.626001 24.585814 23.153906 0.94175875 0.9983681 8.699884 3.409091
 8.411883 8.523265 7.6217995 0.8942347 1.0132409 5.0413074 5.357143
 19.108511 18.534355 16.954325 0.9147513 0.9699528 6.773655 11.111111
 13.279598 11.520186 10.75781 0.9338225 0.8675102 8.580973 11.363636
 12.157861 6.3315287 5.5388594 0.874806 0.52077657 5.156699 16.071428
 106.22542 109.274124 103.69239 0.94891995 1.0287004 8.68254 0.0
 17.700922 15.723804 14.779672 0.93995523 0.88830423 8.771024 7.9545455
 16.418087 15.149697 14.453202 0.95402586 0.9227444 8.924389 11.363636
 17.160303 16.525568 15.786399 0.95527124 0.9630113 8.260494 7.9545455
 73.18019 43.56858 38.481865 0.8832481 0.5953603 8.085601 19.318182
 75.11293 78.426605 74.49035 0.94980973 1.0441159 8.689274 1.1363636
 87.72376 87.225815 80.42968 0.9220858 0.9943237 5.897517 4.6875
 15.861294 11.144606 10.1314745 0.90909225 0.702629 5.8974786 15.625
 23.947475 24.942982 23.793125 0.9539006 1.0415704 8.83778 1.1363636
 41.897087 42.90553 40.57325 0.9456415 1.0240694 8.466787 4.5454545
 75.91604 78.01592 73.3456 0.94013625 1.0276606 8.606423 7.9545455
 43.87388 39.041122 36.824947 0.94323486 0.8898489 8.724077 7.9545455
 106.21153 87.44974 81.52914 0.9322971 0.8233545 8.158165 16.666666
 94.42243 93.16601 87.732445 0.9416787 0.98669356 8.274808 8.333333
 25.887487 20.959494 16.830336 0.8029934 0.809638 7.0712967 8.333333
 2.8363833 0.76245874 0.17996086 0.23602702 0.2688137 1.5349172 18.055555
 28.947361 29.005394 25.22277 0.869589 1.0020047 4.667251 5.769231
 1.0 42.907425 41.490517 38.899326 0.9375474 0.9669776 347.1227 8.380878 66.0
