 12.050596 10.533517 8.503678 0.80729717 0.8741075 6.6240644 9.722222
 98.861946 89.9151 84.38555 0.9385026 0.9095016 7.026032 11.25
 0.9603534 0.32377547 0.10465346 0.3232285 0.33714202 3.491294 25.0
 1.5675335 0.4547354 0.1442329 0.31717983 0.29009613 3.3924785 21.25
 117.25981 118.178116 109.92721 0.93018246 1.0078313 7.01285 1.3157895
 29.41112 28.901686 27.455631 0.94996643 0.98267883 8.052609 1.1363636
 130.92847 132.13191 120.339905 0.9107558 1.0091916 7.0364256 2.5
 108.78356 97.217926 90.01529 0.9259125 0.8936822 7.788327 11.363636
 133.3129 133.65634 124.835175 0.93400115 1.0025762 7.108915 1.25
 10.833876 8.655002 7.0589647 0.81559366 0.79888326 8.272941 14.772727
 18.380564 14.872856 13.792705 0.9273743 0.80916214 8.459357 14.772727
 129.40707 122.93177 115.29988 0.93791765 0.9499618 7.2088366 7.5
 58.443016 59.976067 56.978428 0.9500194 1.0262316 7.464893 1.1363636
 46.631912 48.124317 45.511658 0.9457102 1.032004 8.183642 3.409091
 6.3460555 3.9244523 2.7524452 0.7013578 0.61840814 3.1176827 14.772727
 123.338066 125.489365 118.49984 0.94430184 1.0174422 7.17792 0.0
 112.1094 106.71023 100.265076 0.93960136 0.9518402 7.262672 12.5
 108.309364 94.23505 88.95753 0.9439962 0.8700545 7.720793 13.636364
 81.58557 81.82292 77.06086 0.9418004 1.0029092 7.920511 3.409091
 35.065712 33.53336 30.916796 0.9219713 0.9563006 7.8115497 7.5
 58.4311 56.44912 53.343906 0.94499093 0.96608007 8.159365 3.409091
 125.32255 126.84008 120.216095 0.94777685 1.012109 7.0386124 8.75
 7.142568 4.3399515 2.7101483 0.6244651 0.6076178 5.242405 15.0
 12.211661 10.538038 9.017269 0.8556876 0.8629488 6.461203 15.909091
 8.980229 6.7091346 5.8643456 0.8740837 0.7471006 3.8580925 8.333333
 112.323524 108.67725 98.59248 0.9072044 0.9675378 5.201393 1.6666666
 121.8296 122.74598 115.219505 0.93868256 1.0075219 7.090834 1.25
 55.179707 53.15079 50.189823 0.9442911 0.9632308 8.347584 9.090909
 30.873112 31.688164 29.880249 0.94294673 1.0264001 8.170762 1.1363636
 126.15764 129.44205 122.255775 0.9444827 1.0260342 7.2346497 8.75
 113.038 111.86308 102.42057 0.9155887 0.98960596 5.61498 4.6875
 136.2629 139.65758 129.33649 0.92609715 1.0249127 5.787606 1.4705882
 41.413513 42.414032 39.410263 0.9291798 1.0241593 8.135194 1.1363636
 108.23659 106.00604 99.309044 0.93682444 0.97939193 7.332434 5.0
 42.564846 44.121475 41.882347 0.9492509 1.0365708 7.7139907 1.1363636
 23.160482 12.364422 11.396296 0.92170066 0.5338586 8.351769 15.909091
 16.063475 15.492621 13.966293 0.9014803 0.96446264 7.671667 13.636364
 81.282036 83.74367 79.03733 0.94380075 1.030285 6.216441 1.3888888
 1.2544553 0.50534594 0.24922547 0.49317795 0.4028409 6.252189 21.153847
 90.52013 91.01776 84.22799 0.9254017 1.0054975 6.0697 10.294118
 40.313072 39.171116 36.12294 0.92218316 0.9716728 8.434153 3.409091
 11.6844635 10.140466 6.162384 0.60770226 0.86785895 5.1109643 10.0
 14.410409 12.590054 11.87407 0.9431311 0.87367773 7.993677 19.318182
 125.83884 121.77821 113.338295 0.93069434 0.9677316 7.13646 10.0
 102.23364 95.47584 88.71445 0.92918223 0.93389845 6.396868 4.1666665
 121.71819 103.91925 93.18773 0.8967321 0.8537693 4.7039323 8.928572
 12.337844 10.737881 10.109846 0.9415123 0.8703207 6.5375433 11.363636
 28.15331 28.96067 26.617495 0.9190911 1.0286772 8.042326 3.409091
 93.82778 96.97977 92.84381 0.9573524 1.0335933 7.9192286 1.1363636
 9.05421 6.1278586 5.4311123 0.88629854 0.6767966 8.483422 13.636364
 131.44637 129.86113 120.36112 0.9268449 0.9879401 6.320888 6.9444447
 23.265884 23.266348 22.093994 0.9496116 1.00002 7.5785108 10.227273
 51.25176 51.001854 48.14395 0.9439647 0.995124 8.033674 1.1363636
 113.505615 116.559746 94.570885 0.8113512 1.0269073 6.504431 2.5
 49.180683 50.630947 48.34568 0.95486426 1.0294884 7.9221754 9.090909
 63.54193 61.6643 57.288715 0.92904186 0.9704505 6.946863 5.681818
 26.065218 25.135548 22.750515 0.9051132 0.9643329 5.585595 12.5
 107.28967 102.39856 96.90421 0.9463435 0.95441204 8.024864 12.5
 113.17441 85.03047 77.32434 0.9093721 0.75132245 7.770436 18.181818
 112.78218 108.774796 96.19524 0.8843522 0.964468 3.8210313 0.0
 103.244736 103.0689 97.05576 0.9416591 0.9982969 5.9044085 1.4705882
 16.253902 15.128612 13.9755535 0.92378294 0.930768 7.8730383 9.210526
 116.238106 92.14975 85.706116 0.93007433 0.7927671 5.913379 14.705882
 134.84944 133.59663 125.532715 0.93963975 0.9907097 5.8576984 2.9411764
 127.907234 124.92243 114.49063 0.9164938 0.97666436 3.652545 0.0
 142.73517 153.01424 140.51918 0.91834056 1.0720149 3.900835 10.416667
 155.18584 172.24763 159.6584 0.92691195 1.1099443 3.8218613 0.0
 137.55574 148.56361 137.03574 0.92240435 1.0800248 3.8049605 6.25
 133.09605 143.30316 134.7196 0.9401021 1.0766897 4.6506534 1.7857143
 145.3838 150.3815 141.82628 0.94310987 1.0343759 5.987895 1.5625
 93.75893 97.6252 92.710785 0.9496605 1.0412363 5.7853365 7.8125
 89.728615 100.90829 89.44252 0.88637435 1.1245942 3.9889903 8.333333
 1.0 75.31734 73.95097 68.50535 0.92636174 0.9818586 470.40875 7.721183 72.0
