 133.05362 129.18137 121.12444 0.9376309 0.970897 9.086514 7.9545455
 107.24956 106.98425 95.04046 0.88835937 0.9975263 4.567592 3.8461537
 122.59298 121.487434 113.5739 0.9348613 0.990982 9.179378 1.1363636
 95.61752 93.40911 86.100266 0.9217544 0.97690374 8.718995 1.1904762
 113.210915 112.26411 104.52341 0.9310492 0.99163675 8.7706585 1.1363636
 95.292915 93.37127 84.73217 0.90747577 0.9798343 6.23267 1.5625
 131.07526 130.23035 119.00173 0.9137788 0.993554 6.179622 3.125
 129.8835 126.68429 114.29744 0.90222275 0.9753686 5.6108303 8.333333
 117.85032 112.50225 102.25412 0.9089073 0.9546198 9.226593 2.2727273
 128.72882 127.11209 119.40692 0.9393829 0.98744076 9.3430805 2.2727273
 110.41935 108.89571 101.136 0.9287418 0.98620135 9.020312 7.9545455
 108.91127 102.04935 94.62037 0.9272021 0.93699527 9.261213 14.772727
 116.35663 114.640724 108.00456 0.9421134 0.98525304 8.846011 9.090909
 109.971054 107.06604 98.165886 0.91687226 0.9735838 9.113102 2.2727273
 112.744064 114.00873 107.53836 0.9432467 1.0112171 9.160278 1.1363636
 132.06825 130.2294 113.07186 0.86825144 0.9860765 4.6534886 3.8461537
 103.53541 101.939354 95.451965 0.9363603 0.98458445 9.019249 1.1363636
 112.40223 111.58602 96.82184 0.8676878 0.99273854 4.0568686 2.0833333
 126.13735 125.283104 113.27575 0.90415823 0.9932276 5.1459312 0.0
 112.43766 110.75168 98.969604 0.89361715 0.98500526 7.421369 6.5789475
 117.39393 113.45235 105.00477 0.9255407 0.9664243 9.348094 3.409091
 111.15745 106.86449 98.405174 0.92084074 0.96137947 9.197047 2.2727273
 127.52152 128.98508 121.591934 0.9426822 1.011477 9.193707 1.1363636
 126.33914 123.62719 116.09186 0.93904793 0.97853434 9.1717615 1.1363636
 137.12259 137.74501 126.12462 0.9156384 1.0045391 6.2011037 1.5625
 115.681816 111.43551 104.18846 0.93496644 0.9632932 9.191798 1.1363636
 103.09329 98.72441 90.5991 0.9176971 0.95762205 8.781432 5.681818
 131.57341 133.09337 124.79818 0.9376739 1.0115522 9.295144 5.681818
 111.786354 108.69072 99.32692 0.9138491 0.9723076 8.848525 3.409091
 95.93886 91.22245 85.50468 0.9373206 0.95083946 8.70478 1.1363636
 119.15698 124.5658 109.85765 0.8819246 1.0453924 4.0292892 6.25
 35.221992 32.208595 30.025011 0.9322049 0.9144456 9.8223915 14.772727
 121.797585 122.49943 112.75321 0.9204387 1.0057623 8.934123 4.5454545
 128.11905 126.19126 118.025444 0.93529016 0.9849532 9.221814 1.1363636
 134.00186 132.49538 124.153946 0.9370436 0.9887578 9.076455 0.0
 120.14363 115.29367 105.204956 0.9124955 0.959632 9.125834 0.0
 113.42695 111.19555 100.359146 0.90254647 0.98032737 8.78616 6.818182
 124.16934 120.25372 112.69618 0.9371534 0.9684655 9.106555 0.0
 128.44133 128.01552 120.667816 0.942603 0.99668485 9.225488 0.0
 99.637024 97.44721 88.87707 0.9120534 0.9780221 6.075083 1.5625
 20.393295 17.334677 15.887794 0.91653246 0.8500184 9.927591 12.5
 117.98157 117.62555 108.13676 0.9193305 0.99698246 7.1579285 1.3888888
 132.21527 130.34695 121.91333 0.9352986 0.9858691 9.218141 1.1363636
 119.071915 119.899185 106.376884 0.88721937 1.0069476 4.6901107 1.9230769
 110.92002 109.15919 102.4037 0.9381135 0.9841252 9.208008 2.2727273
 114.881836 111.820076 104.65055 0.9358834 0.9733486 9.064086 3.409091
 117.40792 99.9883 70.779396 0.70787674 0.85163164 6.9565125 3.409091
 105.63881 104.11835 98.05752 0.94178903 0.985607 9.215004 1.1363636
 115.909096 114.356415 103.78523 0.9075593 0.98660433 9.044233 3.409091
 20.204163 18.59422 16.875069 0.90754384 0.9203162 6.327808 12.5
 124.66917 122.81013 115.05756 0.9368736 0.9850882 9.113174 1.1363636
 119.93814 120.499245 113.5919 0.9426773 1.0046782 9.013284 2.2727273
 133.37767 131.7216 123.49907 0.9375765 0.98758364 9.214181 0.0
 105.13771 103.189224 96.39729 0.9341799 0.9814673 9.346571 5.681818
 97.607956 95.25515 88.96562 0.9339718 0.9758953 9.075513 1.1363636
 18.570698 16.42085 14.647592 0.89201176 0.8842345 8.886096 6.818182
 107.021614 105.814354 100.11748 0.94616157 0.98871946 8.954274 11.363636
 141.06972 140.66373 132.61891 0.94280815 0.9971221 8.95482 11.363636
 140.91222 140.1177 129.91882 0.927212 0.9943617 9.233689 0.0
 99.46269 95.324326 89.01377 0.9337991 0.95839274 9.031112 1.1363636
 134.86655 132.43266 118.47843 0.8946315 0.9819534 5.218644 1.7857143
 119.92796 119.571785 112.532974 0.9411332 0.99703 9.144181 0.0
 110.11498 109.98898 103.84735 0.9441614 0.9988557 9.240969 5.681818
 123.3402 105.714874 65.94388 0.62378997 0.8570999 7.832377 11.363636
 114.139114 111.576515 104.61055 0.93756783 0.9775485 8.51708 1.1904762
 124.42922 119.387115 109.59498 0.9179799 0.95947814 8.895323 3.5714285
 116.11474 116.93433 109.961235 0.94036746 1.0070585 9.241156 3.409091
 107.45815 107.38589 100.75759 0.9382759 0.99932754 9.031487 0.0
 121.35442 118.37551 111.607605 0.9428268 0.9754528 8.977569 13.636364
 124.746735 125.76678 119.19673 0.94776005 1.0081769 8.940683 2.2727273
 130.19435 132.14227 125.07076 0.9464857 1.0149616 9.147908 3.409091
 86.020294 87.29621 81.804955 0.9370963 1.0148327 9.143255 5.681818
 135.51836 135.53798 124.93091 0.92174095 1.0001448 6.9282417 1.3888888
 130.1827 132.25044 123.54514 0.9341756 1.0158834 8.1732025 0.0
 80.10125 72.07408 63.24907 0.8775564 0.8997872 4.8079677 11.538462
 128.87946 126.43341 117.79838 0.9317029 0.9810207 9.269914 6.818182
 95.21623 94.81414 89.12 0.93994427 0.9957771 9.132882 1.1363636
 117.97906 117.81797 111.60851 0.9472962 0.99863464 9.050472 13.636364
 120.74834 120.18002 112.4069 0.935321 0.9952934 8.931547 0.0
 130.44768 127.15031 119.306946 0.93831426 0.9747226 9.247617 1.1363636
 89.260124 90.918846 85.59635 0.9414589 1.0185829 9.120229 5.681818
 118.877144 116.932365 109.5738 0.9370699 0.98364043 9.202144 1.1363636
 86.81678 83.99772 78.25622 0.93164694 0.96752864 9.409048 4.5454545
 105.51048 107.033424 99.48739 0.9294983 1.014434 9.280298 3.409091
 107.66841 105.74396 99.58699 0.9417748 0.98212606 8.990729 4.5454545
 131.47215 125.46127 112.63181 0.8977417 0.9542802 5.0909495 1.7857143
 101.2912 100.59118 94.513016 0.93957555 0.993089 9.074862 1.1363636
 118.32389 116.59773 107.73831 0.9240172 0.9854116 9.594959 0.0
 113.710304 111.35668 103.93153 0.93332106 0.9793016 8.737773 1.1904762
 112.85606 111.032616 104.5106 0.9412604 0.98384273 9.150946 4.5454545
 25.554598 26.493164 25.238558 0.9526442 1.0367279 8.692503 5.681818
 104.65265 104.13169 97.9038 0.9401922 0.995022 9.012551 1.1363636
 130.2696 125.35961 117.86394 0.94020665 0.96230894 8.878494 1.1363636
 106.813995 103.43191 96.18999 0.92998374 0.96833664 9.221795 3.409091
 120.45107 115.76434 107.87564 0.93185544 0.9610902 9.052058 3.409091
 101.665375 98.92757 92.46799 0.93470395 0.9730704 8.941118 1.1363636
 25.865532 25.069221 22.49958 0.89749813 0.9692134 8.023113 4.5454545
 110.73384 115.860435 101.59418 0.8768669 1.0462966 4.111861 12.5
 113.133415 107.51245 99.40916 0.9246293 0.9503156 9.437397 3.409091
 136.80106 133.91779 120.34374 0.898639 0.97892356 5.0743513 1.7857143
 99.85781 96.48803 90.209465 0.9349291 0.9662543 8.522635 1.1904762
 104.47445 100.85621 93.1804 0.9238935 0.9653672 8.567429 2.3809524
 129.39491 127.70856 120.31705 0.9421221 0.9869674 8.173277 1.25
 121.56158 116.68345 109.42894 0.9378274 0.9598712 7.966534 0.0
 132.96489 128.82742 120.998215 0.93922716 0.968883 8.063475 2.5
 22.30985 21.655384 19.6057 0.9053499 0.9706647 8.041078 8.75
 105.21864 102.90464 93.58492 0.9094335 0.9780077 5.778288 0.0
 117.09648 113.804146 106.1537 0.9327754 0.9718836 7.7893043 1.3157895
 117.60063 111.14818 97.71212 0.8791158 0.9451325 4.221645 2.0833333
 121.42149 119.222855 111.32318 0.93374026 0.9818925 7.605283 11.842105
 109.4208 105.12364 97.67076 0.9291037 0.96072817 7.7085075 1.3157895
 113.20343 109.029564 100.01627 0.91733164 0.9631295 7.728023 10.526316
 103.28802 102.13558 94.55422 0.92577165 0.9888425 6.972576 9.722222
 108.34226 105.73941 95.17199 0.90006167 0.97597563 6.833357 8.333333
 126.77523 117.623604 107.76657 0.9161985 0.92781216 6.149557 8.823529
 113.336334 105.65812 96.56485 0.9139369 0.9322528 6.461228 11.764706
 130.91917 122.77763 112.258064 0.9143201 0.9378125 6.4165754 0.0
 130.10992 127.20374 111.555244 0.87698084 0.97766364 3.8631265 2.0833333
 104.98126 102.48129 94.313705 0.92030174 0.9761866 6.288027 1.4705882
 101.82598 98.29502 89.6946 0.912504 0.9653236 5.729311 9.375
 112.404274 110.610794 101.02092 0.9133007 0.98404443 5.934502 1.5625
 133.77434 131.86555 120.01415 0.91012514 0.98573136 5.922667 0.0
 121.014496 119.46092 108.82715 0.91098535 0.9871621 5.891697 1.5625
 102.76164 101.82715 92.38054 0.90722895 0.99090624 5.74208 1.5625
 126.834946 118.56875 106.01037 0.89408356 0.9348271 5.363883 1.6666666
 132.76212 124.94963 112.30221 0.89877987 0.94115424 5.9452214 1.5625
 127.10387 126.99126 115.52515 0.90970945 0.9991141 5.836141 4.6875
 107.0108 99.43882 89.16588 0.89669085 0.92924094 5.289072 0.0
 87.30543 86.77335 78.76519 0.9077117 0.99390566 5.883699 12.5
 121.80916 115.552345 99.109665 0.8577036 0.9486343 3.67616 0.0
 87.49301 84.8351 77.44493 0.9128879 0.9696215 5.3121705 1.6666666
 130.02124 122.83678 113.34921 0.9227628 0.94474393 5.0575247 1.7857143
 102.06456 96.79665 89.088234 0.9203648 0.94838655 5.1790714 1.7857143
 119.97918 112.89646 104.39598 0.9247055 0.94096714 5.104849 1.7857143
 125.63325 120.01742 110.62539 0.9217445 0.9552998 5.176097 1.7857143
 124.51449 112.716774 102.6839 0.9109904 0.9052502 4.6946874 1.9230769
 132.11687 126.455826 111.79854 0.8840916 0.9571513 4.0337753 0.0
 100.918396 98.77974 88.69481 0.8979049 0.9788081 4.090631 2.0833333
 104.20259 105.13498 93.64798 0.89074045 1.0089478 4.031601 4.1666665
 124.83133 125.10324 110.2224 0.8810515 1.0021783 4.122093 2.0833333
 136.47304 132.04047 116.3686 0.88131016 0.9675205 3.9918993 0.0
 97.90996 99.67784 88.96059 0.8924811 1.0180563 4.0354133 2.0833333
 25.352533 16.348434 13.904862 0.85053176 0.64484423 3.8481798 10.416667
 85.58772 83.31974 72.99112 0.87603635 0.97350115 4.077868 2.0833333
 106.71606 105.64755 92.534706 0.87588125 0.9899874 4.052034 0.0
 1.0 110.95076 108.35669 99.36938 0.91705805 0.9766196 815.99146 3.686945 145.0
