 101.015366 74.35782 65.05631 0.87490886 0.736104 4.105233 12.5
 13.74548 11.508863 9.411165 0.8177319 0.8372835 4.4094477 12.5
 89.23747 59.67982 55.328014 0.92708075 0.6687753 9.1140375 12.5
 21.46165 17.421637 16.433346 0.9432722 0.8117566 9.2838 14.772727
 1.7990042 0.57689744 0.15606022 0.2705164 0.320676 3.1492546 15.789474
 3.762067 1.7118189 1.4142765 0.8261835 0.45502084 9.619892 15.909091
 5.0713544 1.8005 0.58748364 0.32628915 0.35503337 2.3368876 18.181818
 12.247964 5.578977 3.5479484 0.6359496 0.45550242 6.932749 15.476191
 81.789955 48.978783 43.769352 0.893639 0.5988361 8.708285 18.181818
 4.0907702 1.2804279 0.741553 0.57914466 0.31300414 4.925005 21.428572
 83.15046 50.847816 43.47543 0.8550107 0.61151576 4.869569 10.714286
 89.97573 54.032036 46.578644 0.8620561 0.6005179 4.6279206 12.5
 38.308514 35.116035 33.41093 0.9514436 0.916664 8.930455 7.9545455
 85.608246 49.013012 44.47909 0.90749556 0.57252675 8.892183 13.636364
 62.58688 62.341934 57.825966 0.9275613 0.9960863 5.4854 6.6666665
 101.54774 74.33747 67.743645 0.91129875 0.73204464 5.029043 10.714286
 7.2484045 2.1552675 0.9423689 0.4372399 0.29734373 5.8977494 15.476191
 10.728666 7.8572006 6.6764174 0.8497196 0.7323557 6.6909566 14.772727
 16.85463 12.726359 11.567944 0.90897506 0.7550661 9.195655 14.772727
 95.29541 60.16575 54.0581 0.8984864 0.6313604 4.6394076 17.307692
 7.446428 4.0050373 3.1161711 0.778063 0.5378468 8.961066 11.363636
 92.62363 59.182377 52.511906 0.8872895 0.63895553 5.4024224 11.666667
 9.799745 5.558894 5.00455 0.90027803 0.5672489 9.262958 12.5
 106.40946 76.71669 68.1986 0.8889669 0.72095746 4.5892816 13.461538
 7.647914 6.5408697 6.091363 0.9312773 0.85524887 9.210724 10.227273
 89.03218 53.086613 47.03613 0.88602614 0.59626323 4.716252 13.461538
 11.529748 7.3416924 5.0684667 0.69036764 0.63676083 6.9642706 17.045454
 87.28452 61.433407 56.761326 0.9239488 0.70382935 8.844787 17.045454
 10.687607 10.918467 10.24078 0.9379321 1.0216007 9.451778 10.227273
 108.39464 72.133385 64.356026 0.89218086 0.66547006 4.548848 17.307692
 1.0866148 0.33762744 0.10544496 0.3123116 0.31071493 2.612183 20.833334
 2.7997804 0.91248435 0.5573836 0.6108419 0.32591283 5.062451 19.736841
 65.089806 49.24227 45.669434 0.92744374 0.75652814 9.178799 14.772727
 99.88282 61.935444 56.202835 0.9074422 0.620081 8.74611 19.318182
 40.24694 41.398895 39.06498 0.9436238 1.0286222 9.694077 1.1363636
 101.453316 101.91778 94.041954 0.92272377 1.0045781 9.199351 4.5454545
 4.7293205 3.8851764 3.3322814 0.85769117 0.82150835 8.9127865 16.25
 51.592476 52.748753 50.10652 0.94990915 1.0224117 8.899601 10.714286
 8.7955885 6.866619 6.3607125 0.9263238 0.780689 8.841633 10.227273
 76.69798 49.30494 44.07884 0.8940045 0.64284533 6.8442163 9.210526
 10.892455 7.3621206 6.9003534 0.937278 0.6758918 8.524638 12.5
 7.4639525 3.9170434 2.5107915 0.6409915 0.52479476 5.0575256 10.227273
 85.72535 60.67332 57.20854 0.9428946 0.707764 9.109802 18.181818
 90.7593 57.900497 52.91194 0.91384256 0.6379566 8.745039 19.318182
 6.648417 5.0475063 4.689926 0.929157 0.7592042 8.496016 14.772727
 97.141266 79.00859 74.42675 0.9420084 0.81333697 9.184755 17.045454
 13.080994 10.252605 9.682831 0.9444264 0.7837788 9.420063 17.045454
 40.918247 41.509674 39.78858 0.9585376 1.0144538 9.425081 6.818182
 89.24765 58.087765 53.168003 0.9153047 0.6508604 6.019933 12.5
 95.92384 84.33564 79.84079 0.9467028 0.8791938 9.374561 14.772727
 90.97892 64.30183 59.098644 0.91908187 0.7067773 8.880695 15.909091
 15.200805 10.67527 5.316154 0.49798778 0.7022832 4.2414603 12.5
 31.995344 29.03927 27.44404 0.94506645 0.9076092 9.541234 10.227273
 11.522734 8.292015 7.6706953 0.9250701 0.7196222 9.670284 10.227273
 76.49076 52.494793 49.08932 0.93512744 0.6862893 8.575114 10.714286
 105.31312 74.2754 69.80653 0.9398339 0.70528156 8.056775 11.25
 31.890778 32.148434 29.647558 0.9222084 1.0080794 5.905437 4.6875
 92.58147 72.32098 67.41305 0.93213683 0.7811604 9.103729 15.909091
 92.9961 62.16524 56.71297 0.9122939 0.6684715 8.822363 15.909091
 13.893651 7.4332848 5.5640955 0.7485379 0.5350131 7.32028 13.636364
 7.435829 1.7678936 0.39289045 0.22223648 0.23775338 1.9069805 17.045454
 14.600231 10.5907955 8.428379 0.7958212 0.7253855 10.054984 14.772727
 18.801054 11.203312 5.6831813 0.5072769 0.5958874 4.4899898 13.095238
 69.685074 42.423344 38.333206 0.9035876 0.60878664 8.632141 15.909091
 9.327288 7.6782565 6.964046 0.9069828 0.82320356 9.779675 14.772727
 8.18823 5.522557 4.989375 0.9034538 0.67445064 8.642729 16.666666
 14.419556 11.859854 11.095321 0.9355361 0.82248396 8.156981 18.181818
 5.46673 4.6280723 4.336258 0.9369469 0.8465888 7.2620306 15.0
 105.98016 83.21514 77.84263 0.9354382 0.78519547 9.198188 13.636364
 3.2448697 2.8952765 2.8000293 0.9671025 0.8922629 6.307511 11.666667
 38.927036 35.83175 34.29105 0.9570018 0.92048496 9.3792515 14.772727
 14.334433 10.898345 10.079471 0.92486244 0.7602914 6.7362475 16.25
 97.006454 73.74591 68.99799 0.93561786 0.76021653 8.905964 17.045454
 92.89755 60.955647 56.352596 0.92448527 0.6561599 9.390926 11.363636
 6.0498543 4.5695925 4.2382126 0.92748153 0.75532275 9.048275 15.909091
 7.639792 6.262098 5.9409013 0.9487079 0.81966865 6.3700795 11.363636
 9.790923 8.084808 7.303269 0.9033323 0.8257453 7.8414955 15.909091
 7.5413775 4.4854946 4.023314 0.896961 0.59478456 9.137277 17.045454
 87.12275 54.0364 49.19621 0.91042715 0.62023294 9.107797 17.045454
 6.10179 5.5628185 5.1990123 0.93460035 0.91166997 9.213999 15.476191
 104.11667 67.82762 62.101265 0.9155749 0.65145785 8.782799 19.318182
 97.70428 67.36654 60.82427 0.9028855 0.68949425 9.073909 15.909091
 37.210136 20.496683 18.374187 0.8964468 0.550836 8.027118 17.045454
 10.962086 6.198541 4.323029 0.69742686 0.56545275 5.4269085 11.363636
 9.020804 6.2364984 5.2918463 0.84852844 0.69134617 7.3966575 13.636364
 105.31263 84.963005 79.08547 0.9308224 0.80676943 7.0869303 15.277778
 5.5867767 2.6878781 1.8620868 0.69277203 0.4811143 9.004311 18.181818
 14.441994 12.773112 11.719283 0.91749626 0.88444245 10.297372 14.285714
 32.594086 19.99955 9.169482 0.45848444 0.6135944 3.0699656 9.615385
 10.445361 5.9278274 4.7320504 0.7982773 0.56750816 9.351618 12.5
 102.84454 93.63135 86.01915 0.9187003 0.9104163 5.118655 10.714286
 104.08019 72.49582 66.57318 0.91830367 0.69653815 9.029004 17.045454
 90.447464 66.03317 62.108196 0.9405606 0.7300721 9.234409 14.772727
 86.06537 54.56469 49.176155 0.901245 0.63399124 9.005729 14.772727
 70.56223 29.866709 22.911852 0.7671369 0.42326763 7.7275934 20.454546
 77.18149 62.44466 58.955425 0.9441228 0.80906266 9.061614 11.363636
 85.675934 54.249912 49.313393 0.90900403 0.633199 8.974716 13.636364
 6.3955264 4.2339253 3.9438155 0.93147975 0.66201353 8.325792 17.045454
 77.352646 52.395264 48.88458 0.93299615 0.67735577 8.59994 14.285714
 51.990562 45.4658 42.782127 0.94097376 0.87450105 9.471556 10.227273
 5.4422956 4.050778 3.2699049 0.8072288 0.74431425 9.374892 13.636364
 95.277626 91.78438 85.869545 0.93555725 0.96333617 9.168549 6.818182
 46.666683 44.43334 42.218174 0.9501464 0.95214266 9.259108 11.363636
 46.447803 46.43845 43.313614 0.9327102 0.9997986 9.33616 1.1363636
 5.5736504 3.7638533 3.3189187 0.8817875 0.67529416 9.263689 12.5
 87.29712 62.515717 55.981236 0.8954746 0.7161258 8.39889 13.636364
 104.7603 73.98561 67.08947 0.90679073 0.70623714 7.586311 17.105263
 59.50717 39.98373 35.492146 0.88766474 0.67191446 8.981272 15.476191
 97.32759 71.9364 66.47162 0.9240331 0.73911625 9.013349 13.636364
 92.09742 67.17348 62.374767 0.92856246 0.7293741 7.541443 10.526316
 24.587418 14.426104 12.452714 0.86320704 0.5867271 6.071577 16.666666
 19.074144 11.568123 6.205786 0.53645575 0.6064819 6.9440436 13.636364
 21.659336 21.717964 17.17086 0.7906293 1.0027068 9.415846 13.636364
 94.227776 87.03682 82.4077 0.94681424 0.92368543 9.239883 11.363636
 100.42718 76.800446 72.83749 0.9483992 0.7647377 9.244627 14.772727
 13.274288 9.078677 7.3277802 0.80714184 0.6839295 9.201449 14.772727
 83.34753 55.457333 51.08213 0.92110693 0.66537464 8.995439 12.5
 47.59287 42.401276 39.33135 0.92759824 0.8909165 7.102034 5.5555553
 17.582417 10.698871 9.683246 0.90507174 0.60849833 6.6953564 13.636364
 18.205109 12.61331 11.906527 0.9439653 0.6928445 8.160322 15.909091
 88.59038 56.971947 51.184753 0.8984203 0.6430941 9.131665 17.045454
 9.095502 6.587821 5.974835 0.9069516 0.7242944 10.013263 11.363636
 16.065762 7.1282735 6.068959 0.85139257 0.44369352 8.428135 14.772727
 16.84379 14.59799 13.956935 0.9560861 0.86666894 8.148946 15.909091
 13.529819 11.6637745 6.843221 0.58670723 0.86207914 7.2760077 11.363636
 35.629642 32.66949 28.671816 0.8776328 0.9169188 5.1914697 10.0
 99.50933 65.41744 60.48517 0.9246031 0.6574001 7.4510984 14.473684
 30.226501 26.922688 25.283598 0.9391186 0.89069813 9.475865 12.5
 86.54675 62.27665 56.860878 0.9130369 0.7195723 9.594328 19.318182
 104.71953 67.11531 62.25429 0.92757213 0.6409054 9.206624 12.5
 59.25371 56.706795 54.06566 0.95342463 0.95701677 9.201693 6.818182
 50.50054 49.418964 46.53704 0.9416839 0.97858286 8.148992 9.210526
 89.20204 81.081535 74.51222 0.9189789 0.90896505 5.009363 8.928572
 93.16332 56.792477 51.301224 0.9033102 0.60960126 8.407991 15.909091
 6.3588824 4.3994427 3.4517186 0.7845809 0.6918578 9.145616 10.227273
 21.118946 16.174675 14.840922 0.91754067 0.76588464 9.204232 14.772727
 108.89783 83.03839 78.49237 0.94525397 0.76253486 9.199652 15.909091
 97.60322 64.93357 60.149746 0.9263274 0.66528106 8.860645 13.636364
 90.79361 54.06459 48.13382 0.8903021 0.5954669 8.429563 15.909091
 92.05093 61.33927 57.165524 0.9319564 0.66636235 9.224309 13.636364
 92.01488 66.08115 62.279392 0.9424684 0.71815723 9.213157 11.363636
 82.60833 56.30191 52.579685 0.93388814 0.6815524 9.1988125 17.045454
 94.2244 72.308044 66.95203 0.92592776 0.7674025 8.892042 13.636364
 31.700598 28.343752 26.511198 0.93534535 0.8941078 9.269315 10.227273
 7.664169 2.5343213 0.93615335 0.36939013 0.33067137 3.8401551 13.636364
 73.50451 50.025055 46.44785 0.9284918 0.6805712 9.094949 13.636364
 14.898033 14.041068 12.806823 0.9120975 0.94247794 8.318129 11.904762
 90.03242 56.76659 49.450016 0.8711113 0.63051283 5.084894 8.928572
 11.771564 5.790372 1.8915972 0.32667974 0.49189487 4.890941 17.045454
 82.60061 43.899685 40.006416 0.9113145 0.5314693 8.001972 12.5
 80.53899 50.41346 43.716618 0.86716163 0.625951 4.517704 15.384615
 11.5576515 7.1114926 6.806661 0.9571354 0.615306 3.7666032 12.5
 37.709797 30.51467 27.079624 0.8874297 0.80919737 4.928807 11.666667
 4.4801965 2.6613653 2.3433375 0.8805021 0.59402865 8.453706 14.772727
 8.504999 5.160981 4.2251334 0.8186687 0.60681736 4.5059743 10.416667
 36.438805 35.227596 33.369335 0.94724995 0.96676046 9.279383 2.2727273
 95.046265 72.362946 66.57338 0.9199926 0.76134443 8.948113 14.772727
 91.58567 59.133404 52.924343 0.8949991 0.6456622 8.706761 14.772727
 45.17502 44.72433 42.713795 0.95504606 0.9900235 9.143837 12.5
 105.47724 83.26857 79.2296 0.9514947 0.7894458 9.319683 14.772727
 93.483665 67.33184 61.92683 0.9197257 0.7202525 8.776516 17.045454
 7.4662023 3.4840162 2.6763299 0.7681738 0.46663833 8.607691 13.636364
 50.596725 51.809643 49.986782 0.9648162 1.0239723 8.416421 1.1904762
 14.351463 7.131298 5.8531504 0.8207693 0.49690387 4.3235035 15.909091
 95.155174 63.804523 56.03001 0.8781511 0.6705313 4.363881 12.5
 22.343481 5.1972566 2.8207345 0.5427353 0.23260729 5.478165 19.318182
 9.674199 4.7954803 4.2340198 0.88291883 0.49569792 9.081616 17.045454
 101.5986 95.926636 88.30708 0.92056894 0.94417274 5.572597 8.333333
 8.39168 6.448842 5.6094623 0.8698402 0.7684805 9.602268 15.909091
 9.049728 6.969529 6.563247 0.94170594 0.77013683 9.307343 14.772727
 60.75653 60.164825 56.277016 0.9353807 0.9902611 9.330189 1.1363636
 11.15399 8.993837 8.274059 0.9199699 0.80633366 9.252062 12.5
 79.50657 55.606712 50.93595 0.9160036 0.69939774 9.105557 11.363636
 79.03929 46.958862 42.12684 0.89710087 0.5941205 8.833722 17.045454
 47.36148 42.87982 40.417206 0.9425694 0.90537333 9.378924 11.363636
 6.933525 5.38649 4.9162464 0.91269946 0.7768761 8.376745 15.0
 9.707841 6.3300524 5.5812125 0.8817009 0.6520557 9.809184 13.095238
 77.27885 53.104053 48.523014 0.9137346 0.6871745 8.087552 13.75
 94.84476 68.232765 62.420357 0.914815 0.71941525 8.153923 16.25
 101.99054 67.283516 59.324463 0.88170874 0.6597035 7.7488217 17.5
 5.23897 2.3312526 1.6850433 0.72280604 0.444983 8.699731 18.75
 33.135612 34.72409 32.16687 0.926356 1.0479387 7.733478 1.3157895
 17.203863 12.03767 9.302904 0.772816 0.6997074 4.7485538 14.583333
 96.73233 61.169754 52.595142 0.85982263 0.63236105 4.083681 15.384615
 100.977196 93.46073 85.95712 0.91971374 0.9255628 7.3562245 5.263158
 78.8087 68.39286 62.780205 0.9179351 0.8678339 6.7114286 12.5
 89.61378 55.66268 48.858192 0.87775487 0.62113976 6.662146 12.5
 96.237404 84.83157 78.06269 0.920208 0.88148236 7.038985 8.333333
 74.849686 48.485893 42.89773 0.8847466 0.64777684 6.891717 13.888889
 30.991488 31.446518 29.462742 0.93691593 1.0146824 6.116806 4.6875
 78.573006 57.33206 52.63898 0.91814214 0.7296661 6.002013 12.5
 91.05935 63.606014 56.202957 0.8836108 0.6985116 4.752745 14.285714
 95.94153 67.77584 62.77433 0.9262051 0.70642865 5.7859893 18.333334
 98.09275 70.23683 62.13542 0.8846558 0.7160247 5.5442944 13.333333
 82.59568 58.296986 52.337807 0.8977789 0.70581156 5.6474648 13.333333
 42.07454 33.5123 29.618805 0.883819 0.7964983 6.289217 11.666667
 75.694145 68.60269 63.095924 0.9197296 0.9063144 5.642729 12.5
 85.37134 62.233063 57.474625 0.92353845 0.72896904 5.2579656 12.5
 99.24117 56.577465 47.30684 0.8361428 0.5701007 3.9409924 14.583333
 11.929028 6.700324 5.440339 0.81195164 0.56168234 3.6370418 15.384615
 86.06271 84.55345 74.55994 0.88180834 0.9824632 4.6828017 11.538462
 9.466806 7.727797 6.8025174 0.8802661 0.8163045 4.7585773 13.461538
 96.101654 76.79043 65.023605 0.84676707 0.79905415 4.0892744 14.583333
 19.099058 15.504992 12.310456 0.79396737 0.8118197 3.9831333 12.5
 32.64922 33.04272 28.767115 0.87060374 1.0120524 4.0930605 10.416667
 1.0 52.731747 38.785294 35.21261 0.9078855 0.7355208 296.87286 13.367674 205.0
