 89.03394 85.41292 81.33743 0.9522848 0.9593299 9.023253 3.409091
 8.813101 6.6396284 5.89374 0.88766116 0.7533816 9.622559 12.5
 102.60531 98.07037 93.33475 0.95171195 0.9558022 9.049431 5.681818
 2.5482488 0.92197865 0.27315393 0.29626924 0.36180875 3.3916395 17.857143
 97.67607 93.64925 87.81623 0.93771416 0.95877373 9.016705 1.1363636
 14.611028 13.127388 12.510558 0.953012 0.8984575 8.76268 9.090909
 22.224453 20.115826 19.05685 0.94735605 0.9051213 9.3904505 14.772727
 2.5206382 1.4485345 1.1158496 0.7703301 0.5746697 8.183414 13.636364
 11.360994 9.649344 9.032449 0.93606853 0.84933984 9.351711 10.227273
 103.292206 99.24282 94.362076 0.95082015 0.96079683 9.219269 0.0
 2.960912 1.8716214 1.2881738 0.6882662 0.63210976 7.4004226 17.5
 87.482346 71.92193 65.00375 0.90381 0.8221308 4.437466 11.538462
 83.2416 79.39346 75.765465 0.9543035 0.95377153 8.924164 2.2727273
 9.903405 10.167552 9.653055 0.94939816 1.0266722 8.839422 11.363636
 95.53267 92.14184 86.00679 0.9334173 0.96450603 7.981907 0.0
 93.407234 89.29117 85.12064 0.95329297 0.95593417 9.073399 13.636364
 3.2956953 0.9626288 0.25445396 0.26433235 0.2920867 2.6795933 19.047619
 2.380073 0.8689766 0.46093956 0.53043956 0.365105 6.547923 15.476191
 88.50982 80.975655 77.187805 0.9532224 0.91487765 9.0151825 7.9545455
 11.358481 7.9699297 7.3134127 0.9176258 0.70167214 9.199359 18.181818
 111.12269 108.35856 103.74432 0.957417 0.9751254 9.152372 0.0
 7.7313623 6.094703 5.742698 0.94224405 0.78830916 9.238861 12.5
 79.58445 74.30251 70.97688 0.95524204 0.93363106 8.894396 4.5454545
 8.575685 6.1358 4.389346 0.71536654 0.7154881 8.511257 15.909091
 6.05459 2.1496112 0.49093327 0.22838236 0.35503826 2.2774348 13.157895
 11.883901 11.088997 10.543567 0.9508133 0.9331109 9.23603 9.090909
 86.235756 84.65716 80.16149 0.94689554 0.98169446 7.625522 1.3157895
 22.195206 21.919542 20.174503 0.9203889 0.98758006 9.830992 14.772727
 92.78465 87.90243 80.333046 0.9138888 0.94738114 4.981126 8.928572
 82.26737 75.69872 71.91796 0.9500552 0.92015487 9.185338 3.409091
 9.174501 7.658379 7.082939 0.92486143 0.83474606 8.578468 13.636364
 83.649864 51.27717 48.55397 0.94689256 0.61299765 9.051301 13.636364
 8.088944 2.7479126 2.2053578 0.8025574 0.33971214 7.4309063 14.772727
 3.9810927 1.9584335 1.499878 0.765856 0.49193367 8.963925 23.214285
 15.249022 7.0833573 6.308903 0.89066565 0.46451226 7.568738 18.181818
 1.964678 0.4433562 0.06901882 0.15567352 0.22566353 1.5104225 15.277778
 17.881205 13.992685 9.910481 0.7082616 0.7825359 7.456897 9.722222
 89.63769 77.892746 73.070145 0.9380867 0.8689732 9.006501 7.9545455
 7.5184784 7.1658134 6.833117 0.95357174 0.9530936 8.876016 9.090909
 9.460836 8.701759 7.989507 0.91814846 0.91976637 8.723678 10.227273
 3.0904255 0.71810365 0.3613622 0.5032173 0.23236401 6.245355 21.25
 96.6637 91.131905 86.70645 0.9514391 0.94277275 9.168705 3.409091
 13.770918 13.303167 12.844559 0.9655264 0.96603346 9.348067 11.363636
 83.478935 78.173004 74.40498 0.9517989 0.9364399 9.076676 3.409091
 13.842203 14.099011 12.736618 0.9033696 1.0185525 4.960122 1.7857143
 95.316574 91.417206 87.02957 0.9520043 0.95909035 9.059668 3.409091
 16.34227 14.766301 13.622153 0.9225162 0.9035649 9.210895 6.818182
 14.537434 13.96697 11.37707 0.8145697 0.960759 7.520871 7.9545455
 75.735794 70.32275 66.67676 0.9481535 0.92852724 9.034117 12.5
 7.2973914 1.9127568 0.34669507 0.18125413 0.26211515 1.7299453 18.181818
 8.817572 6.419374 4.4118876 0.6872769 0.72802067 7.4011874 10.227273
 78.54424 71.67375 68.0735 0.9497689 0.91252714 9.034186 17.045454
 2.732658 1.1083549 0.6524161 0.58863467 0.4055959 5.8141704 16.666666
 81.90042 79.63225 75.556015 0.94881177 0.9723058 9.12797 6.818182
 13.085762 10.815622 10.170818 0.9403822 0.82651836 9.476257 14.772727
 10.64574 7.0075107 6.3898473 0.91185695 0.65824556 8.270797 14.772727
 84.477554 78.097084 73.60142 0.9424349 0.9244715 9.158287 3.409091
 3.071641 1.0206198 0.24577217 0.2408068 0.3322718 2.585045 14.772727
 95.86406 74.28396 68.822235 0.92647505 0.7748886 8.816679 14.772727
 84.22313 79.25839 74.22491 0.93649274 0.94105256 6.9853663 15.277778
 39.165512 36.597103 24.988338 0.6827955 0.9344217 4.3697634 5.357143
 1.2627982 0.2410562 0.04678728 0.19409283 0.19089052 1.6593641 20.0
 98.24648 93.10099 87.82511 0.9433317 0.94762665 9.057247 4.5454545
 17.277643 13.364214 12.0174 0.8992223 0.77349746 9.567226 14.772727
 4.5550833 1.665354 0.43665606 0.26220015 0.36560345 1.9505028 11.904762
 15.51383 15.444472 14.66569 0.9495754 0.99552923 8.614945 7.9545455
 15.715112 12.366828 11.189674 0.9048136 0.78693855 4.8614845 8.333333
 81.43491 76.96043 72.89588 0.9471865 0.9450544 9.147055 3.409091
 85.77346 80.28099 74.5842 0.92903936 0.9359654 5.518434 8.333333
 91.34247 86.967415 81.89184 0.9416382 0.9521027 8.948439 1.1363636
 111.53873 107.78942 102.65426 0.9523593 0.96638566 9.174906 1.1363636
 85.20167 78.75301 75.041595 0.9528727 0.92431307 9.0768795 12.5
 97.30855 91.48749 87.10966 0.95214826 0.9401794 8.984772 10.227273
 92.61347 87.791306 83.24451 0.948209 0.94793236 9.1435585 9.090909
 13.935529 10.782383 9.759196 0.9051057 0.7737333 8.280755 11.363636
 99.24762 97.423615 90.60165 0.9299763 0.9816216 7.0224576 2.7777777
 89.46802 84.702415 79.43944 0.9378651 0.946734 9.039077 4.5454545
 20.284027 17.766867 14.925561 0.8400784 0.87590426 8.243608 15.909091
 93.07558 89.13389 83.776886 0.9398994 0.95765066 8.987363 6.818182
 84.43409 80.863 75.35183 0.9318456 0.9577056 8.986921 9.090909
 17.684282 15.46896 14.502428 0.93751794 0.87472934 8.600577 5.681818
 87.81156 84.11919 79.90174 0.9498635 0.9579511 9.072798 3.409091
 93.08583 87.38761 82.42627 0.94322604 0.9387853 8.512442 3.5714285
 102.371346 103.5324 97.80373 0.9446678 1.0113416 8.134171 1.25
 100.15984 98.318275 92.89379 0.94482726 0.9816137 8.165422 6.25
 91.79979 93.990326 89.21481 0.94919145 1.023862 8.115265 10.0
 84.07153 79.95167 74.78928 0.9354312 0.95099574 8.233827 8.75
 96.957405 97.38452 90.09755 0.9251732 1.0044053 6.2572513 15.625
 96.47436 94.28775 87.168816 0.9244978 0.9773348 7.0077243 9.722222
 91.03377 93.83939 85.60113 0.9122089 1.0308195 7.0176287 1.3888888
 95.998924 89.811584 81.70116 0.9096951 0.9355478 5.82988 12.5
 9.229245 8.6204195 7.81582 0.90666354 0.934033 5.872881 10.9375
 82.73663 77.28738 68.94809 0.8921002 0.9341374 5.4003243 1.6666666
 84.97692 78.96544 72.216644 0.9145348 0.92925745 4.5327754 3.8461537
 10.068919 9.839821 9.002386 0.9148933 0.97724694 3.2217772 8.333333
 1.0 52.137825 48.38408 45.153374 0.9332279 0.9280034 395.65555 9.635598 95.0
