 95.436905 91.63952 84.49396 0.9220253 0.9602105 8.958964 1.1363636
 24.71079 22.56445 20.77011 0.9204793 0.91314155 9.034862 3.409091
 1.041694 0.25244302 0.12191636 0.48294607 0.24233891 5.6706643 25.0
 20.950193 19.45454 18.092714 0.9299996 0.9286091 9.134596 3.409091
 2.1088955 0.56098074 0.08498348 0.15149091 0.2660069 1.3644904 17.857143
 88.45283 81.859886 75.06309 0.9169704 0.92546374 9.1312 1.1363636
 79.64156 76.491486 70.388695 0.92021614 0.9604468 9.06077 1.1363636
 112.507034 81.24358 70.6933 0.8701401 0.7221201 6.080416 14.0625
 98.79347 92.6412 84.752914 0.91485125 0.9377259 8.584234 1.1904762
 98.80783 93.883026 84.79921 0.9032433 0.95015776 8.917943 1.1363636
 88.774536 83.55556 77.43492 0.92674774 0.9412108 8.880628 12.5
 6.568874 5.3536067 4.7756033 0.89203477 0.81499606 8.888572 15.909091
 30.816557 26.59906 23.376543 0.87884855 0.86314183 9.186941 9.090909
 2.2445092 0.7709526 0.1976132 0.25632343 0.3434838 2.6691346 16.666666
 7.6012363 7.1168017 6.5080624 0.9144645 0.936269 8.649248 12.5
 40.122105 38.96539 35.8105 0.9190336 0.9711701 8.804239 3.409091
 97.12621 92.950935 85.92971 0.92446315 0.9570118 8.987909 1.1363636
 11.539936 5.1090693 4.0889683 0.8003352 0.44272944 8.065214 18.181818
 1.7032341 0.38893512 0.06879736 0.17688647 0.22835097 1.6151918 18.421053
 87.41725 80.5541 71.412834 0.8865202 0.9214897 6.1487017 12.5
 2.3303432 0.5316098 0.08617057 0.16209365 0.22812508 1.429833 18.421053
 9.40801 5.0653367 2.6428218 0.5217465 0.53840685 7.381708 11.363636
 10.897775 10.215518 9.519554 0.93187195 0.9373948 9.2346325 12.5
 98.92425 65.48361 58.739292 0.8970075 0.66195714 8.812733 17.045454
 96.98739 92.621704 85.07791 0.9185527 0.95498705 8.961417 1.1363636
 73.264824 70.02269 64.49299 0.92102987 0.9557477 9.051062 1.1363636
 11.071868 9.507979 8.374686 0.8808061 0.85875124 7.7023654 5.263158
 107.89647 77.271935 67.40741 0.87234014 0.71616733 6.7512 8.333333
 73.25328 40.564533 35.913406 0.88534003 0.5537572 8.566619 10.227273
 9.9683895 6.824445 6.2022915 0.9088346 0.6846086 7.6304145 9.090909
 99.52019 93.47376 86.045395 0.9205299 0.9392443 9.008889 1.1363636
 86.03643 81.94221 74.07081 0.90393966 0.95241284 7.6074553 1.3157895
 21.954178 17.91535 16.504248 0.921235 0.8160337 9.453433 7.9545455
 108.57677 102.14029 94.05876 0.9208781 0.9407196 8.953795 1.1363636
 33.964912 29.25424 26.83873 0.9174304 0.86130774 9.376125 0.0
 20.344553 18.5139 16.570536 0.89503217 0.91001755 9.498814 9.090909
 12.530689 10.244236 9.283375 0.9062047 0.81753176 9.234965 13.636364
 88.76798 83.24201 76.63982 0.9206868 0.93774813 8.843266 4.5454545
 11.35769 9.330151 8.025414 0.8601591 0.82148314 4.6263924 13.461538
 103.52448 98.11748 90.35876 0.9209242 0.9477708 8.967923 1.1363636
 4.165643 1.4716339 0.27233022 0.18505298 0.3532789 1.7512411 19.047619
 114.705124 108.62417 93.511795 0.8608747 0.9469862 6.5496163 1.4705882
 9.179022 8.400213 7.690936 0.9155645 0.9151534 8.986161 6.818182
 101.057816 95.56552 87.79283 0.91866636 0.94565195 9.128888 2.2727273
 16.367676 9.317182 8.050065 0.86400217 0.5692428 6.7459235 13.636364
 8.671552 7.4543033 6.763379 0.90731204 0.85962737 8.728712 11.363636
 7.808938 7.217435 6.705977 0.9291358 0.9242531 9.770148 13.636364
 89.06809 75.066605 68.43486 0.9116552 0.8428002 8.940632 17.045454
 4.956695 4.1426187 3.6583142 0.88309216 0.83576226 9.605213 11.363636
 91.52734 85.97927 79.09343 0.9199129 0.9393834 8.9785385 1.1363636
 90.42525 84.59871 75.50018 0.8924507 0.9355652 6.6159663 1.4705882
 11.954006 4.272707 3.3486245 0.7837243 0.35742888 8.692287 14.772727
 1.2530019 0.44074336 0.062051695 0.14078872 0.35174993 1.2883381 23.214285
 1.6835446 0.4464025 0.12522706 0.280525 0.26515633 2.934405 20.238094
 64.44304 52.99564 45.128345 0.85154825 0.8223641 10.590785 4.5454545
 17.646372 15.034419 13.886123 0.92362213 0.8519836 8.951961 10.227273
 83.90639 78.63953 72.43292 0.9210753 0.93722934 9.000095 12.5
 3.1336517 0.9609412 0.5783432 0.6018508 0.3066522 4.500454 12.5
 88.14473 83.732285 77.02483 0.91989404 0.949941 9.083293 3.409091
 77.67815 73.24141 67.0694 0.9157306 0.942883 8.84182 10.227273
 3.7847693 2.0171754 1.5560054 0.77137834 0.5329718 8.609101 12.5
 2.333802 0.7693921 0.21593755 0.28065997 0.32967323 1.4695758 13.461538
 2.0790403 0.4826314 0.07488669 0.15516332 0.23214142 1.7467214 17.5
 3.337785 1.1208947 0.49813196 0.44440567 0.33581993 3.0634153 18.75
 41.72561 38.760597 34.973225 0.9022881 0.92894024 9.122438 1.1363636
 13.701834 12.326259 11.187573 0.9076212 0.89960647 8.670283 12.5
 8.126674 7.6879344 7.034097 0.9149528 0.9460124 8.116307 13.636364
 1.8135903 0.43933463 0.10472993 0.23838304 0.24224581 2.7818196 21.428572
 5.8516474 3.9251146 3.5297933 0.8992841 0.6707708 9.00706 15.909091
 3.681068 0.9706731 0.18017583 0.18561947 0.26369333 1.874783 15.909091
 2.0501833 0.50175273 0.12303954 0.24521948 0.24473555 2.2249804 18.421053
 2.921356 0.87379926 0.23765525 0.2719792 0.29910743 2.0971894 15.909091
 15.187334 11.818785 10.327635 0.8738322 0.7782001 9.501302 12.5
 15.643633 13.24437 12.028275 0.90818024 0.8466301 8.865068 9.090909
 83.47178 78.43078 71.28085 0.90883774 0.93960834 8.939525 6.818182
 3.3570282 0.94251126 0.42275965 0.448546 0.2807576 3.0189977 21.25
 2.143428 0.54868215 0.13203321 0.24063699 0.25598344 2.6570022 14.473684
 2.400865 0.61154926 0.25174427 0.41165003 0.25472036 3.1723514 17.105263
 2.5388567 0.8494303 0.46436742 0.546681 0.334572 4.0399504 17.857143
 32.6073 31.226042 25.703825 0.8231535 0.95763963 4.3674593 6.25
 14.429175 9.929768 8.996628 0.90602607 0.6881729 8.757972 20.454546
 86.4498 65.469894 60.05901 0.9173531 0.75731695 8.795963 11.363636
 3.1240313 0.7447221 0.16293776 0.21879001 0.23838498 1.6929513 17.5
 4.75345 1.2971227 0.56392056 0.43474725 0.27288026 1.4887744 18.421053
 93.456436 84.56657 79.00302 0.934211 0.9048769 6.6043854 4.1666665
 3.255691 1.0396893 0.54833734 0.52740496 0.3193452 3.2697618 18.055555
 82.905815 74.343285 68.63703 0.92324454 0.8967199 6.131203 1.4705882
 1.8907318 0.44321898 0.23701908 0.53476745 0.23441662 2.6311412 19.444445
 17.190746 17.203104 15.906864 0.9246508 1.0007188 5.028426 6.6666665
 87.37172 87.258934 80.734085 0.92522436 0.9987091 5.354277 1.6666666
 65.89018 71.12277 65.138374 0.91585815 1.0794138 4.4896016 1.9230769
 1.0 40.375797 35.635242 32.232536 0.9045129 0.8825892 291.05618 10.463242 91.0
