 128.9075 124.579765 113.50307 0.9110875 0.9664275 5.928886 0.0
 10.9529 11.220187 10.724602 0.95583093 1.0244033 8.447199 6.818182
 19.326271 17.902033 14.53241 0.8117743 0.9263056 6.7619967 7.9545455
 10.303323 9.403687 8.324658 0.8852548 0.91268486 7.8426056 13.636364
 12.62497 10.59672 9.2820215 0.8759335 0.83934605 5.300357 10.9375
 114.16772 112.16257 97.80151 0.8719622 0.9824368 4.0546865 6.25
 120.114136 118.951546 112.10675 0.94245726 0.990321 8.575958 1.1363636
 130.28642 127.05594 115.69254 0.9105638 0.9752047 5.868704 1.5625
 107.92103 107.34445 93.49025 0.870937 0.9946574 4.0622683 2.0833333
 118.80219 118.65277 105.83363 0.8919609 0.9987423 5.0752325 0.0
 15.343359 13.23489 12.040419 0.9097483 0.862581 6.8162403 15.909091
 42.777355 31.37035 26.263672 0.8372132 0.7333401 8.365023 11.363636
 106.46746 103.45977 94.50617 0.91345817 0.97175014 5.825488 7.8125
 14.408642 11.371631 10.483663 0.92191374 0.7892229 9.107278 11.363636
 122.46629 119.44166 108.30499 0.90676063 0.9753023 5.7421727 1.5625
 128.51915 124.39388 113.769066 0.91458726 0.9679016 5.8157268 4.6875
 115.38067 105.19353 99.55239 0.94637376 0.9117084 8.460333 12.5
 122.53989 123.7665 114.78705 0.9274484 1.01001 8.174805 4.5454545
 126.5784 125.4138 115.5118 0.92104536 0.99079937 6.451831 1.4705882
 13.5706625 11.972321 10.699211 0.8936623 0.8822208 5.248244 10.9375
 124.91842 121.170815 110.56707 0.91248935 0.96999955 5.8514504 1.5625
 120.65998 115.45087 108.63577 0.94096977 0.9568282 8.448008 3.409091
 123.43526 120.49526 109.78189 0.9110888 0.9761819 5.908018 4.6875
 3.4700255 0.8490421 0.20435932 0.24069397 0.24467893 2.0639942 17.045454
 120.4484 118.053345 107.335304 0.9092102 0.9801155 5.910471 9.375
 2.077217 0.60568666 0.15283991 0.25234154 0.29158562 2.8122547 15.476191
 123.968155 112.71541 102.359024 0.9081192 0.90922874 5.8233104 7.8125
 125.38329 122.97695 112.37871 0.91381925 0.98080814 5.8757725 7.8125
 28.764307 24.670753 23.323225 0.9453795 0.85768634 4.2765846 5.769231
 116.41692 114.267815 105.14447 0.9201582 0.98153955 8.416116 2.2727273
 124.498 118.18251 107.02936 0.9056277 0.9492724 5.6813054 6.25
 119.5753 115.30871 105.23929 0.91267425 0.9643188 5.812187 1.5625
 1.5705087 0.4697856 0.093836464 0.19974317 0.29912958 2.3039644 20.3125
 99.921104 98.91607 89.796875 0.9078088 0.9899417 5.9006276 0.0
 24.861565 23.918701 19.364622 0.8096017 0.9620755 10.2986145 7.9545455
 126.8759 123.917244 113.3414 0.91465396 0.97668076 5.6392837 6.25
 111.64461 109.41142 99.77919 0.9119632 0.97999734 5.8333673 3.125
 14.333504 10.455981 9.28015 0.88754463 0.72947836 9.790399 14.772727
 2.751546 0.7639509 0.22809663 0.298575 0.27764425 3.64431 20.0
 115.444756 119.26015 112.97242 0.9472772 1.0330496 8.664429 3.409091
 129.4009 125.46914 114.17938 0.91001964 0.96961576 5.8519573 1.5625
 114.89597 105.49944 95.22056 0.9025693 0.9182171 5.874135 4.6875
 123.47748 120.23562 109.78286 0.91306436 0.9737454 5.7937193 1.5625
 3.8279042 2.5872107 2.2417858 0.8664875 0.6758818 3.0938382 14.583333
 9.635181 8.618186 7.06585 0.8198767 0.89444983 7.777418 14.772727
 88.6138 88.01775 81.66205 0.92779064 0.9932737 8.306335 1.1363636
 122.972664 117.64163 106.39786 0.9044235 0.95664865 5.6960998 7.8125
 123.90414 119.265564 111.4423 0.9344047 0.96256316 8.335829 9.090909
 13.578409 11.227217 8.682532 0.77334684 0.8268433 6.12273 10.227273
 118.2142 119.662766 112.997444 0.9442991 1.0122538 8.415125 3.409091
 122.19436 118.475815 110.68594 0.9342493 0.9695686 8.395657 1.1363636
 14.946058 16.050428 14.812923 0.92289895 1.0738903 9.611257 4.5454545
 131.47661 128.77785 119.34248 0.92673147 0.97947335 8.386995 4.5454545
 11.828965 9.851432 4.2724175 0.43368492 0.8328228 4.8177166 11.363636
 136.73947 136.13765 120.74578 0.8869389 0.9955988 4.568128 1.9230769
 133.60443 131.58792 117.11025 0.8899772 0.98490685 4.9955454 1.7857143
 116.30369 117.33585 110.66677 0.94316244 1.0088748 8.456782 1.1363636
 120.434265 119.52634 111.50678 0.93290555 0.9924612 7.6416364 1.25
 15.041239 12.981844 12.196411 0.93949765 0.8630834 8.602442 14.772727
 123.30176 121.62301 111.261696 0.914808 0.986385 5.6773562 4.6875
 134.1277 130.7507 122.72929 0.9386511 0.97482246 8.458286 12.5
 104.55894 104.931625 95.28975 0.9081127 1.0035644 5.7296576 1.5625
 116.232216 115.628815 107.69093 0.9313503 0.9948086 7.0596333 0.0
 68.57951 70.99615 67.11947 0.9453958 1.0352384 8.801153 0.0
 11.856091 11.155829 10.1096525 0.9062215 0.94093657 8.036229 12.5
 10.476467 9.838792 9.128475 0.9278045 0.93913263 8.778987 12.5
 119.16103 103.73617 84.16291 0.8113169 0.87055445 8.605585 8.333333
 15.751548 13.342501 11.336111 0.84962416 0.84705967 8.018541 11.363636
 111.51885 107.95997 98.211426 0.90970224 0.96808714 5.7803545 1.5625
 116.41587 119.27433 109.77007 0.920316 1.0245539 6.498717 1.3888888
 96.08488 97.221466 92.23897 0.9487511 1.011829 8.315436 11.363636
 135.97513 135.24352 126.678635 0.93667066 0.9946195 8.571037 1.1363636
 124.218994 125.13979 118.36403 0.9458545 1.0074127 8.450761 1.1363636
 117.95229 122.73792 106.06658 0.8641712 1.0405725 4.0299172 2.0833333
 139.16972 135.64633 123.2621 0.908702 0.97468275 5.8781962 1.5625
 107.84819 105.833405 98.67747 0.9323849 0.9813183 7.008348 1.3157895
 134.90356 139.5394 122.31685 0.87657577 1.034364 4.091045 2.0833333
 129.17422 126.9655 116.206955 0.915264 0.9829012 5.8565507 1.5625
 123.13477 122.918 113.17604 0.9207442 0.9982395 6.5859914 4.1666665
 113.443146 106.22823 95.70063 0.9008964 0.93640065 5.366929 1.6666666
 13.594411 12.944261 11.584658 0.8949648 0.9521752 10.788736 9.090909
 108.11919 106.55179 93.90158 0.8812764 0.985503 4.516716 3.8461537
 122.74225 120.415695 110.016014 0.9136352 0.9810452 5.7596703 0.0
 15.128033 15.225411 12.821553 0.8421154 1.006437 9.960631 6.818182
 124.26435 122.943054 112.5946 0.9158272 0.98936707 5.8763885 1.5625
 125.23238 122.472336 115.28095 0.94128156 0.9779606 8.209222 1.1363636
 145.27505 139.273 127.04049 0.9121689 0.9586848 5.9463744 10.9375
 125.40387 124.84836 113.815865 0.91163284 0.99557024 8.132269 9.090909
 124.51205 121.74492 111.704796 0.9175315 0.97777617 5.804391 0.0
 131.59418 129.26756 118.04933 0.9132169 0.9823199 5.878111 1.5625
 19.232721 19.507862 14.829652 0.7601885 1.0143058 7.525217 5.681818
 15.668096 10.442816 7.015657 0.67181665 0.6665019 6.936223 12.5
 17.575144 17.899645 16.005228 0.89416456 1.0184636 8.205946 6.5789475
 114.93299 114.54832 104.85517 0.9153794 0.9966531 8.417637 1.1363636
 12.402231 10.960727 9.745801 0.8891565 0.8837705 8.223784 8.75
 6.6195974 1.6975127 0.46908456 0.2763364 0.25643745 2.0721328 20.588236
 109.20246 106.6312 100.61432 0.943573 0.97645426 8.47686 6.818182
 125.71071 121.17436 109.078415 0.9001773 0.9639144 4.9483914 3.5714285
 14.279149 12.070618 7.5697985 0.62712604 0.8453317 3.943395 13.636364
 13.744635 14.666489 13.802146 0.9410668 1.0670701 7.708049 11.904762
 6.4114423 1.9302335 0.8225565 0.42614353 0.3010607 3.7802372 15.909091
 18.335709 15.036996 11.631238 0.77350813 0.8200935 5.982231 9.375
 131.21887 129.58417 120.266846 0.9280983 0.98754215 8.711264 1.1363636
 120.81487 120.36112 107.90325 0.8964959 0.99624425 5.504568 6.6666665
 120.5548 115.46823 105.93218 0.91741407 0.95780694 8.306152 6.818182
 104.362366 95.822685 88.91664 0.927929 0.91817284 7.6272287 5.681818
 10.251158 3.3464172 0.8057172 0.24077007 0.32644287 2.1668532 19.318182
 11.63123 10.892418 8.595648 0.7891405 0.9364803 4.5829234 6.818182
 114.30777 107.51877 97.556175 0.9073409 0.94060767 5.888117 14.0625
 128.1411 122.517365 107.83395 0.88015234 0.9561129 5.1959944 5.0
 110.60387 107.05424 98.89715 0.92380416 0.96790683 7.7968597 0.0
 18.327343 13.184153 11.367312 0.86219513 0.71937066 7.0035596 11.764706
 123.92857 126.40642 119.73939 0.94725716 1.0199941 8.204009 5.952381
 119.37821 111.37336 101.99181 0.9157649 0.93294543 4.8663054 1.7857143
 9.329341 8.729583 7.978095 0.9139148 0.9357127 4.223744 9.615385
 129.0925 124.10027 113.97968 0.91844827 0.96132827 4.920759 1.7857143
 1.4702195 0.49696696 0.09931873 0.19984977 0.33802226 1.8528223 19.444445
 126.34575 124.07122 116.28597 0.9372518 0.98199755 7.5546675 6.25
 123.02104 126.6245 119.47284 0.9435207 1.0292914 7.61749 1.25
 108.49296 103.904175 94.24796 0.90706617 0.9577043 4.0827794 2.0833333
 114.292885 108.16721 98.23721 0.90819764 0.94640374 4.9791784 8.928572
 123.36243 122.85178 113.26669 0.9219784 0.99586064 6.438937 9.722222
 135.2699 120.70783 78.638336 0.6514766 0.89234805 5.811187 2.7777777
 113.993225 107.28473 100.681 0.9384467 0.94115007 6.554242 11.111111
 7.412253 5.8389516 4.935519 0.8452748 0.7877432 7.872533 10.0
 76.87569 67.142876 63.230446 0.9417298 0.87339556 6.2873883 16.17647
 14.956905 14.624632 14.159585 0.9682011 0.97778463 4.8534102 10.294118
 115.96618 114.03922 104.6223 0.9174238 0.9833835 5.6001625 9.375
 129.79126 127.54988 117.87448 0.9241442 0.98273087 5.637037 1.5625
 123.99199 128.76692 117.10595 0.9094412 1.0385101 5.1681175 0.0
 27.459003 25.61093 21.678438 0.84645265 0.932697 5.884205 8.333333
 116.29122 120.099625 111.505424 0.92844105 1.0327488 5.1253095 5.0
 127.8213 132.2083 123.4692 0.93389904 1.0343213 4.9626417 1.7857143
 15.969755 10.336011 9.439499 0.91326326 0.6472242 3.5903566 8.928572
 124.3439 130.70236 119.872635 0.91714203 1.0511361 3.9634736 2.0833333
 118.853165 121.47081 109.86075 0.904421 1.0220242 4.047501 2.0833333
 137.44836 145.28569 131.92055 0.9080078 1.0570202 3.9812214 2.0833333
 123.447495 125.86191 112.470604 0.8936032 1.0195582 4.0478883 2.0833333
 1.0 86.132256 83.89325 76.32475 0.9097842 0.97400504 535.8331 6.4886 138.0
