 133.76892 146.17545 133.15182 0.9109043 1.0927459 4.0514207 0.0
 122.57988 138.30547 123.985855 0.8964639 1.1282885 4.200359 6.25
 152.74254 166.199 148.85608 0.89564973 1.088099 4.160597 4.1666665
 43.357388 45.01102 40.83254 0.90716755 1.0381396 8.713249 7.142857
 158.14227 173.53026 157.78687 0.9092759 1.0973047 4.090936 0.0
 155.07545 172.41595 156.7687 0.9092471 1.1118197 4.101651 0.0
 147.45802 163.8741 148.02231 0.90326846 1.111327 4.1212687 2.0833333
 145.49979 161.55179 145.19092 0.89872676 1.1103232 4.2104917 8.333333
 149.02965 165.90834 149.62521 0.9018547 1.1132573 4.0818186 6.25
 140.38504 153.5009 138.30447 0.90100116 1.0934277 4.097445 6.25
 127.015526 144.50679 130.78496 0.90504366 1.1377096 4.1178684 2.0833333
 131.0435 120.72326 85.7581 0.71036935 0.92124563 7.345609 5.263158
 19.104784 14.699091 12.69571 0.8637071 0.7693932 9.40881 13.636364
 122.23341 133.88327 119.42895 0.8920379 1.0953083 4.078309 8.333333
 153.1202 170.54482 153.1557 0.89803785 1.113797 4.10217 4.1666665
 153.05504 170.27206 147.7799 0.8679046 1.1124891 4.0613337 4.1666665
 149.13615 168.26529 153.27576 0.91091734 1.1282662 4.1377172 4.1666665
 145.79532 162.5862 146.79419 0.90286994 1.1151675 4.0856333 4.1666665
 160.2582 178.67462 159.72023 0.8939167 1.1149172 4.1083155 0.0
 131.76982 144.39117 132.25835 0.91597253 1.0957834 4.0703773 0.0
 134.09766 151.98447 138.52824 0.9114632 1.1333865 4.083416 2.0833333
 143.09572 156.36748 142.69873 0.91258574 1.0927474 4.0716496 0.0
 134.26329 144.63524 130.57782 0.9028078 1.0772508 4.126065 0.0
 134.38693 152.11241 137.52263 0.9040856 1.1318989 4.122473 2.0833333
 155.51328 172.56047 155.80293 0.9028889 1.109619 4.0847135 2.0833333
 24.291468 25.936214 23.992184 0.92504567 1.0677088 10.234521 11.363636
 157.3048 177.90569 161.41904 0.9073293 1.1309615 4.0744987 2.0833333
 133.20326 108.11352 96.62643 0.8937498 0.8116431 3.937205 12.5
 140.67862 125.80871 69.03609 0.54873854 0.89429873 3.4640672 6.25
 142.64616 120.00656 84.86342 0.70715654 0.8412883 3.5434825 4.1666665
 123.9302 142.2888 130.79509 0.91922265 1.1481366 4.1469154 0.0
 147.01227 164.47289 149.07724 0.90639406 1.1187698 4.076112 6.25
 143.08498 152.01381 136.06029 0.8950522 1.0624024 8.050791 3.9473684
 148.62787 171.08028 156.31076 0.9136691 1.1510646 4.1887503 2.0833333
 131.54941 124.58523 112.98451 0.9068853 0.9470603 4.109155 10.416667
 141.93213 159.85837 145.9087 0.9127374 1.1263015 4.0990725 2.0833333
 145.92947 168.56776 153.76624 0.91219234 1.1551318 4.174861 2.0833333
 147.62326 164.15895 146.8633 0.8946408 1.1120127 4.097928 2.0833333
 18.633799 18.866726 16.3479 0.86649376 1.0125003 8.243123 9.090909
 157.63081 177.4857 160.38358 0.90364224 1.1259581 4.1130214 2.0833333
 150.33092 167.83507 151.95422 0.9053783 1.1164374 4.125994 2.0833333
 136.55273 147.06497 133.15924 0.905445 1.076983 4.004473 2.0833333
 147.00291 161.8871 145.02698 0.8958526 1.1012509 4.097613 8.333333
 145.42665 160.11835 143.26192 0.8947252 1.1010249 4.1527877 2.0833333
 131.11539 153.30132 139.1952 0.9079845 1.1692091 4.136027 0.0
 155.19531 173.39403 154.36082 0.8902315 1.1172633 4.0710936 2.0833333
 4.1247377 1.6492966 0.9497855 0.575873 0.3998549 4.602617 19.642857
 135.35191 156.05136 141.35796 0.9058424 1.1529306 4.180468 2.0833333
 96.77039 100.06078 94.114624 0.94057447 1.0340021 9.367783 4.5454545
 125.137405 119.79998 106.839195 0.89181316 0.9573475 9.855351 4.5454545
 155.8143 174.82182 158.63849 0.9074295 1.1219883 4.132852 2.0833333
 159.11636 174.80856 158.61226 0.90734833 1.098621 4.0774083 12.5
 13.0231905 11.549506 10.396189 0.9001414 0.88684154 4.4663267 9.615385
 136.39148 148.52847 134.459 0.9052743 1.0889864 4.120874 12.5
 121.7548 134.97606 122.29627 0.906059 1.1085892 4.0682583 0.0
 157.73953 173.41396 156.80244 0.9042089 1.0993692 4.0855684 10.416667
 109.31693 101.313866 95.11986 0.9388632 0.92679024 9.77356 9.090909
 162.44395 129.55357 43.179688 0.333296 0.79752785 1.7445685 8.333333
 137.69829 156.30537 141.38136 0.90452015 1.1351295 4.1266155 6.25
 24.256268 24.479158 18.94692 0.7740021 1.009189 7.7128043 6.818182
 9.140998 4.7218413 4.3048506 0.9116889 0.51655644 9.149068 13.636364
 155.96579 172.80444 155.21059 0.8981863 1.1079637 4.147761 0.0
 88.49965 81.13406 76.44239 0.9421738 0.9167727 9.134278 11.904762
 16.191479 14.566098 12.116355 0.8318189 0.89961505 6.62172 10.526316
 16.548956 12.062307 9.524487 0.78960735 0.72888637 5.663561 12.5
 144.33173 112.439766 96.03316 0.8540853 0.77903706 4.7970333 15.0
 22.975338 18.347427 15.46553 0.8429264 0.7985705 5.5108695 7.142857
 1.0 120.958565 129.26591 114.22226 0.8836224 1.0686793 583.715 5.447704 67.0
