 120.572014 117.069855 110.4147 0.9431523 0.9709538 8.705142 3.409091
 0.9243385 0.3780685 0.15212728 0.40238023 0.40901518 4.8713455 22.916666
 91.09691 67.1277 62.180275 0.92629826 0.7368823 8.405644 14.772727
 33.88004 31.743916 20.644543 0.6503464 0.9369503 8.533606 9.090909
 16.000671 14.810776 14.185592 0.9577886 0.9256346 7.8642077 9.090909
 96.69972 90.920616 85.822876 0.943932 0.94023657 8.486131 3.409091
 12.575597 11.161831 10.5566845 0.94578433 0.8875786 8.231639 5.681818
 18.404205 15.692765 13.621413 0.8680059 0.8526729 9.113727 11.363636
 113.30731 101.46605 92.60832 0.91270256 0.8954943 5.9214244 1.4705882
 13.356116 11.321715 10.203563 0.90123826 0.8476802 8.641252 7.9545455
 25.061705 19.868605 18.125628 0.9122748 0.79278743 5.847372 7.894737
 99.47698 94.72544 89.49869 0.94482213 0.9522348 8.474825 1.1363636
 102.666504 96.60577 90.49572 0.9367528 0.9409667 8.511091 0.0
 94.35053 87.13911 80.41742 0.9228626 0.92356765 8.507103 4.5454545
 12.490081 11.055451 9.951917 0.90018183 0.88513845 8.4332695 12.5
 109.0509 102.76601 96.86223 0.94255126 0.9423673 8.533682 5.681818
 111.18243 103.179634 97.17217 0.94177663 0.92802113 8.478826 9.090909
 112.90464 100.197945 90.241165 0.9006289 0.8874564 5.321954 5.0
 17.00609 15.178572 13.684242 0.9015501 0.89253736 9.326061 4.5454545
 11.429058 8.373254 7.127784 0.85125613 0.7326286 8.181898 14.772727
 100.24892 89.55135 81.989716 0.9155609 0.89329004 5.735322 10.9375
 104.52584 97.481544 91.15361 0.9350858 0.9326071 8.612475 1.1363636
 15.825995 11.062127 8.689642 0.7855308 0.6989846 5.307773 12.5
 112.30643 105.998634 98.42122 0.928514 0.9438341 8.4718485 6.818182
 64.28376 60.432102 56.80441 0.9399708 0.9400835 8.786498 1.1363636
 3.8593361 0.7531524 0.20454454 0.27158454 0.19515076 1.4890594 15.789474
 111.61939 104.52832 93.75614 0.8969449 0.9364709 6.875485 5.263158
 113.401634 108.347176 100.69691 0.92939115 0.9554287 8.428141 5.681818
 89.07472 75.984085 70.27326 0.9248419 0.85303754 8.710071 1.1363636
 76.96054 67.17082 59.66734 0.88829255 0.8727956 4.45522 3.8461537
 2.1240952 0.531105 0.10493059 0.19757032 0.25003824 1.6212227 18.75
 101.284515 94.5285 87.68216 0.9275738 0.9332967 8.570239 3.409091
 49.64479 47.148067 41.587055 0.8820521 0.9497082 11.434986 6.818182
 20.800684 19.341875 17.474615 0.90346026 0.92986727 9.571211 3.409091
 114.17972 76.15927 64.4791 0.846635 0.6670123 3.8696442 14.583333
 106.23652 97.787766 90.46916 0.9251583 0.92047226 8.495858 9.090909
 98.35166 94.109634 88.59891 0.94144356 0.95686877 8.615723 12.5
 121.28766 115.91115 108.674446 0.9375668 0.9556714 7.292393 3.75
 109.77724 105.618 99.035416 0.9376756 0.962112 8.429381 5.681818
 8.476098 7.7322392 7.1243305 0.92138 0.9122404 9.229187 6.818182
 93.25221 89.652954 84.118965 0.93827325 0.9614029 8.645709 1.1363636
 110.4929 105.22126 99.05213 0.94137 0.95228976 8.532018 10.227273
 109.76895 108.509346 103.973076 0.95819473 0.9885249 8.691551 3.409091
 115.3123 112.55093 106.643715 0.94751525 0.97605306 8.503971 1.1363636
 103.665764 98.42647 91.03598 0.9249136 0.94945973 8.245475 1.1363636
 42.512478 33.66589 30.964102 0.919747 0.7919061 5.2043633 1.7857143
 18.964472 17.040218 15.872572 0.931477 0.89853376 8.449829 12.5
 84.80584 61.09043 55.717865 0.9120555 0.72035646 8.4229145 14.772727
 102.44899 89.12221 82.476425 0.9254307 0.86991787 8.553826 3.409091
 18.239899 16.532043 15.591566 0.94311184 0.90636706 8.809214 9.090909
 10.762709 9.007495 8.008019 0.8890396 0.8369171 7.6049128 7.9545455
 101.17293 94.91158 89.377914 0.94169664 0.93811244 8.422865 7.9545455
 112.97016 110.84272 105.91586 0.95555085 0.98116815 8.20562 3.5714285
 36.193775 34.757137 33.158623 0.954009 0.96030694 8.6774845 3.5714285
 112.93794 108.98639 101.14482 0.92805004 0.9650113 7.5568895 5.0
 110.178795 106.79835 96.921425 0.9075181 0.9693185 5.4396615 7.8125
 111.66125 114.44512 101.99368 0.8912017 1.0249314 3.6629944 10.416667
 113.448906 118.2416 110.71581 0.9363525 1.0422454 6.3882284 0.0
 112.85719 117.450455 106.43807 0.9062381 1.0406997 6.5448484 1.3888888
 108.873474 106.72424 96.885475 0.9078113 0.98025936 4.5658574 1.7857143
 124.142006 130.70808 122.31741 0.9358061 1.0528916 6.761853 1.3888888
 112.54577 121.488976 114.16936 0.93975073 1.0794629 6.5855527 0.0
 107.17361 110.07284 101.63491 0.9233423 1.0270518 6.583567 5.5555553
 114.94716 122.780304 114.85123 0.93542063 1.0681456 6.6533856 4.1666665
 94.241104 99.117035 93.2447 0.9407535 1.0517389 6.765593 1.3888888
 111.34977 116.7039 106.87565 0.91578466 1.0480839 6.6095757 2.7777777
 113.61196 113.463554 105.27819 0.92785907 0.99869376 6.637316 6.9444447
 106.22022 109.98391 101.98185 0.92724335 1.0354328 6.72693 6.9444447
 123.08023 122.24119 110.391045 0.90305936 0.9931829 4.1937785 1.9230769
 109.13444 114.3118 105.80808 0.9256095 1.0474402 6.618111 13.888889
 119.4266 129.22305 121.93226 0.9435798 1.082029 6.639974 8.333333
 99.28956 101.58654 94.27434 0.92802 1.0231342 6.007609 13.235294
 108.58143 114.817825 107.05419 0.93238306 1.0574353 6.7102675 4.1666665
 122.34679 129.5366 119.62717 0.9235008 1.058766 6.7458625 4.1666665
 111.2156 116.000015 108.40831 0.9345543 1.0430193 6.735293 1.3888888
 123.228546 128.19032 118.66751 0.9257134 1.0402648 5.5099397 3.125
 108.80019 106.904175 98.90896 0.92521137 0.98257333 6.171244 4.4117646
 120.14554 127.09065 117.74877 0.92649436 1.0578058 6.822122 1.3888888
 108.66588 109.34004 95.77758 0.8759607 1.006204 3.7022624 6.25
 128.51637 136.38953 127.36785 0.9338536 1.0612619 6.725676 0.0
 125.99353 133.09964 124.35619 0.93430907 1.0564005 6.79791 1.3888888
 124.02958 128.47978 119.04267 0.92654794 1.0358801 6.6538043 6.9444447
 106.89758 104.14287 91.57451 0.87931615 0.9742304 3.6982086 4.1666665
 114.407166 122.52735 114.866425 0.9374758 1.0709763 6.629981 1.3888888
 114.328674 116.392075 103.30972 0.887601 1.0180479 3.73482 2.0833333
 123.50099 130.29738 121.52409 0.93266726 1.055031 6.699434 1.3888888
 114.011536 120.08573 109.95142 0.9156077 1.0532771 6.692544 1.3888888
 118.80143 126.54974 118.48797 0.93629557 1.0652207 6.7474947 4.1666665
 110.23804 116.045044 108.50804 0.935051 1.052677 6.6012654 13.888889
 114.00341 120.374 111.9683 0.9301702 1.0558807 6.62299 1.3888888
 125.82176 133.98122 125.484406 0.936582 1.0648494 6.7384877 1.3888888
 111.11436 116.96445 109.56733 0.93675756 1.0526493 6.6744566 0.0
 130.24655 131.11095 115.586205 0.88159084 1.0066366 3.7559538 0.0
 106.25656 112.49226 103.52128 0.92025244 1.0586853 6.6637583 6.9444447
 110.73374 113.44122 103.05447 0.9084393 1.0244503 6.1372604 4.4117646
 122.552864 127.2862 119.59753 0.9395954 1.0386229 5.471552 1.6666666
 119.25788 128.25926 118.53985 0.9242205 1.0754783 5.132828 3.5714285
 100.74421 101.33877 93.94411 0.9270303 1.0059017 4.5209103 3.8461537
 120.731026 125.170784 116.85864 0.93359363 1.0367739 5.169362 1.7857143
 69.75876 77.46861 69.3441 0.8951251 1.1105217 4.0870376 2.0833333
 130.05743 145.19046 128.74658 0.88674265 1.1163565 4.204793 6.25
 1.0 90.568085 89.36223 82.48528 0.92304415 0.9866857 602.7301 5.6735744 101.0
