 6.093345 2.6269083 0.9602225 0.3655333 0.43111104 2.9517722 17.045454
 114.233025 110.28145 104.46672 0.94727373 0.9654077 9.057874 4.5454545
 3.7367814 0.9844844 0.3252571 0.33038318 0.26345786 3.0524359 17.045454
 112.46806 113.458176 108.00887 0.9519708 1.0088035 9.107932 3.409091
 4.014323 1.0486186 0.21347472 0.20357712 0.26121923 2.2278695 15.476191
 95.09861 100.57518 96.187645 0.9563756 1.0575883 8.534315 1.1904762
 98.68131 101.97445 93.84015 0.92023194 1.0333714 4.9007936 3.5714285
 103.43452 104.35934 98.30267 0.9419634 1.008941 9.066088 2.2727273
 107.0648 104.04197 97.43914 0.93653685 0.9717664 8.033137 6.25
 123.38696 121.92661 115.49383 0.94724053 0.9881644 9.0204115 1.1363636
 95.44281 96.68745 92.56108 0.95732266 1.0130407 8.951083 5.681818
 111.791695 111.767784 103.99638 0.9304684 0.9997861 9.062106 4.5454545
 115.016 115.231674 109.59862 0.95111537 1.0018752 9.086369 1.1363636
 112.43764 113.336205 108.06073 0.9534529 1.0079917 9.026814 0.0
 105.28824 102.57772 95.082886 0.9269351 0.9742562 8.985825 13.636364
 116.87699 117.37955 107.05419 0.91203445 1.0042999 4.960223 5.357143
 105.08735 106.17483 101.0327 0.9515692 1.0103483 9.305763 3.409091
 94.08396 91.67477 87.48236 0.9542687 0.9743931 9.150048 1.1363636
 104.92031 104.93441 99.6673 0.9498057 1.0001343 9.131026 1.1363636
 103.64967 103.58701 98.371155 0.94964755 0.99939555 9.307663 2.2727273
 104.23242 102.858345 96.29644 0.93620443 0.9868172 9.274542 5.681818
 103.55015 104.42081 99.47319 0.9526185 1.0084081 9.142535 2.2727273
 105.81158 104.28919 98.73751 0.94676644 0.9856123 9.0911875 2.2727273
 112.44318 112.091835 103.61153 0.924345 0.99687535 8.972849 9.090909
 106.272575 108.17438 103.15236 0.9535748 1.0178955 8.897267 3.409091
 113.59653 113.21266 107.47159 0.9492895 0.99662083 8.946721 6.818182
 103.06903 103.22303 96.42098 0.9341034 1.0014942 7.3701944 2.631579
 14.488566 14.179705 13.247666 0.93426955 0.9786824 8.908254 7.9545455
 111.94937 111.89519 103.482216 0.9248138 0.99951595 5.534356 1.6666666
 115.45416 112.88301 107.085175 0.94863856 0.97773015 8.950814 7.9545455
 113.86891 110.2559 103.048004 0.9346258 0.9682704 6.432874 10.294118
 100.8853 91.56627 86.290146 0.9423792 0.90762746 9.109126 13.636364
 119.12289 115.87626 109.93773 0.94875115 0.97274554 8.950991 3.409091
 14.976881 13.620449 9.293749 0.68233794 0.90943164 5.805724 7.9545455
 107.83816 108.3819 103.20364 0.9522222 1.0050422 9.117483 1.1363636
 110.35245 108.598114 101.359825 0.9333479 0.9841024 9.03731 10.227273
 11.303686 14.402561 13.380049 0.9290048 1.2741473 3.6962085 6.25
 107.956566 108.39249 103.25 0.95255685 1.004038 9.183745 3.409091
 107.35862 106.58552 99.88449 0.93713003 0.9927989 6.858486 6.9444447
 93.03729 94.8952 90.14772 0.9499713 1.0199696 8.77752 3.5714285
 105.28621 104.528275 99.42331 0.9511619 0.9928012 9.220091 3.409091
 104.96128 102.15398 96.9276 0.9488383 0.9732539 9.270445 1.1363636
 111.223404 111.505135 105.88767 0.9496215 1.0025331 9.122221 1.1363636
 106.220924 105.08485 97.764145 0.9303353 0.9893046 9.041687 7.9545455
 107.50417 108.4961 101.29781 0.9336539 1.0092269 9.002376 2.2727273
 104.19867 104.53579 95.70681 0.9155411 1.0032353 4.9918323 14.285714
 101.14062 102.89514 97.96189 0.9520556 1.0173473 9.071327 1.1363636
 113.41074 113.67345 108.34238 0.9531019 1.0023164 9.02609 0.0
 105.83108 108.99484 101.642914 0.93254787 1.0298946 5.9743767 4.6875
 113.232956 116.025345 109.947876 0.9476195 1.0246605 8.627735 1.1904762
 103.064255 109.31467 103.56412 0.9473945 1.0606458 8.138586 3.75
 106.48394 108.50342 101.3302 0.93388945 1.018965 7.77267 1.3157895
 100.83444 103.55588 95.46705 0.9218892 1.0269892 7.5851665 1.3157895
 118.7518 117.50162 105.58636 0.89859486 0.9894723 5.4509797 1.6666666
 99.69515 100.1916 88.862305 0.88692373 1.0049796 4.768148 1.7857143
 99.38991 98.72898 86.75348 0.87870324 0.9933502 4.9160013 0.0
 100.06388 89.804214 80.47462 0.8961118 0.8974688 4.507209 9.615385
 111.442894 104.55614 93.27701 0.89212376 0.9382037 4.0171366 8.333333
 1.0 96.95019 96.456566 90.29546 0.93612564 0.99490845 776.18 5.0315804 58.0
