 40.55258 37.11709 34.044106 0.9172084 0.9152831 9.093404 7.9545455
 13.668042 11.363048 10.407884 0.91594124 0.8313588 8.520891 15.909091
 10.691313 8.887398 8.093836 0.91070926 0.8312728 8.948131 11.363636
 13.216239 9.41874 8.3204 0.8833878 0.7126642 8.529549 15.909091
 4.58788 3.7561193 3.361903 0.8950469 0.8187048 9.140876 13.095238
 99.29826 75.648125 68.354225 0.90358126 0.7618273 8.511401 12.5
 19.81288 16.386606 14.944514 0.91199565 0.8270684 9.058593 13.636364
 8.877683 7.5525374 6.9046855 0.9142206 0.850733 8.027837 14.772727
 95.09748 88.53278 81.04985 0.9154784 0.93096876 8.670121 0.0
 6.778997 5.5268517 4.9676523 0.89882135 0.8152904 8.58534 11.363636
 66.49899 65.710846 60.649845 0.92298067 0.9881481 8.772496 3.409091
 98.104614 87.42142 74.742615 0.85496914 0.89110404 4.2379117 5.769231
 6.705447 3.1528122 2.560676 0.8121879 0.47018674 8.965776 17.045454
 6.8973374 5.4157047 4.612261 0.8516455 0.7851877 8.583005 14.772727
 84.80026 68.39792 64.226555 0.93901324 0.8065767 7.927982 15.0
 114.162796 94.098785 85.05578 0.9038988 0.8242509 8.635796 12.5
 16.995691 10.271397 8.535347 0.8309821 0.60435295 9.057987 18.181818
 21.180466 18.718204 17.113012 0.9142443 0.8837485 8.9572 7.9545455
 35.414104 6.114639 0.7988031 0.13063782 0.17266111 1.2959611 19.318182
 81.872665 72.70733 64.84249 0.8918289 0.8880538 6.8431325 9.722222
 97.66896 83.803406 78.27023 0.9339744 0.85803515 8.348755 9.090909
 95.75545 80.38965 72.049614 0.8962549 0.83953077 8.802067 13.636364
 16.384083 10.959077 8.446815 0.77075964 0.66888565 10.100249 17.045454
 29.98749 27.379854 24.81757 0.9064172 0.91304255 8.653474 5.681818
 67.17401 55.1555 49.768353 0.9023281 0.82108384 8.621249 11.363636
 30.385994 28.181042 26.132662 0.92731357 0.9274352 8.486988 10.227273
 3.4175239 1.4108938 0.35474885 0.25143555 0.41284096 2.8139167 17.105263
 93.005585 82.66777 76.13721 0.9210023 0.8888474 8.783503 6.818182
 85.874695 77.63519 70.29399 0.9054398 0.9040521 9.136309 4.5454545
 8.625302 6.8370347 6.254075 0.91473496 0.792672 8.0457325 14.772727
 98.64517 81.9886 74.43303 0.90784603 0.8311466 8.600216 7.9545455
 6.861372 1.4204646 1.0867226 0.76504725 0.20702341 11.900539 25.0
 1.4614108 0.33125362 0.11332198 0.34210035 0.22666703 3.9824786 19.736841
 9.577235 8.015857 6.8378754 0.85304356 0.83696985 8.745198 12.5
 101.66604 77.18735 69.342384 0.8983646 0.75922453 8.740576 12.5
 16.174496 15.432724 14.235797 0.92244226 0.9541395 7.0580845 10.227273
 33.125397 17.778902 15.214802 0.85577846 0.53671515 8.018737 15.909091
 50.90303 33.555733 28.871698 0.8604103 0.659209 9.944445 11.363636
 26.218222 15.0222225 11.663244 0.7763994 0.5729688 4.7587028 18.181818
 30.98988 21.611523 19.385292 0.8969887 0.69737357 8.454336 14.772727
 4.4140053 1.0659542 0.22925468 0.21506992 0.24149364 2.6784613 15.909091
 95.01291 69.65489 63.27068 0.90834504 0.73310983 8.784553 15.909091
 17.356634 13.994281 12.027267 0.85944164 0.80627847 7.1569653 1.3888888
 24.147814 19.933304 18.061403 0.90609187 0.8254703 8.438094 12.5
 5.608053 1.4725903 0.5035906 0.34197602 0.26258495 4.559039 18.181818
 109.234795 81.22901 72.68352 0.8947975 0.7436184 8.579147 17.045454
 7.2312245 1.6335961 0.2921913 0.17886387 0.22590864 1.8154546 18.181818
 27.348545 24.09344 17.717684 0.7353738 0.88097703 7.6801186 6.818182
 17.26501 4.8708267 4.207995 0.863918 0.28212127 11.596711 15.909091
 116.93993 85.429436 73.885155 0.8648677 0.7305411 6.354682 13.235294
 24.604246 23.112873 21.03285 0.9100059 0.9393855 8.880156 3.409091
 50.427586 46.911407 42.684044 0.9098863 0.9302727 8.932713 10.227273
 93.487274 85.26112 78.06639 0.9156154 0.91200775 8.714838 6.818182
 127.05801 89.12615 74.49634 0.8358527 0.70146036 4.1818323 11.538462
 11.160791 9.744502 7.821342 0.8026415 0.87310135 7.8741703 11.25
 91.9461 61.03151 56.078865 0.918851 0.66377485 7.115559 15.789474
 98.76815 99.50884 92.67182 0.93129236 1.0074993 6.502905 11.764706
 93.46423 93.891266 87.404945 0.9309167 1.0045689 6.6366787 2.9411764
 94.75478 80.98703 74.626915 0.9214674 0.8547013 6.543668 13.235294
 82.447395 57.74161 52.235863 0.9046485 0.70034486 6.1913366 17.647058
 96.58626 90.86825 83.55355 0.9195022 0.94079894 6.513231 11.764706
 101.34174 101.2192 93.5964 0.9246901 0.99879074 6.6158223 0.0
 106.43553 106.84909 99.32255 0.9295591 1.0038856 6.498737 11.764706
 95.39601 87.566154 80.82468 0.9230128 0.9179226 6.4501076 10.294118
 97.58819 101.76343 95.35231 0.9369998 1.0427843 6.487649 5.882353
 93.60795 88.937294 82.738434 0.9303008 0.95010406 6.60065 4.4117646
 105.55664 95.26395 88.59769 0.9300233 0.9024913 6.520824 8.823529
 112.23489 91.31215 83.84146 0.91818523 0.8135807 6.4361176 13.235294
 98.06606 86.03345 78.738434 0.91520727 0.87730086 6.5180864 8.823529
 86.73681 71.78247 65.472275 0.91209286 0.8275895 6.2302046 8.823529
 84.935074 85.06083 78.98507 0.9285716 1.0014806 6.4765005 2.9411764
 100.002975 86.079056 76.54094 0.88919353 0.8607649 4.805981 15.384615
 94.70402 100.36185 93.11533 0.9277961 1.0597422 6.2698545 4.4117646
 97.91731 88.823784 82.23487 0.92582035 0.90713054 6.5568633 5.882353
 90.04322 93.51143 87.14974 0.9319689 1.0385171 6.5424156 0.0
 94.604935 78.4766 68.9305 0.87835735 0.8295191 5.990299 12.5
 108.50149 109.99069 98.73349 0.89765316 1.0137252 5.8760233 1.5625
 80.426315 81.23654 73.798515 0.90843993 1.0100741 5.8279176 10.9375
 95.2431 99.30717 89.895966 0.90523136 1.0426704 5.7699914 0.0
 1.0 60.528114 52.127842 47.19894 0.9054459 0.86121696 372.5211 11.085487 79.0
