 16.3176 6.1829414 2.0294766 0.32823804 0.37891245 1.873676 13.636364
 4.391815 1.188111 0.2354061 0.19813478 0.27052844 1.4224274 17.045454
 11.273937 10.610662 9.988445 0.9413592 0.9411675 8.9301405 11.363636
 4.796644 1.0893674 0.33795974 0.31023487 0.22711031 4.267168 18.181818
 8.059606 7.5148 6.9554095 0.9255615 0.93240297 8.591847 16.666666
 2.5543537 0.64393616 0.17368104 0.26971778 0.25209358 3.1264396 19.047619
 2.0410092 0.458228 0.14406835 0.3144032 0.22451052 4.036096 19.736841
 5.555007 3.9144928 3.7469087 0.9571887 0.7046783 9.517142 17.045454
 4.650732 1.1786096 0.3007721 0.2551923 0.25342453 2.3705318 19.047619
 1.7832922 0.37074205 0.09859411 0.2659372 0.20789754 2.4815984 19.736841
 4.295728 3.4423378 2.9868066 0.8676681 0.80133975 8.807769 10.714286
 3.0098405 0.81058043 0.3393352 0.41863236 0.2693101 3.1365259 18.181818
 6.909799 6.0592413 5.56998 0.9192537 0.87690556 8.421807 15.476191
 2.8145177 0.6737993 0.14168294 0.21027471 0.23940133 2.0527234 17.045454
 75.71055 78.84859 74.23295 0.941462 1.0414479 8.819711 2.2727273
 1.6841407 0.45016158 0.07091162 0.15752481 0.26729453 0.9865079 17.1875
 4.637024 2.1583822 1.8877378 0.8746077 0.46546715 7.84403 15.909091
 2.5674274 0.61971027 0.1279646 0.20649101 0.24137403 1.6126666 20.238094
 2.5366118 0.7533267 0.30864382 0.40970775 0.29698148 3.960135 17.857143
 3.2225554 1.2621489 0.3982903 0.31556523 0.3916609 2.4356833 16.17647
 132.75624 137.8824 128.79219 0.9340727 1.0386133 4.5843544 1.7857143
 128.55112 130.42839 122.67553 0.94055843 1.0146033 5.1164675 1.6666666
 134.45288 135.42271 127.26905 0.9397911 1.0072131 5.113393 0.0
 134.27275 136.79181 128.62054 0.9402649 1.0187608 5.114909 0.0
 1.4345491 0.20612602 0.09787329 0.47482264 0.14368697 3.2317233 25.0
 1.0 28.01119 26.758465 24.701208 0.9231175 0.9552777 148.77805 14.040779 25.0
