 4.825834 4.59874 4.2321396 0.92028236 0.95294213 7.435267 11.904762
 5.858095 3.547143 3.0813658 0.8686895 0.6055113 7.865491 13.636364
 35.096066 34.792793 32.457592 0.9328827 0.9913587 8.771554 6.818182
 2.3729935 0.6877652 0.15967456 0.23216435 0.2898302 1.7217143 23.61111
 19.207249 18.31044 17.342424 0.9471331 0.9533088 7.9767065 10.227273
 2.284663 0.6208472 0.22085638 0.35573384 0.27174565 3.202856 19.318182
 6.792518 5.253793 4.09813 0.7800327 0.77346766 6.8374496 11.363636
 83.260445 80.93129 75.59278 0.9340365 0.97202563 8.654974 5.681818
 17.075195 17.217146 15.751526 0.91487443 1.0083132 7.859943 10.227273
 32.80675 31.516727 30.117815 0.9556137 0.9606781 8.74454 4.5454545
 92.46378 73.30568 68.09761 0.92895406 0.79280424 8.463854 14.772727
 9.008333 7.7187986 7.296096 0.9452372 0.8568509 8.381245 14.772727
 87.038055 84.99902 80.24567 0.9440775 0.9765731 8.624269 3.409091
 19.082664 15.573245 14.425179 0.9262796 0.8160938 8.609349 7.9545455
 7.746395 7.503581 7.0529666 0.9399467 0.9686546 8.406492 12.5
 7.7699814 5.967201 5.486813 0.9194953 0.7679814 8.195752 12.5
 85.87953 69.977806 65.424706 0.9349351 0.8148368 8.5461235 12.5
 54.743507 29.022238 25.946445 0.8940194 0.5301494 8.102567 17.045454
 2.8604274 0.8685591 0.24557866 0.2827426 0.30364662 3.0294433 19.047619
 13.333518 13.403225 12.718294 0.948898 1.005228 8.101163 16.666666
 11.244586 10.857161 10.169863 0.9366964 0.96554554 8.738968 7.9545455
 27.515585 11.119282 5.4307985 0.48841274 0.4041085 4.5964117 10.227273
 10.119869 7.748327 7.203988 0.9297476 0.7656548 8.633278 13.636364
 7.433213 6.47648 6.14027 0.94808763 0.87128943 8.682791 13.636364
 61.85485 56.90734 51.654213 0.90768987 0.9200142 5.595718 6.6666665
 75.59284 73.68127 69.59153 0.94449425 0.9747122 8.675839 11.363636
 4.070363 1.2796541 0.28574955 0.22330219 0.3143833 2.585432 16.666666
 79.90827 77.51817 72.762436 0.93865013 0.9700894 8.718044 4.5454545
 20.058622 19.76426 18.67109 0.9446895 0.9853249 8.625751 1.1363636
 15.243929 14.09463 13.246355 0.9398157 0.92460614 8.89333 7.9545455
 86.175095 81.12569 75.819115 0.9345883 0.94140524 8.581469 11.363636
 82.91065 79.90028 73.5443 0.92045105 0.9636914 8.517622 6.818182
 4.8284483 3.6679397 3.453698 0.9415907 0.75965184 8.530901 13.636364
 6.4485254 6.475639 6.051302 0.93447185 1.0042046 11.393217 13.636364
 27.668617 27.039932 25.366919 0.93812805 0.97727805 8.5857115 6.818182
 93.96381 93.343025 88.33525 0.9463509 0.9933933 8.693604 0.0
 7.45573 7.303085 6.9792295 0.955655 0.97952646 8.281714 9.090909
 31.90244 29.943378 27.710773 0.92543906 0.93859214 8.692926 3.409091
 2.001638 0.65206605 0.13841759 0.21227539 0.32576627 1.8644658 18.421053
 7.0968056 5.989904 5.6450024 0.9424195 0.8440282 8.780095 17.045454
 15.943526 15.918719 15.130689 0.9504966 0.9984441 8.542698 5.681818
 11.733825 8.562255 7.6123724 0.8890617 0.72970706 8.950624 13.636364
 4.3751855 1.6452047 1.1932247 0.72527426 0.37603083 6.480144 18.181818
 5.9855366 5.2659163 4.893195 0.92922014 0.8797735 8.239177 15.909091
 5.4678164 5.017728 4.7298527 0.94262844 0.917684 8.866113 13.095238
 8.474585 8.298801 7.8348103 0.94408935 0.9792576 8.436934 9.090909
 6.0803175 5.4170494 5.117091 0.944627 0.8909156 8.700104 13.636364
 34.722908 31.834684 24.429451 0.76738477 0.9168208 8.232856 13.636364
 20.766308 19.158566 17.99836 0.9394419 0.9225793 8.348031 11.363636
 4.249937 1.0322175 0.49039385 0.47508767 0.2428783 3.4441717 15.0
 14.288753 13.393616 12.441949 0.92894626 0.93735373 5.868814 8.333333
 4.099305 3.271019 3.0636172 0.9365942 0.7979447 8.942391 15.909091
 13.145877 11.750376 11.053699 0.94071025 0.8938449 7.9328775 11.904762
 2.0737576 0.50736964 0.113424696 0.22355436 0.24466197 1.9262966 20.0
 6.8743424 6.091058 5.6994705 0.93571115 0.8860568 8.131832 13.636364
 15.282148 14.366813 13.711983 0.9544207 0.94010425 8.651278 11.363636
 29.424673 27.564726 25.46118 0.92368704 0.9367896 8.384756 4.5454545
 76.256195 70.15889 64.7328 0.92266 0.9200418 6.3145275 10.294118
 24.502745 24.554373 23.358683 0.9513043 1.002107 8.168502 3.409091
 12.288549 10.568224 9.908598 0.93758404 0.8600058 8.870919 13.636364
 12.956517 12.231204 11.604582 0.94876856 0.94401944 8.584859 5.681818
 4.1238256 0.93167657 0.13239527 0.14210433 0.2259253 1.0220203 19.047619
 98.434265 99.20014 94.7702 0.9553435 1.0077806 8.320616 1.1904762
 78.967865 79.02223 73.48885 0.92997694 1.0006884 7.5702586 8.75
 112.28209 89.87379 83.27102 0.9265329 0.80042857 4.984027 17.857143
 74.637794 82.43458 75.39714 0.91463006 1.1044616 4.555465 1.9230769
 42.374485 46.185738 42.6467 0.9233738 1.0899421 4.350638 1.9230769
 1.0 29.743479 27.088963 25.051935 0.92480236 0.910753 210.84276 11.062195 67.0
