 132.74542 138.1664 121.28714 0.87783384 1.0408374 4.4935737 1.9230769
 119.35951 121.8641 113.39107 0.9304715 1.0209836 9.275979 1.1363636
 120.74486 123.298874 114.420715 0.92799485 1.0211521 9.353992 0.0
 116.95197 118.79834 110.17871 0.92744315 1.0157875 9.367511 1.1363636
 16.698748 18.114653 16.969282 0.93677104 1.0847912 9.084623 7.9545455
 119.32219 121.85911 113.18838 0.92884624 1.0212611 9.386413 3.409091
 115.98868 117.365585 108.912964 0.9279804 1.0118711 9.375783 0.0
 119.94246 122.92933 114.35528 0.9302522 1.0249025 9.29412 1.1363636
 48.602142 48.69951 45.093807 0.9259602 1.0020033 9.562858 9.090909
 125.13752 128.00055 119.20152 0.9312579 1.0228791 9.38887 1.1363636
 128.65862 133.44162 121.58967 0.9111825 1.0371759 6.5103526 0.0
 3.5774148 1.3099618 0.7294368 0.5568383 0.36617553 4.19996 15.789474
 49.30387 44.74529 41.414368 0.9255582 0.9075411 9.725319 7.9545455
 96.99734 98.733864 91.352036 0.9252351 1.0179029 9.441289 2.2727273
 121.717285 123.76113 115.11203 0.93011457 1.0167917 9.392809 0.0
 121.35154 124.14149 115.92816 0.933839 1.0229906 9.365936 0.0
 15.585951 14.559753 12.139147 0.83374673 0.93415886 9.199995 7.9545455
 19.349497 17.316114 14.032688 0.81038314 0.8949129 6.6578074 2.9411764
 119.96675 122.55092 113.53048 0.92639434 1.0215406 9.510888 3.409091
 60.03805 61.312454 55.873466 0.9112906 1.0212265 6.408119 1.4705882
 5.833389 3.5769458 2.9688225 0.8299881 0.61318487 8.740963 11.363636
 17.015104 17.124268 16.004272 0.934596 1.0064157 8.721852 5.952381
 1.9471424 0.56689024 0.097059384 0.17121372 0.2911396 1.805728 17.045454
 4.3763566 3.8035011 3.2218719 0.8470805 0.86910224 5.926731 9.375
 125.28566 128.84625 118.19879 0.91736305 1.0284199 8.52819 1.1904762
 133.88641 135.74493 125.09316 0.92153096 1.0138813 8.168009 0.0
 115.80939 117.3001 108.08316 0.92142427 1.0128721 8.155235 3.75
 125.538345 124.48606 114.79579 0.92215776 0.9916178 8.083684 2.5
 136.63911 134.6655 124.42718 0.92397225 0.98555607 7.41302 5.263158
 133.8701 134.02911 122.812614 0.91631293 1.0011879 6.308751 1.5625
 139.6214 142.3235 131.02106 0.9205863 1.019353 6.4152746 1.5625
 126.62788 128.36981 117.71256 0.9169801 1.0137564 6.4278426 1.5625
 126.57786 127.42131 117.256325 0.92022544 1.0066634 6.4238214 1.5625
 115.76217 116.89475 107.52979 0.9198856 1.0097837 6.4192214 1.5625
 129.4126 126.725174 115.59048 0.91213506 0.9792337 6.483128 9.375
 110.40892 113.673874 104.340454 0.91789305 1.0295715 6.482676 0.0
 118.81036 117.733315 107.36164 0.9119054 0.9909347 6.3130503 14.0625
 136.58351 140.01643 129.19717 0.92272866 1.0251342 6.4215937 0.0
 143.19527 146.30304 135.02406 0.9229067 1.0217031 6.2945814 1.5625
 129.25414 132.30098 121.76218 0.9203422 1.0235726 6.313315 1.5625
 125.65372 125.53151 115.23889 0.9180077 0.9990274 6.3969407 1.5625
 143.18597 146.26158 133.99274 0.91611713 1.0214798 6.440288 1.5625
 115.58379 114.54476 104.85364 0.9153944 0.99101055 6.4419017 1.5625
 129.15189 126.85589 116.23976 0.9163135 0.9822225 6.2808523 1.5625
 122.127556 123.98033 112.83702 0.9101203 1.0151709 6.4020696 1.5625
 145.20947 148.12178 136.02037 0.9183009 1.0200559 6.415103 1.5625
 127.7247 128.60083 116.961525 0.90949273 1.0068595 6.4064665 10.9375
 125.880554 127.33866 116.62427 0.91585904 1.0115832 6.4276333 1.5625
 142.7447 143.15944 128.1354 0.8950538 1.0029054 4.7853065 5.769231
 133.76701 135.35324 124.614716 0.92066294 1.0118582 6.378287 1.5625
 101.52106 103.5973 95.12123 0.91818255 1.0204513 6.3878736 1.5625
 44.92094 19.686152 15.542905 0.789535 0.43823993 6.5592127 9.375
 108.07903 109.53999 97.597115 0.89097244 1.0135175 5.661069 8.333333
 115.61736 111.808876 98.8622 0.884207 0.9670596 4.7206593 1.9230769
 118.213776 113.56812 100.46362 0.88461107 0.9607013 4.6529818 1.9230769
 106.12984 108.03777 96.873085 0.89665943 1.0179774 4.674776 0.0
 19.303055 12.065435 4.909912 0.4069403 0.62505317 1.9994214 12.5
 1.0 101.286125 101.5952 92.91381 0.9145492 1.0030515 724.63354 3.9360359 57.0
