 104.1231 97.64085 91.59716 0.9381029 0.9377443 8.737543 11.363636
 49.70247 54.972767 49.52457 0.9008928 1.1060369 4.1156187 2.0833333
 1.5958754 0.38008234 0.12252338 0.32236013 0.23816542 2.586767 20.0
 7.1227207 1.7251747 0.5757232 0.33371878 0.24220727 3.2284508 17.045454
 2.393984 0.6662524 0.28486446 0.42756242 0.27830276 3.647692 15.789474
 14.527823 13.069371 12.282876 0.9398215 0.89960974 8.983473 11.363636
 3.5536132 0.92108613 0.34603763 0.37568432 0.2591971 4.673758 19.318182
 47.99301 47.14959 44.356216 0.94075507 0.9824261 8.436219 12.5
 100.65672 95.92321 90.45027 0.9429446 0.95297366 8.199807 7.142857
 6.017742 5.1609635 4.215216 0.8167498 0.8576246 9.1013 13.095238
 17.932047 11.857764 10.979278 0.92591465 0.6612611 8.930061 19.318182
 8.964323 4.385884 3.4193661 0.7796299 0.48925993 9.24224 18.181818
 8.792105 7.8325934 7.246655 0.9251923 0.89086676 8.27481 12.5
 14.1298895 12.727329 12.178052 0.9568427 0.900738 7.474556 15.909091
 4.0886226 1.1415185 0.19669645 0.17231123 0.27919388 1.2742935 15.909091
 78.72754 79.615364 75.07628 0.9429872 1.0112772 8.807618 4.5454545
 7.381969 2.6586733 1.9361842 0.72825205 0.36015773 9.00735 15.909091
 50.109188 51.778522 49.698376 0.95982605 1.033314 8.649273 2.2727273
 99.0488 95.11673 88.74647 0.9330269 0.96030164 6.3018885 8.823529
 106.625465 104.480385 99.03826 0.94791245 0.9798821 8.77686 5.681818
 28.488531 26.109299 23.995865 0.9190543 0.9164846 8.793697 6.818182
 19.190388 13.361277 11.772608 0.88109905 0.6962484 9.060449 15.909091
 8.658216 1.6873748 0.45302385 0.26847848 0.1948871 3.3773568 20.454546
 90.43046 90.08303 85.25099 0.9463601 0.99615806 8.767756 5.681818
 5.238198 4.5847564 4.339488 0.94650346 0.8752546 8.77402 9.090909
 10.036009 4.4492006 2.7514102 0.6184055 0.4433237 6.7338448 19.318182
 7.5077515 7.2174034 6.7645864 0.9372604 0.9613269 8.848989 9.090909
 50.033375 27.915813 24.090723 0.8629777 0.5579438 8.019341 18.181818
 57.195168 43.599113 39.595184 0.9081649 0.7622866 10.59892 10.227273
 43.253788 47.708805 45.78785 0.9597358 1.1029972 8.852883 4.5454545
 33.07019 33.70816 32.414536 0.9616228 1.0192914 8.431756 4.5454545
 9.9866085 7.1683726 6.55305 0.91416144 0.71779853 8.550269 18.181818
 33.06233 35.752407 34.665287 0.9695931 1.0813638 8.391447 9.090909
 70.825165 72.612785 68.15825 0.9386536 1.0252398 8.93467 5.681818
 2.1582584 0.6020539 0.17985691 0.2987389 0.27895358 2.982113 17.857143
 17.072487 14.494887 13.3332615 0.9198596 0.84902024 8.443177 12.5
 1.7275211 0.51180685 0.11903201 0.23257214 0.29626662 1.6931778 14.772727
 101.53465 71.09805 66.04348 0.928907 0.7002344 8.616225 14.772727
 2.4917953 0.41930202 0.1460068 0.34821388 0.16827306 2.724068 19.736841
 8.204 7.7368727 7.240122 0.9357944 0.94306093 9.21903 3.409091
 39.181435 37.59309 36.218277 0.9634291 0.95946187 8.553498 7.9545455
 0.9397613 0.22660951 0.082852766 0.3656191 0.2411352 2.4605849 20.833334
 1.7081835 0.5398136 0.12980829 0.24046873 0.31601617 1.7617321 17.5
 9.370517 5.726955 5.203109 0.90852976 0.61116743 9.074328 15.909091
 18.287027 16.783495 15.891074 0.9468275 0.91778153 8.3818035 6.818182
 6.294976 5.481347 5.1657634 0.9424259 0.8707495 8.84985 14.772727
 33.422913 34.115578 31.818008 0.9326534 1.0207242 10.020646 11.363636
 5.198344 4.2101293 3.7632818 0.8938637 0.80989814 8.1544285 14.285714
 17.586344 17.093767 15.829263 0.9260254 0.97199094 9.418542 11.363636
 31.953373 33.08408 31.528408 0.95297825 1.0353861 9.5346575 3.409091
 12.822299 9.839233 9.101018 0.9249723 0.7673533 8.476317 17.045454
 7.9453716 7.1761627 6.689843 0.9322313 0.9031878 8.950476 11.363636
 99.3998 85.54471 81.02704 0.9471894 0.86061245 8.676356 10.227273
 6.9934654 1.991434 0.50583 0.2540029 0.2847564 1.5713195 17.857143
 1.8308191 0.4075914 0.08451932 0.20736286 0.2226279 1.9488994 19.444445
 5.4158773 4.3396544 4.1047974 0.9458812 0.8012837 9.111939 13.636364
 90.71298 85.79818 80.848625 0.94231164 0.94582033 8.812796 17.045454
 24.579523 26.736473 25.685596 0.960695 1.087754 7.9415483 9.090909
 33.518917 34.370907 32.025936 0.9317746 1.0254182 9.003667 10.227273
 7.355654 7.3564 6.9471726 0.9443712 1.0001014 8.4873905 7.9545455
 20.617321 16.590113 12.264768 0.7392817 0.8046687 7.7227716 11.363636
 6.2988343 4.1037984 2.0813174 0.50716853 0.65151715 6.7108335 15.476191
 7.6044464 5.51583 4.5133166 0.8182479 0.72534275 10.358656 14.285714
 43.92808 21.098675 16.652863 0.78928477 0.4803004 7.007572 12.5
 93.76807 78.794846 74.201836 0.9417092 0.8403164 8.949155 13.636364
 9.484312 7.6999207 7.272222 0.94445413 0.8118586 9.002011 10.227273
 66.85357 69.47743 66.03074 0.9503912 1.0392479 8.969589 0.0
 2.798644 1.0953966 0.21403828 0.19539797 0.3914026 1.77805 14.772727
 20.10746 18.783451 18.017128 0.9592022 0.9341533 8.507465 10.227273
 21.410444 20.44445 19.402157 0.94901824 0.9548821 8.488629 6.818182
 4.898883 1.5181675 0.25167158 0.16577327 0.30990076 1.343099 15.909091
 21.332483 20.907118 20.291395 0.97054964 0.9800602 9.9343 9.090909
 18.766947 19.616539 18.639526 0.9501945 1.0452707 8.261224 10.0
 10.248605 9.279071 8.812662 0.94973546 0.9053984 9.087148 13.636364
 105.62321 103.930695 98.75274 0.95017874 0.98397595 8.846496 7.9545455
 15.171392 10.904574 10.256999 0.94061434 0.71875894 8.031492 17.045454
 4.580006 1.0841277 0.21834013 0.20139706 0.23670878 1.6219953 15.476191
 27.636934 23.959698 22.875074 0.95473135 0.86694485 8.17571 13.636364
 9.258198 5.990682 5.071304 0.8465319 0.6470679 9.378195 19.318182
 9.485781 7.3130226 6.727421 0.9199234 0.7709458 8.339482 10.227273
 3.9534826 1.0768955 0.24965224 0.23182587 0.27239162 2.4233832 17.045454
 4.0212116 2.684355 2.1298428 0.7934282 0.6675488 10.113187 16.25
 2.319727 0.66007906 0.10790562 0.16347378 0.28455034 1.798518 17.045454
 65.7507 51.89641 45.915806 0.8847588 0.7892906 4.543 7.6923075
 2.0805318 0.41317338 0.080044895 0.19373198 0.19859026 2.1736119 20.454546
 7.8086457 2.9017692 2.0294807 0.6993943 0.37160978 5.1418624 14.772727
 6.1974077 5.5176225 5.0169497 0.9092593 0.89031136 8.7890415 10.227273
 1.1925181 0.3658946 0.07417783 0.20273006 0.3068252 2.2118893 20.3125
 86.959045 86.50116 80.17467 0.92686236 0.99473447 7.674844 5.0
 103.67029 106.037 98.69179 0.9307296 1.0228293 7.6530223 6.25
 27.678726 8.869627 3.973143 0.4479493 0.32044926 3.03233 13.888889
 105.12682 88.60125 81.87211 0.9240514 0.8428034 6.708826 15.277778
 15.7486725 13.857088 12.879782 0.92947245 0.87988925 6.032756 13.235294
 107.270325 93.86229 86.95901 0.9264531 0.87500703 5.9762516 10.9375
 39.10371 34.770588 31.557957 0.90760493 0.889189 6.6304536 7.8125
 60.998363 46.695595 42.818817 0.91697764 0.7655221 4.9665194 10.714286
 62.23392 66.56783 61.256584 0.920213 1.0696391 5.5899296 5.0
 54.044983 47.109802 41.022995 0.87079537 0.8716776 4.0351887 6.25
 1.0 31.267368 27.805475 25.693205 0.92403406 0.8892809 220.32013 12.311123 98.0
