 94.68583 100.095474 94.36654 0.94276524 1.0571326 8.602018 1.1363636
 6.3990483 6.3467903 5.9294024 0.93423635 0.9918335 8.675711 11.363636
 32.574226 34.046833 32.401024 0.95166045 1.0452077 7.3930664 10.227273
 2.8319077 0.79152685 0.2206481 0.2787626 0.27950305 1.7590824 20.0
 89.43343 88.20825 83.20125 0.94323653 0.98630065 8.599231 4.5454545
 1.4611719 0.2539641 0.07747627 0.30506784 0.1738085 4.2112784 20.3125
 94.72728 90.40238 84.74864 0.9374603 0.9543437 8.644185 2.2727273
 92.092834 90.70374 84.774185 0.9346272 0.9849164 8.583978 7.9545455
 83.729385 83.97029 78.77365 0.93811333 1.0028771 8.570959 5.681818
 82.4763 85.885826 80.921196 0.94219494 1.0413394 8.569657 3.409091
 9.649877 5.861926 5.37405 0.9167721 0.6074613 8.977056 14.772727
 23.96371 23.717537 22.387789 0.94393396 0.9897272 8.465233 3.409091
 90.68565 91.815155 85.98326 0.93648225 1.0124551 7.4529133 1.25
 79.9507 82.480835 77.50474 0.9396697 1.0316461 8.569908 4.5454545
 0.5348774 0.15835187 0.052783955 0.33333334 0.29605263 3.5555556 25.0
 11.34392 11.32175 10.687348 0.9439661 0.9980457 7.2835565 7.9545455
 3.760934 1.4206066 0.9047622 0.63688445 0.37772706 6.954269 17.045454
 7.1337013 6.609515 6.092494 0.92177624 0.92651975 8.581284 15.909091
 103.65953 100.05895 92.02103 0.9196681 0.96526533 6.7123637 1.3888888
 89.285774 90.51666 84.75125 0.93630546 1.013786 8.599046 7.9545455
 12.276147 12.550457 11.535623 0.9191397 1.022345 8.635336 9.090909
 87.539375 86.72546 81.32934 0.9377793 0.9907022 8.75949 4.5454545
 75.294044 60.173164 55.74548 0.9264176 0.7991756 8.607971 12.5
 76.63978 76.016655 71.04236 0.9345631 0.9918695 8.657909 11.363636
 8.984726 9.113392 8.62919 0.94686925 1.0143205 8.403971 15.909091
 14.171821 3.902643 0.5891443 0.15096033 0.2753805 1.3699087 15.909091
 12.663835 9.232113 8.01839 0.8685324 0.72901404 7.8513784 18.181818
 15.36876 14.053619 12.931237 0.92013574 0.91442764 6.438311 13.888889
 22.924229 23.165316 21.455872 0.9262068 1.0105166 4.595344 5.357143
 88.63978 85.84192 79.951515 0.9313808 0.9684357 8.599522 11.363636
 11.678814 12.18237 11.313294 0.92866117 1.043117 9.836558 5.952381
 84.53875 81.3115 74.0373 0.91053915 0.9618252 5.0393987 11.666667
 62.568977 59.03899 54.85347 0.9291059 0.9435824 8.739181 13.636364
 33.431602 34.254692 32.313717 0.94333696 1.0246202 8.439539 5.681818
 85.164055 82.606285 77.28423 0.9355732 0.96996653 8.663836 2.2727273
 99.33419 101.68623 95.88004 0.94290096 1.0236781 8.680442 0.0
 11.886577 10.45602 9.783681 0.9356983 0.87964946 8.55389 11.363636
 6.984963 4.162104 2.4586658 0.5907267 0.59586626 6.002962 11.363636
 2.673236 1.595413 1.259229 0.78928083 0.5968097 7.3076787 15.476191
 78.65132 79.49467 73.888695 0.92947984 1.0107226 8.558422 3.409091
 63.750626 63.59531 59.185658 0.9306608 0.9975637 6.6533694 4.1666665
 8.831992 5.944028 5.138299 0.86444736 0.67301095 10.73029 18.181818
 99.110176 96.59389 88.75693 0.9188669 0.9746112 6.998683 9.210526
 2.4654977 0.59670776 0.090288535 0.15131116 0.24202324 1.5974132 21.25
 89.00238 87.82471 82.14377 0.935315 0.98676807 8.526684 5.681818
 9.505301 9.378289 8.835944 0.9421702 0.9866378 8.739438 14.772727
 79.88555 78.62155 74.018616 0.9414545 0.98417735 8.529707 4.5454545
 4.3204722 0.39732698 0.14170735 0.3566517 0.09196378 4.396039 20.3125
 10.499803 8.412105 7.639262 0.9081273 0.8011679 8.104923 13.636364
 77.305244 78.54109 73.87246 0.94055814 1.0159866 8.561811 3.409091
 9.440064 10.396371 9.55186 0.91876864 1.101303 10.0641165 3.409091
 3.8087199 1.57405 0.554981 0.35258156 0.41327533 3.35866 17.105263
 85.505615 81.76228 76.69019 0.9379654 0.95622116 8.641286 10.227273
 81.162445 80.83038 76.207085 0.9428025 0.9959087 8.637699 13.636364
 10.540681 10.543714 8.721083 0.82713574 1.0002878 4.2750096 5.769231
 92.69689 94.11016 88.521255 0.94061315 1.0152462 8.64171 5.681818
 87.81452 88.87624 83.62651 0.9409321 1.0120906 8.628099 13.636364
 19.73224 20.492928 16.566404 0.8083962 1.0385505 8.982548 4.5454545
 77.42182 76.87011 67.68999 0.88057613 0.99287397 4.196884 1.9230769
 78.03386 78.459656 73.92552 0.9422106 1.0054566 8.630641 9.090909
 80.212685 79.37942 74.315346 0.93620425 0.9896118 8.572643 4.5454545
 93.39989 89.62279 80.11299 0.89389086 0.9595599 4.5976424 5.357143
 9.5194845 8.530143 7.6443176 0.89615357 0.8960719 9.146584 6.818182
 96.21303 98.439575 89.73681 0.9115928 1.0231419 6.1295443 2.9411764
 88.32515 89.06 82.944145 0.93132883 1.0083199 7.5928817 1.25
 90.947945 90.33747 82.45209 0.912712 0.9932877 6.2341146 5.882353
 91.27767 88.0301 82.17434 0.93348 0.964421 6.9180126 13.157895
 78.03878 76.80221 67.72669 0.88183254 0.9841544 4.2642727 1.9230769
 77.51442 77.880196 73.24772 0.9405179 1.0047188 8.6217575 1.1363636
 14.592088 14.734329 13.834891 0.93895626 1.0097479 8.753532 9.090909
 77.9857 77.99383 73.44107 0.9416266 1.0001043 8.122687 1.1904762
 102.209404 102.18046 96.74833 0.94683784 0.9997169 7.7536025 7.5
 35.837788 37.550907 35.625225 0.9487181 1.0478021 7.4325786 5.263158
 9.04301 8.421723 8.069568 0.9581848 0.9312965 7.145508 11.842105
 44.068172 22.098082 14.837838 0.6714537 0.50145215 5.4312744 10.526316
 90.85196 91.59728 87.44485 0.9546664 1.0082037 7.020937 6.9444447
 94.9054 101.163536 95.58317 0.9448381 1.0659407 6.6963086 1.4705882
 89.49759 92.073975 86.38567 0.9382203 1.0287873 6.66945 8.823529
 95.39988 102.13722 94.66042 0.92679656 1.0706221 6.2022376 4.6875
 87.66226 93.96065 84.92561 0.90384233 1.0718484 5.5494776 8.333333
 10.874391 10.722228 9.382146 0.87501836 0.9860073 4.507223 5.769231
 13.841743 11.1627445 9.578238 0.858054 0.8064551 4.3527513 8.333333
 83.09292 65.15613 54.93497 0.8431282 0.78413576 3.828523 8.333333
 1.0 53.469162 52.350426 48.471786 0.92591006 0.979077 395.95773 8.751532 83.0
