 3.3043952 0.9065127 0.20883346 0.23037015 0.2743354 2.831592 18.181818
 3.2969754 0.74080133 0.27784225 0.3750564 0.2246912 5.1779194 16.25
 49.711693 49.43523 45.625076 0.92292637 0.9944387 8.308891 7.9545455
 3.5372674 0.8018317 0.34382778 0.42880294 0.22668111 6.3664427 19.736841
 3.193406 0.82967037 0.1946872 0.23465608 0.25980735 2.0651455 19.047619
 20.269228 18.560595 15.401475 0.8297943 0.91570306 7.6282945 7.9545455
 56.17027 46.577454 39.104626 0.8395612 0.829219 8.586122 6.818182
 28.664513 26.874943 24.566847 0.9141172 0.9375684 8.466194 2.2727273
 22.384777 20.514982 19.224705 0.93710554 0.9164703 8.2241535 9.090909
 26.361872 26.634657 24.40788 0.91639555 1.0103477 8.616141 3.409091
 3.484922 2.8432536 2.123692 0.7469232 0.81587297 4.5856805 16.666666
 12.847448 12.574939 11.653379 0.9267146 0.9787888 7.3552923 11.25
 77.85226 78.895905 73.30558 0.929143 1.0134056 8.591163 3.409091
 9.939916 6.1767945 5.035252 0.8151886 0.6214131 6.704365 17.045454
 62.565857 61.51386 56.226486 0.9140458 0.98318577 9.18038 7.9545455
 48.521744 48.29165 44.232845 0.9159523 0.99525785 8.675215 12.5
 8.5097685 6.0759497 4.3282905 0.71236444 0.71399707 7.0396113 13.636364
 1.5320054 0.4804309 0.105972074 0.22057714 0.3135961 2.6148767 13.636364
 16.974606 13.434933 12.726371 0.9472598 0.79147243 8.197059 14.772727
 48.869137 48.27776 44.816856 0.92831266 0.98789877 8.546382 5.681818
 57.12974 57.043175 52.692635 0.9237325 0.99848473 7.812571 2.3809524
 5.7850637 2.8410394 1.0694491 0.37642878 0.4910991 3.552497 15.909091
 26.857718 21.029678 19.169815 0.9115601 0.78300315 7.919984 12.5
 63.532757 33.202435 28.89017 0.87012196 0.5226034 8.010881 19.318182
 5.982153 1.6455333 0.35844857 0.21783124 0.27507377 2.7308207 15.476191
 21.920622 17.914562 16.013803 0.89389867 0.817247 7.3170114 15.909091
 103.40687 94.792336 87.52363 0.9233197 0.91669285 8.458088 3.409091
 12.728524 8.57345 6.247822 0.7287407 0.67356193 7.765567 10.227273
 102.45736 101.71962 94.86763 0.9326385 0.9927995 8.592251 5.681818
 12.759652 11.957349 10.676356 0.89286983 0.9371218 9.410888 15.909091
 21.737991 19.357115 14.221759 0.73470443 0.89047396 4.3199997 7.9545455
 49.244717 46.625202 42.922188 0.9205791 0.9468062 8.686509 5.681818
 3.5512507 1.2925876 0.9175373 0.70984536 0.36398095 8.151658 18.181818
 57.8599 58.649834 54.561733 0.93029654 1.0136524 8.8209095 5.681818
 107.32214 70.87736 64.07688 0.9040529 0.66041684 8.288318 18.181818
 67.79018 70.82002 68.77747 0.9711585 1.0446944 6.805963 5.681818
 20.498875 16.992905 12.532392 0.7375073 0.8289677 6.349523 10.227273
 1.5249922 0.2771753 0.07882017 0.28436935 0.18175523 2.9301107 25.0
 76.675606 75.912155 69.58295 0.91662455 0.99004304 8.498465 0.0
 17.124462 15.401328 12.779288 0.8297523 0.89937586 10.9548 11.363636
 11.376502 7.51407 6.708243 0.8927576 0.66049033 8.665029 17.045454
 80.62182 55.969246 50.49126 0.9021251 0.6942196 8.441813 14.772727
 4.1890244 3.57112 3.227759 0.90385056 0.8524944 7.1061583 11.904762
 48.971077 49.61572 46.088875 0.9289168 1.0131637 8.424309 3.409091
 79.86927 67.63792 61.848824 0.91441053 0.84685785 4.980385 3.5714285
 2.440443 0.5345298 0.27941915 0.5227382 0.2190298 2.1354327 19.23077
 55.80797 48.81293 45.64148 0.93502843 0.8746588 6.911886 15.277778
 24.7398 25.116814 23.512857 0.9361402 1.0152392 5.804823 5.882353
 97.953354 101.41497 94.39402 0.9307701 1.0353395 6.2829547 7.352941
 111.01634 111.188484 103.52869 0.9311098 1.0015506 6.320041 4.4117646
 102.56149 105.32135 97.28769 0.9237224 1.0269092 6.2634106 4.4117646
 101.3931 103.12131 94.652176 0.9178722 1.0170447 6.2959375 2.9411764
 95.96612 96.25789 88.4968 0.9193719 1.0030403 6.286939 4.4117646
 96.19786 95.88639 88.574486 0.92374414 0.99676216 6.462213 4.4117646
 67.925514 69.39869 64.455864 0.9287764 1.0216881 6.107516 4.4117646
 96.36704 95.96581 89.260056 0.9301234 0.9958365 6.206862 8.823529
 105.85713 106.94716 98.94786 0.9252032 1.0102972 6.3479834 2.9411764
 94.32276 95.9824 89.15312 0.9288487 1.0175953 6.3663254 14.705882
 116.21592 119.41968 111.382805 0.9327006 1.0275674 6.2909613 4.4117646
 115.35189 118.819824 110.5712 0.93057865 1.030064 6.307777 1.4705882
 94.76317 88.151634 81.536125 0.9249531 0.9302309 6.2624974 14.705882
 101.17639 104.68602 96.27617 0.919666 1.0346882 6.253667 4.4117646
 104.47537 93.598885 85.88327 0.9175673 0.89589417 6.3634057 13.235294
 113.3442 116.992546 108.85841 0.9304731 1.0321882 6.274881 4.4117646
 114.18904 115.98716 107.996086 0.9311038 1.0157468 6.2815995 0.0
 117.358086 120.04261 112.108986 0.93390995 1.0228746 6.355193 16.17647
 98.54355 99.82916 93.06098 0.9322024 1.0130461 6.263607 4.4117646
 55.65853 46.96526 39.364933 0.8381713 0.8438106 8.233919 5.882353
 101.793755 102.82704 95.935104 0.9329754 1.0101508 6.153392 4.4117646
 108.692474 113.1411 105.09484 0.928883 1.0409285 5.8556437 4.6875
 99.358925 100.75725 92.24165 0.9154841 1.0140735 5.820581 12.5
 111.286705 105.39996 93.95614 0.8914248 0.9471029 3.8644662 12.5
 82.378555 91.284164 83.08021 0.9101273 1.1081059 3.7515256 6.25
 1.0 56.932133 54.459263 49.942024 0.91705287 0.95656455 370.01385 9.744239 73.0
