 5.232199 2.11603 1.3856571 0.65483814 0.40442458 4.763801 14.285714
 15.978386 13.988978 12.816288 0.9161704 0.8754938 9.199598 13.636364
 10.246049 5.744182 4.867431 0.84736717 0.5606241 8.090091 13.636364
 20.561357 14.667018 12.885501 0.8785358 0.71332926 9.6331625 7.9545455
 15.516378 11.651045 10.473447 0.89892775 0.75088686 8.804681 13.636364
 22.904976 22.120298 21.281885 0.9620976 0.96574205 8.635889 6.818182
 14.162459 11.624844 10.674367 0.91823745 0.820821 8.883657 15.909091
 22.87165 25.503017 18.595451 0.72914714 1.1150492 3.8003278 9.615385
 100.69365 92.559586 82.88178 0.8954425 0.91921973 5.2052712 1.7857143
 20.978386 17.131422 15.551545 0.907779 0.8166225 9.314733 12.5
 35.18086 35.741947 33.914085 0.9488596 1.0159487 9.204252 10.227273
 23.357355 21.006079 19.174093 0.91278785 0.8993346 9.385552 6.818182
 15.278113 11.18965 10.287821 0.91940504 0.7323974 9.02655 15.909091
 10.999169 8.33923 7.561093 0.9066896 0.75816905 8.307602 14.772727
 102.38787 95.18765 89.02654 0.9352741 0.929677 9.208204 1.1363636
 11.997961 9.221192 8.549412 0.92714816 0.7685633 9.038291 12.5
 10.504678 8.363194 7.8332405 0.93663263 0.79614 9.239868 17.045454
 101.03324 93.48087 87.67156 0.93785554 0.9252487 9.18834 1.1363636
 18.898985 15.492836 13.847358 0.893791 0.81977075 8.176678 6.818182
 14.998392 10.375307 9.799036 0.9444574 0.6917613 9.054926 14.772727
 11.391419 9.155438 8.449015 0.922841 0.8037136 9.173314 13.636364
 109.01261 88.30268 81.92752 0.92780334 0.8100226 9.008037 19.318182
 22.818523 21.856546 20.450802 0.9356832 0.9578423 9.085277 13.636364
 30.444973 25.107483 23.299004 0.9279705 0.8246841 7.8572426 9.090909
 14.540156 6.181197 5.2792864 0.85408807 0.42511216 8.348706 18.181818
 15.409428 14.092267 13.109087 0.93023264 0.91452247 9.673282 12.5
 17.19139 14.273721 13.30281 0.9319791 0.8302831 8.883243 7.9545455
 9.606533 7.022578 6.46648 0.9208129 0.73102105 8.808951 11.363636
 12.885997 12.284187 11.4525795 0.9323026 0.95329744 8.806762 10.227273
 11.308664 9.878505 9.200429 0.93135846 0.87353414 9.61581 9.090909
 15.867123 14.335516 13.383644 0.9336005 0.90347296 9.167365 6.818182
 16.231424 13.219149 12.19145 0.92225677 0.81441706 8.848799 14.772727
 12.600988 10.072435 9.370105 0.930272 0.79933697 8.876626 10.227273
 11.796905 10.727461 9.763484 0.9101394 0.9093454 11.837445 14.772727
 89.176735 71.390434 66.71513 0.93451077 0.80055004 9.01483 7.9545455
 8.44413 4.799869 4.064228 0.84673727 0.5684267 8.173815 15.909091
 10.2427225 8.418311 7.6747007 0.9116675 0.8218821 9.278156 15.909091
 2.809394 1.1042795 0.3783596 0.3426303 0.39306682 3.300727 20.0
 14.009373 12.497531 11.705909 0.93665767 0.8920836 8.748383 13.636364
 9.007111 3.423505 2.5890312 0.75625163 0.38008916 8.738091 18.181818
 101.67936 89.035675 82.509796 0.9267049 0.8756514 9.085452 9.090909
 13.666123 11.394612 10.502095 0.92167205 0.83378524 9.154461 11.363636
 9.581266 8.167582 7.5299582 0.92193234 0.8524533 8.504221 19.318182
 11.121633 10.187415 9.384382 0.921174 0.91599995 9.640029 3.409091
 21.549019 19.209818 17.937 0.93374133 0.8914474 9.10612 11.363636
 11.614778 10.073614 8.638975 0.8575845 0.86731017 5.7152195 8.333333
 4.471481 2.146681 0.5831811 0.27166638 0.4800828 2.5675313 14.772727
 14.841698 12.451756 11.269111 0.9050219 0.8389711 8.96312 11.363636
 13.732244 12.96261 12.1771345 0.9394045 0.94395435 8.889511 12.5
 21.557312 20.157557 19.211054 0.9530448 0.93506813 8.673709 4.5454545
 16.897625 14.92369 13.8126 0.9255486 0.88318264 9.014455 14.772727
 5.541527 3.5397053 3.1537926 0.890976 0.63876 8.177592 17.045454
 4.130616 2.5357165 1.5593528 0.6149554 0.6138834 6.896496 18.421053
 30.731007 28.907234 27.608408 0.9550692 0.9406536 8.138584 11.363636
 14.7214155 15.274987 14.380814 0.94146156 1.0376031 8.374459 6.818182
 11.172038 7.9521832 7.35805 0.92528677 0.7117934 9.513686 13.636364
 7.251424 2.2576158 1.2063847 0.53436226 0.31133416 5.2331953 17.045454
 7.8681026 7.0309997 6.521442 0.92752695 0.89360803 9.393913 9.090909
 19.39414 16.856995 15.390955 0.91303074 0.86917984 8.999705 10.227273
 21.171274 19.283323 17.935543 0.93010646 0.91082484 9.554768 7.9545455
 27.006136 23.974789 22.620026 0.9434922 0.8877534 10.523092 10.227273
 10.071075 4.3363605 3.0135312 0.6949448 0.43057573 7.65423 18.181818
 16.567438 13.9407425 12.470771 0.89455575 0.8414543 9.289638 6.818182
 30.905647 21.2855 12.238211 0.57495534 0.68872523 7.287509 13.636364
 92.86418 86.2337 81.10865 0.9405679 0.9286002 9.214082 1.1363636
 80.06554 58.77762 54.73752 0.93126464 0.7341188 9.0965185 14.772727
 20.044044 15.444618 14.698453 0.9516877 0.770534 7.7315683 7.9545455
 2.1081016 0.4153932 0.13131395 0.31611964 0.1970461 2.390297 16.666666
 13.42884 10.358923 7.8710227 0.75983024 0.7713938 6.472657 14.772727
 14.229589 9.666727 8.574114 0.88697165 0.6793399 9.360252 14.772727
 1.5185261 0.3507275 0.052328933 0.14920111 0.23096575 1.3871943 17.105263
 7.4553914 4.464817 3.5760252 0.8009343 0.5988709 7.5529494 14.772727
 51.999084 45.177044 40.30653 0.8921905 0.8688046 4.7735925 7.6923075
 11.541741 10.826269 10.164136 0.9388402 0.93801 9.058545 10.227273
 8.431804 4.2419534 2.790251 0.65777504 0.50308967 9.565185 16.666666
 9.959959 7.0743513 6.55374 0.9264086 0.71027917 5.9740205 12.5
 115.24187 92.915985 86.805214 0.93423337 0.80626935 9.081532 18.181818
 18.02159 14.759659 12.798558 0.867131 0.81899875 9.77466 10.227273
 10.267294 9.23172 8.565171 0.927798 0.89913857 8.763217 12.5
 108.14708 78.66339 71.71851 0.9117141 0.72737414 8.896647 15.909091
 65.63809 43.672657 40.250767 0.9216469 0.6653553 9.075872 15.909091
 12.371769 10.555223 9.933396 0.94108814 0.85317016 8.246878 10.227273
 99.04819 86.827126 80.613686 0.9284389 0.87661505 9.071121 17.045454
 9.061356 5.8208175 5.2025204 0.89377826 0.6423782 8.254519 12.5
 14.04383 12.847961 12.0681305 0.93930316 0.91484743 8.388911 13.636364
 32.470364 28.007687 26.863564 0.95914966 0.8625616 8.832831 6.818182
 27.410303 26.666845 25.45526 0.9545658 0.9728767 8.2582035 4.5454545
 103.50308 92.61806 84.76837 0.9152468 0.89483374 9.0161085 3.409091
 2.2736604 0.5746191 0.14247248 0.24794246 0.25272864 2.5571508 16.666666
 17.526258 13.259106 12.080521 0.91111135 0.756528 8.225398 13.636364
 16.194824 8.540223 6.1804333 0.7236852 0.52734274 9.805461 14.772727
 90.113495 65.13291 59.983124 0.92093414 0.7227876 8.720844 17.045454
 8.514579 6.7169523 5.9829154 0.89071876 0.78887665 9.080812 13.636364
 103.28563 93.8591 86.13276 0.91768146 0.9087334 6.598436 4.4117646
 13.706961 12.493166 11.786694 0.9434513 0.91144687 8.72432 5.681818
 9.436121 7.2176456 6.535807 0.9055317 0.7648954 8.912413 9.090909
 105.52881 97.35707 91.287674 0.93765837 0.9225639 9.110177 0.0
 82.08915 77.98788 73.02077 0.9363091 0.95003885 9.18033 1.1363636
 83.95091 62.7948 58.187508 0.9266294 0.74799424 8.976543 15.909091
 20.01563 15.778849 14.439811 0.9151372 0.7883264 8.150255 10.227273
 7.9321246 5.4106774 4.6339383 0.8564433 0.6821221 7.245858 17.045454
 96.662735 84.38664 78.855125 0.9344503 0.8730008 9.047353 11.363636
 9.862862 5.194583 4.3909044 0.8452853 0.52668107 7.753806 18.181818
 31.50947 27.433979 25.396465 0.92573035 0.8706582 8.835688 5.681818
 121.411446 95.2081 88.42706 0.92877674 0.7841773 9.109532 17.045454
 12.740184 10.262102 9.267058 0.9030371 0.8054909 7.9477634 10.227273
 69.312 53.859245 50.08174 0.9298634 0.77705514 9.064703 12.5
 11.816351 9.466422 8.999649 0.9506917 0.80112904 9.267122 12.5
 29.102201 25.725199 23.56241 0.91592723 0.88396055 9.114311 6.818182
 15.349926 13.193342 11.487467 0.8707018 0.8595053 10.049113 15.909091
 18.52764 11.694032 10.177314 0.8702998 0.6311669 7.818131 13.636364
 6.1511436 1.7968045 0.4783297 0.2662113 0.292109 2.0193315 15.909091
 106.63455 98.17992 92.05017 0.9375662 0.9207139 9.196758 0.0
 1.8038169 0.3608328 0.09703608 0.26892254 0.2000385 3.349408 20.238094
 18.198244 12.768091 11.054533 0.8657937 0.70161116 6.991279 13.636364
 10.375289 2.6371748 0.73590654 0.2790511 0.25417843 3.6145542 18.181818
 2.5147352 0.55104715 0.17707722 0.32134676 0.21912733 4.6368566 20.454546
 85.11677 77.82042 71.946335 0.9245175 0.91427827 9.221724 1.1363636
 19.499332 17.31444 16.229656 0.9373481 0.8879504 9.068738 14.772727
 11.653791 10.660545 9.933828 0.9318311 0.91477054 9.175293 12.5
 89.450714 70.5211 65.31309 0.9261496 0.78837943 9.041076 15.909091
 94.921104 87.95753 76.96897 0.87506974 0.92663825 4.1818833 0.0
 7.710193 4.7453756 4.1182694 0.867849 0.6154678 9.741331 14.772727
 7.831221 4.711141 4.1522193 0.8813617 0.60158443 10.035488 13.636364
 14.385935 12.099815 10.149653 0.83882713 0.8410865 8.728723 13.636364
 13.676774 11.70507 10.785379 0.9214281 0.85583556 9.218255 9.090909
 96.66368 89.93498 83.901924 0.93291754 0.9303906 9.160218 3.409091
 100.563805 92.92009 87.06646 0.9370036 0.9239914 9.093133 1.1363636
 21.68257 17.971296 16.691051 0.9287616 0.8288361 9.196194 9.090909
 13.797464 10.972454 10.240163 0.933261 0.7952515 9.403383 11.363636
 10.404919 9.155325 8.630645 0.94269127 0.8799036 9.187258 10.227273
 0.89876896 0.21042573 0.07022772 0.33374113 0.23412661 4.803302 14.285714
 16.727215 14.143974 12.932794 0.91436774 0.8455666 8.992811 7.9545455
 20.052204 18.254642 17.22975 0.9438558 0.9103559 8.410069 7.9545455
 22.55657 19.546686 18.203548 0.9312856 0.86656284 9.224793 9.090909
 115.75715 95.22063 89.12619 0.93599665 0.8225896 9.164914 19.318182
 87.30793 74.14899 68.98691 0.9303823 0.84928125 9.223513 11.363636
 8.412787 7.1362166 6.586856 0.9230179 0.8482583 9.277162 10.227273
 17.523443 16.355324 15.471161 0.9459403 0.93333966 9.025911 6.818182
 8.906701 6.853342 6.347892 0.92624766 0.76945907 7.947296 17.045454
 7.0086803 5.510275 3.155386 0.5726368 0.7862072 6.284441 10.227273
 14.271236 11.398708 10.104564 0.88646567 0.7987191 9.207766 7.9545455
 82.28528 75.56964 70.510086 0.9330478 0.9183859 9.178968 1.1363636
 37.318764 36.21849 34.79095 0.96058536 0.97051686 8.956642 9.090909
 99.28808 68.94346 62.219013 0.9024644 0.694378 8.793431 14.772727
 105.847466 83.95919 76.86659 0.9155233 0.79320925 8.550884 8.333333
 21.569834 15.174771 12.550673 0.8270749 0.7035182 8.3809595 15.909091
 104.02223 97.40961 90.399536 0.9280351 0.93643063 9.282852 0.0
 59.611446 57.501274 53.643116 0.9329031 0.9646012 8.837415 1.1363636
 30.383314 29.217161 27.100174 0.927543 0.96161866 9.367978 13.636364
 42.339367 36.76473 34.005646 0.924953 0.86833435 9.693656 7.9545455
 22.0861 20.178234 18.53588 0.91860753 0.9136169 9.4029 9.090909
 16.118555 13.757062 10.2668705 0.7462982 0.85349226 4.8215365 9.090909
 6.809542 5.653853 5.1095524 0.90372926 0.83028394 9.305327 12.5
 28.134901 26.933939 25.289446 0.9389435 0.95731413 9.582116 1.1363636
 7.5788856 6.334647 5.6689415 0.89491034 0.8358283 7.6547365 10.227273
 107.57107 88.38526 81.923416 0.92689 0.82164526 9.025025 13.636364
 15.506728 12.621359 11.62042 0.9206948 0.81392795 8.86317 13.636364
 10.313202 7.6571198 6.9563084 0.9084759 0.7424581 9.260134 13.636364
 11.503347 8.085059 3.6521962 0.4517216 0.7028441 4.3268323 14.772727
 101.02534 89.33755 81.50585 0.9123359 0.88430834 8.69169 12.5
 13.253508 11.84572 11.096574 0.93675804 0.89378 8.987604 14.772727
 8.321137 7.1138177 6.6404033 0.9334514 0.8549093 8.675492 12.5
 25.295528 25.75037 24.703773 0.95935607 1.017981 10.004672 7.9545455
 8.988073 6.972088 6.4263854 0.92173046 0.7757044 8.77508 15.909091
 19.005014 15.687939 14.697182 0.93684596 0.8254631 8.745939 11.363636
 105.53965 84.863655 78.67856 0.9271172 0.80409265 8.859354 10.227273
 106.03934 97.52267 91.336876 0.9365707 0.9196839 8.823981 1.1363636
 111.57977 103.42631 94.49201 0.9136168 0.92692703 6.0345936 0.0
 35.003483 31.286901 29.390541 0.93938804 0.89382255 9.705818 4.5454545
 11.896272 10.186376 9.043152 0.8877693 0.85626626 9.638857 11.363636
 13.652074 11.929606 10.826019 0.9074918 0.8738311 9.014503 9.090909
 104.003204 95.35194 87.69447 0.9196927 0.91681725 8.13056 10.0
 10.616078 7.443033 6.8238416 0.9168092 0.7011095 9.102279 14.772727
 102.92787 94.43753 83.23427 0.8813685 0.9175117 4.1399837 6.25
 3.2656064 1.0841331 0.46605456 0.42988682 0.33198524 4.0417776 20.0
 12.051611 9.949727 9.226619 0.9273239 0.82559305 9.639051 12.5
 12.734036 10.927601 10.073998 0.92188567 0.8581412 9.665541 9.090909
 15.460128 11.481246 5.845139 0.5091032 0.7426359 4.75733 12.5
 2.242704 0.56135803 0.1906245 0.33957744 0.2503041 2.6127386 17.857143
 12.631548 9.592155 7.7127247 0.8040658 0.7593809 8.361717 11.363636
 12.298852 10.268361 9.439967 0.9193256 0.834904 9.243581 11.363636
 7.4481754 4.096929 2.9832132 0.72815835 0.5500581 9.421793 14.285714
 9.664362 5.8826556 4.8373895 0.82231385 0.60869575 6.958665 15.909091
 17.64381 16.443 14.531217 0.8837327 0.93194157 8.885913 13.636364
 23.059153 21.005602 19.553326 0.9308624 0.9109442 8.945021 10.227273
 13.239754 10.899739 9.9954405 0.9170348 0.8232585 9.186216 11.363636
 101.56374 72.90049 66.47438 0.911851 0.71778065 9.007337 15.909091
 91.883224 84.20682 78.797226 0.93575823 0.9164547 9.148935 3.409091
 41.749363 42.987576 40.95642 0.95275015 1.0296583 8.749201 1.1904762
 96.69652 89.174904 82.06625 0.9202843 0.9222142 8.57972 4.7619047
 22.736137 21.44102 19.886301 0.92748857 0.94303703 10.088346 14.285714
 5.927228 4.287855 3.8096232 0.88846827 0.7234167 7.6900406 13.75
 24.167429 16.6632 14.631498 0.8780725 0.68949 8.462156 15.0
 11.3681 9.841628 9.055076 0.92007905 0.8657232 7.1631618 9.210526
 99.00796 93.58508 85.872375 0.91758615 0.9452279 7.243421 1.3157895
 105.632904 91.63271 83.710655 0.91354555 0.8674637 7.1488295 3.9473684
 15.885223 6.452559 3.4331553 0.53206104 0.40619883 3.4516466 17.105263
 93.33038 86.91902 79.76719 0.91771847 0.93130463 7.149356 9.210526
 17.335932 8.056201 6.7215533 0.8343329 0.4647112 5.0016456 11.764706
 99.38139 71.40912 66.04536 0.9248869 0.7185361 6.3616147 14.705882
 89.23866 72.69948 64.6858 0.8897698 0.81466347 5.2465606 13.333333
 93.99978 70.76296 63.05733 0.8911064 0.7527992 5.5156803 10.0
 97.46025 96.978546 89.30122 0.9208348 0.99505746 5.555851 11.666667
 6.191585 3.5141716 2.807737 0.7989755 0.56757224 5.5203433 16.666666
 12.650119 12.835558 12.001134 0.9349912 1.0146592 6.0203876 13.333333
 112.5378 110.41657 101.28251 0.9172763 0.9811509 5.54327 10.0
 7.907605 4.67005 4.1187816 0.8819567 0.59057707 6.1768827 16.666666
 93.93067 95.93768 85.88626 0.8952297 1.021367 4.0835624 10.416667
 111.659676 111.093094 102.165016 0.9196343 0.9949258 5.5826044 0.0
 32.821518 30.640154 28.176008 0.91957784 0.9335387 5.666102 1.6666666
 92.39329 90.4488 81.92671 0.90578 0.9789542 5.016702 1.7857143
 92.6943 89.638626 81.326355 0.90726906 0.96703494 5.0020766 7.142857
 10.6386795 5.813398 3.4952302 0.60123706 0.5464398 4.3670487 12.5
 83.374405 87.90242 79.70601 0.90675557 1.0543095 4.585951 0.0
 18.891893 12.306066 10.758892 0.87427557 0.65139395 4.4216366 15.384615
 81.20516 54.554478 48.086365 0.88143754 0.67181045 4.1072793 14.583333
 105.95684 98.04269 87.530685 0.8927813 0.92530775 4.1430078 2.0833333
 1.0 37.345905 31.962336 29.195135 0.9134231 0.85584575 253.68724 11.077007 218.0
