 15.897614 15.688344 14.768453 0.94136465 0.9868364 8.890069 4.5454545
 17.016586 16.452719 15.054605 0.91502225 0.96686375 9.440302 2.2727273
 11.007566 10.548785 9.770087 0.92618126 0.9583213 9.351829 9.090909
 1.5958629 0.39054987 0.12811089 0.32802698 0.24472646 4.2269053 21.428572
 9.659239 9.006066 8.456495 0.9389776 0.93237853 8.464826 5.681818
 2.6694098 0.7962648 0.24628702 0.3093029 0.2982925 2.6662643 16.25
 91.04059 87.98189 79.42091 0.9026962 0.9664029 6.0711412 1.5625
 85.76962 50.176746 44.844753 0.89373577 0.5850177 8.31202 18.181818
 25.124846 22.664148 20.486036 0.90389615 0.90206116 4.6019135 12.5
 2.435644 1.0310904 0.26381794 0.25586307 0.42333382 3.572452 15.789474
 84.15852 80.2982 75.25223 0.9371595 0.9541304 8.692873 5.681818
 16.113518 15.070695 13.970427 0.9269929 0.93528277 8.749905 6.818182
 74.537834 72.349785 67.25513 0.92958295 0.9706451 8.697254 7.9545455
 8.085111 4.0723853 3.4254248 0.8411348 0.50368947 8.560528 17.045454
 6.9712443 6.138254 5.785736 0.94257027 0.88051057 8.564797 11.363636
 100.11053 97.81783 91.42518 0.9346473 0.9770984 8.73098 0.0
 13.7587 10.958725 8.542038 0.7794738 0.7964942 6.635295 12.5
 92.14867 82.1111 75.83496 0.9235653 0.891072 8.688668 14.772727
 11.247432 11.134277 10.433068 0.93702245 0.9899395 8.708895 3.409091
 78.40165 72.7501 67.80667 0.9320492 0.92791545 8.751942 10.227273
 79.549736 76.350555 71.49419 0.93639386 0.95978385 8.70483 15.909091
 2.7516978 0.7142703 0.14794339 0.20712523 0.25957438 1.6015669 18.181818
 89.17153 85.712 79.67615 0.9295799 0.96120363 8.648522 12.5
 88.9137 86.67372 80.26362 0.92604333 0.97480726 8.674203 3.409091
 87.35256 82.319534 71.163605 0.86448014 0.94238263 4.026897 10.416667
 5.4809184 1.0843205 0.21410564 0.19745605 0.19783553 1.3811321 18.181818
 2.3673441 0.5812852 0.10756287 0.1850432 0.24554315 2.0293736 19.318182
 16.512672 13.905951 13.197357 0.94904387 0.8421382 8.273802 11.363636
 10.637936 6.653702 6.1369963 0.92234313 0.62546927 7.512931 15.909091
 2.2619534 1.1032757 0.8354495 0.7572446 0.48775345 8.966676 21.25
 98.57741 94.84881 88.31316 0.93109405 0.96217597 8.716147 4.5454545
 4.3334656 3.252885 2.9636476 0.9110828 0.7506429 8.066963 15.909091
 94.33299 92.448 79.45651 0.85947245 0.98001766 4.0022316 4.1666665
 6.1241884 4.783416 4.5103025 0.94290406 0.78106934 9.429296 15.909091
 6.5823174 3.3785393 2.6931057 0.7971213 0.5132751 7.002958 15.909091
 102.143974 91.4457 84.41831 0.9231523 0.89526284 8.621154 13.636364
 7.596686 6.8886285 6.4391804 0.9347551 0.9067939 7.9762692 13.636364
 12.595159 12.028448 11.170716 0.9286914 0.9550057 8.697984 3.409091
 1.2757336 0.40947956 0.12476842 0.30470002 0.32097575 2.0816884 16.25
 3.1313558 0.76140815 0.14939182 0.19620463 0.24315606 1.5867012 23.214285
 2.9077663 0.86455226 0.52356577 0.60559183 0.29732522 5.3622723 17.857143
 15.782292 13.857977 11.967386 0.86357385 0.8780712 8.668212 7.9545455
 26.598114 23.456568 22.231949 0.94779205 0.88188833 9.030039 14.772727
 85.53364 80.0532 73.7659 0.9214609 0.93592656 8.614948 7.9545455
 83.782104 78.179276 72.8248 0.9315103 0.93312615 8.695091 5.681818
 85.69958 83.72886 77.99521 0.93152124 0.9770044 8.792018 4.5454545
 4.650165 3.2620564 2.8267038 0.86654043 0.70149255 8.433423 13.636364
 11.858026 11.294277 10.49916 0.9296 0.9524585 8.768835 11.363636
 7.3536716 6.6511393 6.0834 0.91464025 0.9044651 9.18047 11.363636
 100.60199 97.54141 91.02796 0.9332237 0.9695774 8.735041 5.681818
 5.149901 3.4820182 3.0544841 0.8772166 0.67613304 8.987842 12.5
 99.13926 95.54973 89.30916 0.93468773 0.9637931 8.673227 0.0
 11.030622 9.621979 8.864527 0.92127895 0.8722971 8.575371 11.363636
 12.216143 11.680552 9.9757395 0.854047 0.95615715 8.254438 11.363636
 14.395457 14.238264 13.118932 0.9213856 0.9890804 9.4145355 15.909091
 87.15262 70.93321 64.92733 0.91533047 0.81389654 8.836318 14.772727
 91.96572 89.9242 83.89767 0.9329821 0.9778013 8.716678 2.2727273
 90.305984 88.65709 82.7488 0.933358 0.981741 8.728523 2.2727273
 90.118515 84.15957 77.57875 0.9218055 0.93387645 8.640457 3.409091
 2.278642 0.7892937 0.1431125 0.18131715 0.34638777 1.8384224 21.875
 7.120964 2.3222442 1.5255507 0.6569295 0.32611373 6.1043277 18.181818
 88.391335 84.77421 78.29419 0.92356145 0.95907825 8.620971 9.090909
 95.54385 92.70814 86.669 0.93485856 0.9703202 8.767807 12.5
 10.2103 0.68541926 0.17869236 0.26070517 0.06713017 2.2304492 19.047619
 2.722135 2.1106484 1.9842228 0.9401011 0.77536505 7.57035 22.058823
 4.8658204 2.0468593 1.3607513 0.6647997 0.42066067 5.4460034 18.181818
 95.546135 91.57858 78.79612 0.8604208 0.95847505 4.0416703 0.0
 4.5303435 1.0601048 0.20014514 0.1887975 0.23400098 1.2297434 17.045454
 3.8075345 2.1216757 1.8601418 0.87673235 0.5572309 6.2422085 17.045454
 4.36896 2.1048265 1.797146 0.85382146 0.48176834 5.9807844 18.75
 4.3108754 2.2462163 1.2721716 0.566362 0.521058 5.858681 14.772727
 7.1005273 6.364826 5.9494205 0.93473417 0.8963878 8.535643 10.714286
 1.7201109 0.59296894 0.100494094 0.16947617 0.34472716 1.8311119 18.75
 3.3523223 0.76390636 0.4228726 0.55356604 0.22787377 7.814387 16.666666
 2.2554781 0.5501108 0.0815047 0.14816052 0.24389987 1.4006267 18.75
 94.013374 90.81396 84.34113 0.9287243 0.9659685 8.620483 7.9545455
 106.46472 104.885086 96.36763 0.9187925 0.98516285 8.631268 5.681818
 71.403076 43.505966 37.87686 0.87061304 0.609301 9.449655 13.636364
 9.106539 7.7415724 7.0547314 0.91127884 0.8501114 8.550353 7.9545455
 87.651024 75.723915 69.48489 0.9176083 0.86392504 9.383638 13.636364
 95.00728 73.08125 66.70387 0.91273576 0.7692174 8.591657 14.285714
 14.564927 12.52644 11.398935 0.90999 0.8600414 7.1959853 9.722222
 16.449785 15.701815 13.64556 0.8690435 0.95453006 4.512164 0.0
 91.510414 88.78301 79.96109 0.90063506 0.9701958 6.5934463 8.823529
 58.081314 26.81233 24.014353 0.89564586 0.46163437 7.371049 11.111111
 87.25127 82.36231 76.99686 0.9348554 0.94396704 8.77059 1.1363636
 87.04651 84.24734 78.650856 0.9335708 0.9678428 8.744054 0.0
 9.288598 8.151497 7.233093 0.88733304 0.877581 7.098506 13.636364
 6.6952305 5.0776434 1.6579338 0.3265164 0.7583971 3.4293768 9.523809
 2.2203963 0.7188544 0.23689881 0.32955047 0.32375053 2.1753268 18.75
 10.958866 2.9934049 1.4052167 0.4694376 0.27314913 5.1034102 17.045454
 12.536664 11.041145 10.089262 0.91378766 0.88070834 9.053122 10.227273
 2.677177 0.72562844 0.16208532 0.22337234 0.2710424 2.1950734 16.666666
 11.825579 5.407903 2.4647088 0.4557605 0.45730558 3.1201856 14.705882
 3.506772 1.44491 0.54749805 0.37891495 0.4120342 3.3585894 15.476191
 4.451167 1.6218784 1.0680506 0.65852696 0.36437148 4.933277 19.047619
 3.5278797 1.5651855 0.93073475 0.5946482 0.4436618 4.5223393 17.045454
 2.0074441 0.49130806 0.13602711 0.27686727 0.2447431 3.6534617 19.117647
 3.1707644 0.8303361 0.2549382 0.30703014 0.26187253 2.4383843 17.105263
 95.6602 84.33547 77.11973 0.9144399 0.88161504 7.4472322 8.75
 117.81117 86.87532 79.33658 0.91322345 0.73741156 6.3692174 16.17647
 106.952774 91.37677 84.13889 0.9207908 0.85436565 6.2891498 7.352941
 74.93376 73.90618 68.49628 0.9268004 0.9862868 5.8113513 9.375
 38.438347 37.118477 34.567825 0.9312835 0.96566266 5.9680657 1.5625
 96.85848 64.60964 58.967247 0.9126695 0.667052 5.664069 10.9375
 76.11517 72.875175 63.73356 0.87455785 0.957433 3.4935348 10.416667
 1.0 39.9245 35.378204 32.259876 0.91185737 0.88612765 275.08157 11.745925 106.0
