 2.7229958 0.64207584 0.21880467 0.340777 0.23579758 3.7848332 16.666666
 1.5173693 0.3510323 0.10061957 0.28663906 0.23134269 2.1163037 16.666666
 3.0052288 0.6328466 0.09598588 0.15167321 0.21058184 1.4698431 16.666666
 1.113007 0.24670066 0.04719776 0.1913159 0.22165239 2.0668235 26.923077
 1.8770248 0.5694064 0.107744455 0.18922241 0.30335584 1.5072469 15.476191
 49.290573 7.117021 2.2627282 0.31793192 0.1443891 2.8924026 19.318182
 6.0180135 1.35726 0.20114371 0.14819835 0.22553289 1.4331911 15.909091
 2.3067052 0.66641676 0.14977878 0.22475243 0.2889042 1.7090322 18.75
 0.6945847 0.23937432 0.03883896 0.16225198 0.3446294 1.77335 21.875
 1.6911808 0.39954334 0.0900932 0.22549042 0.23625112 2.370182 21.875
 1.0356339 0.17180878 0.028799552 0.16762562 0.16589722 1.9070088 21.153847
 1.861304 0.42421526 0.08208418 0.19349654 0.22791292 1.5001457 20.0
 1.2223841 0.29101175 0.06043027 0.20765577 0.23806898 1.6033181 23.076923
 6.811426 2.5950763 1.6060567 0.6188861 0.3809887 4.0837636 14.772727
 0.6609797 0.19520843 0.044255663 0.2267098 0.29533195 2.170495 22.5
 0.7565986 0.17061283 0.042387523 0.24844277 0.2254998 3.4903872 20.454546
 0.74800825 0.12728454 0.025456907 0.2 0.17016461 1.8 21.875
 59.555565 49.660225 46.50387 0.93644094 0.8338469 9.06304 12.5
 0.104133636 0.034254484 0.017127242 0.5 0.32894737 2.0 75.0
 1.8813678 0.34081158 0.086432934 0.25360915 0.18115096 1.8102593 20.833334
 2.6350493 1.550614 0.3245971 0.20933457 0.5884573 1.7172229 16.666666
 1.2056563 0.38618407 0.12061426 0.31232324 0.32031026 1.833234 25.0
 1.0 6.7597632 3.0985901 2.3752294 0.7665516 0.45838737 22.63262 21.998163 22.0
