 13.171817 12.503122 11.274627 0.9017449 0.9492329 6.8701906 19.047619
 2.9180062 0.6368076 0.19161625 0.30090132 0.21823382 1.5519269 12.5
 2.384214 0.6300012 0.10547447 0.16741948 0.26423854 1.738859 21.052631
 5.457779 1.6012383 0.30796015 0.19232623 0.29338643 1.5929369 18.181818
 87.87723 62.008167 56.757908 0.9153295 0.70562273 8.64154 19.318182
 54.66913 52.57611 48.951492 0.9310596 0.9617148 9.012566 1.1363636
 14.082542 12.3834 10.16242 0.8206486 0.87934405 9.998454 11.363636
 81.22289 72.90542 67.7464 0.9292368 0.8975969 9.041267 11.363636
 113.80411 105.17358 98.045845 0.9322289 0.9241632 8.950933 1.1904762
 113.10371 114.92193 104.69603 0.9110187 1.0160757 5.933334 1.5625
 97.42937 95.14769 89.85006 0.9443221 0.9765812 8.990271 3.409091
 28.430122 28.620676 26.358076 0.9209453 1.0067025 9.338801 6.818182
 116.98056 113.461624 106.70298 0.94043237 0.9699186 9.001217 1.1363636
 108.90193 106.20541 99.9187 0.94080615 0.975239 8.950286 4.5454545
 3.6983082 1.4486091 0.8295552 0.57265633 0.39169508 3.0965896 15.909091
 110.42937 103.58382 96.932076 0.935784 0.9380097 8.703113 1.1363636
 5.3279276 4.9583077 4.5546565 0.91859096 0.930626 7.505773 15.909091
 115.83905 117.40258 109.27623 0.93078214 1.0134975 8.1547365 8.75
 115.0907 112.03166 105.9548 0.9457576 0.9734207 8.83915 0.0
 13.540798 12.492094 10.43503 0.8353307 0.9225523 10.030248 11.363636
 9.679504 8.950117 8.0316725 0.89738184 0.9246462 8.430368 6.818182
 66.167725 63.71897 59.50208 0.9338205 0.9629918 8.821819 1.1363636
 1.7782966 0.92214334 0.72571045 0.78698224 0.5185543 8.251368 20.588236
 106.74942 100.2237 92.00828 0.9180292 0.9388688 7.6023817 3.75
 63.15676 61.817852 58.11281 0.9400652 0.9788002 9.349177 3.409091
 117.20241 112.88891 106.40456 0.94255984 0.96319616 8.871327 3.409091
 124.5311 118.97456 109.61762 0.92135346 0.9553804 7.441894 6.5789475
 109.7973 115.31842 106.9807 0.92769825 1.0502846 5.235411 0.0
 108.57823 107.14865 99.6902 0.93039155 0.98683363 6.010094 1.5625
 124.140945 124.51355 112.65132 0.9047314 1.0030015 5.038253 1.7857143
 114.76463 110.74351 98.74014 0.8916111 0.96496195 4.492549 1.9230769
 66.328865 65.67744 58.76983 0.8948253 0.9901787 4.542686 0.0
 1.0 69.28859 66.29969 61.258965 0.9239706 0.9568631 505.00067 7.395479 32.0
