 17.674892 13.715477 12.759171 0.9302754 0.77598643 7.8843393 4.7619047
 15.907113 10.24062 7.9516497 0.7764813 0.6437761 7.0485177 15.909091
 17.383974 14.462622 13.505483 0.9338198 0.83195144 8.547726 7.9545455
 108.89431 102.39295 91.09135 0.8896252 0.9402966 4.542128 9.615385
 108.25879 107.2128 97.21909 0.90678626 0.9903381 5.006396 1.7857143
 14.538347 14.224048 13.575363 0.9543952 0.9783814 8.638383 7.9545455
 18.631182 16.971273 15.603032 0.91937894 0.910907 8.061876 6.818182
 107.47533 101.07153 94.7616 0.9375696 0.94041616 7.950367 3.75
 117.05118 104.687935 98.01936 0.9363005 0.8943774 8.047375 6.25
 112.275505 106.73324 98.832306 0.92597497 0.9506369 7.998051 2.5
 114.75086 105.22233 98.140976 0.93270105 0.9169633 7.8586826 5.0
 125.678085 118.22029 106.21977 0.89849013 0.9406595 4.9180613 1.7857143
 111.35836 107.802826 100.27488 0.9301693 0.9680712 7.837013 0.0
 108.660385 98.195656 91.14094 0.9281565 0.90369326 8.066146 7.5
 115.16492 108.30509 101.14869 0.9339237 0.94043475 8.126061 1.25
 20.39983 17.95417 16.639591 0.9267814 0.8801137 9.679287 7.9545455
 4.6328034 2.343807 1.3922718 0.5940215 0.50591546 7.165042 18.181818
 111.69449 78.045815 71.286064 0.9133874 0.6987437 7.7098117 12.5
 6.3430204 4.592459 3.6714134 0.7994439 0.72401774 5.4390855 14.772727
 118.10613 111.606575 104.24634 0.93405193 0.94496846 7.566436 3.9473684
 17.015991 12.224302 5.3464684 0.4373639 0.71840084 3.2766457 14.772727
 87.562645 81.501755 75.53477 0.9267869 0.9307823 7.722361 6.25
 19.396385 13.714073 12.199685 0.8895741 0.70704275 8.1201 12.5
 13.29969 11.695558 11.150955 0.9534351 0.8793857 8.41433 11.363636
 116.11955 108.40596 101.54289 0.93669105 0.933572 8.115504 10.0
 109.83689 104.36728 96.42619 0.9239121 0.9502024 6.6259246 5.882353
 98.8552 89.77795 82.40193 0.9178416 0.9081762 7.561302 6.5789475
 14.318108 9.508002 7.415964 0.77997077 0.6640544 5.116934 10.227273
 106.46184 89.90004 83.2616 0.9261575 0.8444344 7.9371505 15.0
 28.844204 23.92157 21.48946 0.8983298 0.8293372 10.080021 6.818182
 13.817614 9.827824 9.00902 0.9166852 0.7112533 7.8612833 13.636364
 107.687614 98.45867 92.14162 0.93584055 0.91429895 8.057254 12.5
 101.70168 82.39233 76.228615 0.9251907 0.8101373 7.9822598 15.0
 111.97609 68.93929 62.21629 0.90247935 0.61566085 8.07575 14.772727
 10.96087 9.837145 9.425403 0.9581441 0.89747846 8.622423 4.5454545
 20.084269 18.85869 17.893555 0.94882286 0.9389782 8.926889 7.9545455
 77.66753 51.99355 48.30532 0.9290637 0.6694374 8.411003 13.636364
 118.43599 114.150696 107.32654 0.940218 0.96381766 7.92839 1.25
 118.48558 106.89211 99.67732 0.932504 0.9021529 8.125461 12.5
 26.755932 24.06554 22.498533 0.93488586 0.89944696 8.21077 6.818182
 25.089607 22.74091 21.28107 0.9358056 0.9063876 8.188225 5.681818
 122.20279 115.053925 107.18143 0.93157554 0.9415 7.9219513 1.25
 2.9940329 1.5273206 1.0582461 0.6928775 0.5101215 3.1055279 18.421053
 88.0005 78.76063 72.79625 0.9242721 0.89500195 8.191008 11.25
 123.70673 116.942986 109.74095 0.93841416 0.94532436 7.925871 7.5
 23.373016 20.40592 18.601131 0.91155565 0.8730546 8.56128 5.681818
 7.6574845 5.655753 4.924487 0.87070405 0.7385915 7.5973263 11.25
 112.60769 111.36181 98.06927 0.88063645 0.98893607 3.969989 2.0833333
 29.28063 27.674355 26.08942 0.9427291 0.9451421 8.599217 12.5
 7.3899417 5.480413 4.999299 0.91221213 0.7416043 7.8350205 13.636364
 95.8705 83.72682 78.01628 0.9317956 0.8733325 8.023799 3.75
 15.816678 15.25379 14.741043 0.9663856 0.96441174 7.7984324 4.5454545
 10.685479 6.3647547 4.7810845 0.75118124 0.5956452 7.929684 14.772727
 106.280945 93.34935 84.76028 0.90799 0.8783263 6.0036783 7.8125
 109.6167 103.01482 96.65225 0.9382364 0.939773 8.090507 1.25
 111.84351 106.235565 98.95733 0.93148965 0.949859 7.912695 2.5
 15.9772415 13.122709 11.862963 0.9040026 0.8213376 8.530929 10.227273
 105.26499 97.05073 90.22654 0.9296843 0.92196584 7.9378953 7.5
 76.82305 51.552788 43.406025 0.84197235 0.6710589 4.3761983 15.384615
 24.65883 16.840244 12.848203 0.7629463 0.6829296 9.508344 11.363636
 127.27638 124.333466 112.655495 0.9060754 0.97687775 7.6033792 2.5
 18.332737 12.087229 7.2822328 0.6024733 0.6593248 8.235701 12.5
 8.643529 7.0897546 5.2520494 0.74079424 0.8202384 10.496908 11.363636
 125.86138 118.72294 111.40529 0.9383637 0.9432833 8.064231 1.25
 126.90742 123.27599 111.346306 0.90322787 0.97138524 5.441354 1.6666666
 108.51625 103.599365 97.48935 0.94102263 0.95468986 8.077384 8.75
 18.997992 16.304342 15.096988 0.9259489 0.85821396 8.560897 9.090909
 114.10284 109.05485 100.882195 0.9250592 0.9557593 7.9773955 3.75
 4.405563 1.5504544 0.44405922 0.28640586 0.35193107 2.6309872 17.045454
 102.59014 95.60905 89.081505 0.93172675 0.9319516 8.254371 8.75
 115.238525 110.420456 97.76324 0.88537246 0.9581905 3.9011292 6.25
 122.7468 98.78721 34.58636 0.3501097 0.80480474 3.7794564 3.75
 107.113396 104.42192 98.164116 0.94007194 0.9748726 8.034474 6.25
 115.05317 109.19269 102.33643 0.93720955 0.9490628 8.005077 7.5
 112.10332 104.299515 97.9269 0.9389008 0.93038744 8.033313 3.75
 118.111664 96.5344 54.23636 0.5618345 0.8173147 3.4152083 3.9473684
 111.22441 106.513115 98.819016 0.9277638 0.9576415 7.1910233 1.3888888
 17.101675 14.990955 14.231727 0.94935423 0.8765782 7.044136 7.9545455
 106.434395 98.01738 91.73754 0.9359314 0.9209182 8.291403 16.25
 102.28931 99.239174 92.659874 0.9337026 0.97018135 7.6093435 2.631579
 111.84341 108.50876 101.42863 0.93475056 0.97018474 7.1621614 2.7777777
 110.94223 104.21551 97.59957 0.9365167 0.9393674 7.1869206 8.333333
 109.9045 100.9883 93.65859 0.92742026 0.91887313 7.0337424 12.5
 92.19572 89.15596 83.49634 0.93652 0.9670293 7.295631 5.5555553
 119.272354 112.56054 105.259 0.9351324 0.94372696 7.029686 2.7777777
 112.468445 106.375854 99.70512 0.93729085 0.94582844 7.216662 6.9444447
 108.77203 102.04603 95.127495 0.9322018 0.93816423 6.712154 1.4705882
 94.346176 89.39235 81.037285 0.9065349 0.947493 5.587145 10.0
 98.80758 93.13878 84.85725 0.91108394 0.9426279 6.0060496 4.6875
 107.458755 101.1647 90.46573 0.8942421 0.9414282 5.465128 5.0
 113.22693 105.736664 93.82914 0.8873851 0.9338473 4.9044147 8.928572
 116.5221 110.06008 97.4571 0.88549 0.9445426 4.2587166 3.8461537
 117.44139 104.689445 93.79142 0.8959014 0.8914187 3.8170261 2.0833333
 1.0 77.479095 70.415344 63.774998 0.90569746 0.90883017 496.0337 7.7613225 93.0
