 13.041605 11.640125 10.40818 0.8941639 0.8925378 8.734155 13.095238
 97.79926 65.612015 60.793606 0.9265621 0.67088455 9.373306 13.636364
 3.4305007 1.8095632 1.3240131 0.7316755 0.52749246 8.639302 19.047619
 97.65815 85.335 74.5198 0.87326187 0.87381333 9.077378 6.818182
 97.71915 94.8532 88.805626 0.9362428 0.9706716 9.663789 1.1363636
 107.884605 102.64285 96.12315 0.93648165 0.9514134 9.5562525 3.409091
 87.48719 57.417538 51.90046 0.90391296 0.6562965 9.186315 14.772727
 8.900286 5.7935357 5.3688097 0.9266897 0.65093815 9.877058 14.772727
 1.560998 0.73797643 0.5312943 0.7199339 0.4727594 7.1917095 18.333334
 4.507788 2.7425704 2.2859182 0.83349484 0.6084071 8.06632 15.909091
 98.98833 93.72513 87.560295 0.9342243 0.9468301 9.510099 1.1363636
 3.4124365 2.7232985 2.3043692 0.84616846 0.798051 9.380635 11.904762
 6.881858 5.5839133 4.8093715 0.8612905 0.8113962 9.286741 7.9545455
 1.2762842 0.46495435 0.17883384 0.3846267 0.36430314 4.3095145 20.833334
 108.81577 103.022255 96.40976 0.93581486 0.9467585 9.575195 5.681818
 92.87445 81.132515 75.36242 0.92888063 0.8735719 9.480358 6.818182
 73.77317 68.79226 64.799446 0.9419583 0.93248343 8.261655 7.9545455
 10.362364 9.839099 9.16145 0.931127 0.9495033 8.545364 12.5
 4.3700566 2.8064187 2.5729818 0.91682035 0.6421928 9.175872 17.045454
 94.76885 90.479 83.7227 0.9253274 0.95473355 9.455145 4.5454545
 7.5178723 6.5454173 5.689248 0.86919564 0.8706476 10.37065 15.909091
 99.48421 94.0725 87.65108 0.9317397 0.94560236 9.420473 10.227273
 99.41639 93.82736 87.53711 0.93295926 0.9437816 9.546217 7.9545455
 21.678457 18.56589 17.187311 0.9257468 0.8564211 9.790387 18.181818
 106.339 101.03539 88.85954 0.87948924 0.9501255 4.6402707 3.8461537
 8.2637205 6.808133 5.6984234 0.83700234 0.8238581 7.748817 12.5
 81.398476 78.796165 73.81773 0.93681884 0.96803004 9.500431 1.1363636
 10.762968 8.007357 7.5697517 0.94534963 0.74397296 8.500205 15.909091
 110.93815 104.63031 96.09135 0.9183892 0.9431409 9.623279 7.9545455
 97.9256 92.63859 85.050865 0.9180932 0.94600993 9.398133 1.1363636
 101.590904 93.67273 85.588806 0.91370034 0.9220582 9.336765 5.681818
 6.0110636 4.4284544 4.0721316 0.9195379 0.7367173 10.458985 14.772727
 102.11167 95.96365 89.49582 0.93260115 0.9397912 9.4901705 7.9545455
 1.9330279 0.8386035 0.4798906 0.5722497 0.43382898 4.9917126 17.1875
 1.8390932 0.52592283 0.16799966 0.31943783 0.28596857 2.4232476 17.647058
 16.071741 11.035187 10.0555105 0.9112225 0.68662053 9.047991 12.5
 19.970753 16.343653 15.298901 0.936076 0.8183794 9.460656 7.9545455
 100.75106 91.29191 83.77433 0.91765344 0.9061136 9.427694 13.636364
 16.23407 13.075163 12.1116905 0.9263128 0.8054149 9.245605 10.227273
 101.60017 94.57349 86.49825 0.9146142 0.93083984 9.400532 5.681818
 10.412641 7.8425612 7.055438 0.8996344 0.753177 9.413544 12.5
 101.47758 96.64549 89.69934 0.9281275 0.9523827 9.459108 1.1363636
 6.345825 2.0508137 1.1816124 0.57616764 0.32317525 7.08733 12.5
 18.470491 16.94725 15.553891 0.9177826 0.9175311 10.125096 10.227273
 106.00422 96.37355 87.725586 0.91026616 0.9091483 6.385541 14.0625
 98.26221 93.83979 87.61694 0.9336865 0.9549937 9.471469 5.681818
 19.730614 19.063549 18.168411 0.95304453 0.9661914 8.834297 14.772727
 12.708916 10.438686 9.569044 0.9166904 0.82136726 8.494441 14.772727
 101.38754 96.00689 89.18394 0.9289327 0.9469298 9.420762 9.090909
 89.97072 82.68731 77.13865 0.9328959 0.91904694 9.501913 3.409091
 1.8110771 0.41778496 0.10332429 0.24731451 0.23068315 1.8479887 16.25
 98.6259 94.0455 85.5361 0.90951824 0.95355785 9.298625 6.818182
 2.252473 1.6327074 1.4333844 0.8779188 0.724851 6.4680524 19.047619
 3.8933115 2.9525597 2.5880752 0.87655306 0.7583672 8.865616 13.636364
 4.4084864 1.4570788 0.56499255 0.387757 0.33051682 3.565513 16.666666
 25.236807 23.727448 21.958275 0.92543775 0.9401921 9.738424 7.9545455
 112.942276 105.82049 98.541985 0.9312183 0.9369432 9.522693 0.0
 108.21071 101.99147 90.62602 0.8885647 0.9425266 4.727173 1.9230769
 2.9563565 0.746876 0.17818731 0.23857683 0.25263393 2.0278714 19.318182
 18.1123 16.735838 15.596583 0.93192726 0.92400396 9.443572 14.772727
 12.134851 7.4907913 6.798438 0.90757275 0.6172957 9.030788 15.909091
 51.216946 43.75785 40.674866 0.92954445 0.8543628 8.956565 10.714286
 96.10811 91.11607 85.48832 0.9382353 0.9480582 9.334886 0.0
 102.52641 96.44081 88.90051 0.92181426 0.94064355 9.440759 0.0
 11.894584 3.5391126 2.0864186 0.58953154 0.29753983 6.6973195 15.909091
 77.364746 72.996315 68.82958 0.94291854 0.9435346 9.606037 3.409091
 102.70471 98.00836 91.69512 0.9355847 0.9542733 9.513897 3.409091
 11.088099 5.666737 4.5587316 0.804472 0.5110648 10.609766 17.045454
 1.6461481 0.2722756 0.039549768 0.14525639 0.16540164 1.565719 20.238094
 98.24505 94.6056 86.72709 0.9167226 0.9629554 8.228247 3.75
 94.92175 87.16549 79.98932 0.91767186 0.9182879 8.001603 2.5
 88.813934 68.518364 56.56356 0.82552403 0.77148217 4.3118324 5.769231
 110.238365 105.17239 96.70488 0.9194892 0.9540453 7.7794795 1.3157895
 97.97521 94.338394 86.34326 0.9152505 0.96288025 7.522218 1.3157895
 105.2391 91.48399 80.93167 0.88465387 0.8692966 5.328634 8.333333
 39.756474 18.930595 14.982481 0.7914427 0.4761638 5.020417 15.384615
 100.974 75.89232 66.060814 0.87045455 0.7516026 3.9391587 12.5
 1.0 55.498966 49.878548 45.70172 0.91626006 0.8987293 428.94028 10.095427 77.0
