 5.4405885 3.1230006 2.6347175 0.8436493 0.5740189 6.941053 19.318182
 7.1908593 5.271247 4.834919 0.9172249 0.73304826 9.19584 14.285714
 17.428358 17.283031 16.308289 0.9436012 0.9916615 8.427683 6.25
 95.38843 93.47103 87.56865 0.93685335 0.979899 5.933386 1.5625
 9.61202 7.3126626 6.7098174 0.9175615 0.76078314 8.749645 13.636364
 93.478714 86.62712 82.162094 0.948457 0.9267042 8.349255 4.5454545
 9.506042 7.4347644 4.394825 0.5911183 0.7821094 6.72924 13.636364
 35.619106 35.273914 33.32424 0.9447276 0.99030876 8.5569105 3.409091
 53.721928 46.20881 41.592167 0.9000917 0.8601481 12.512201 7.9545455
 2.7970524 0.66312253 0.12371487 0.18656412 0.23707907 1.6294769 15.909091
 4.5419846 2.6231565 1.9544892 0.74509054 0.57753533 8.1243515 13.636364
 105.948265 98.438354 92.41554 0.93881637 0.92911726 8.3495245 7.9545455
 22.456799 21.24988 20.569387 0.9679767 0.946256 8.654177 4.5454545
 25.241749 23.525736 21.954279 0.9332026 0.93201685 9.878955 0.0
 54.724674 51.30492 48.61063 0.9474848 0.93750983 6.997331 3.409091
 8.430246 7.3821573 7.1216393 0.96470976 0.87567514 8.471911 13.636364
 8.000715 4.924577 4.658148 0.945898 0.6155171 8.5041275 10.227273
 6.5380545 4.926828 4.694098 0.9527627 0.7535618 4.3445034 19.318182
 92.26732 84.08324 77.94504 0.9269985 0.9113003 5.572405 8.333333
 8.003786 7.4687963 6.9949517 0.9365568 0.9331579 8.162369 11.363636
 10.338997 6.0241747 5.6654825 0.9404579 0.5826653 6.4734616 17.045454
 1.6724806 0.42303318 0.11949492 0.28247175 0.2529376 3.715808 20.833334
 6.1530027 5.7593026 5.499263 0.95484877 0.93601495 8.811854 13.636364
 5.8224754 2.789535 1.9244324 0.68987566 0.4790978 5.734297 17.045454
 6.839144 6.7133913 6.4191055 0.9561643 0.9816128 8.326176 17.045454
 106.275246 77.64368 72.72289 0.9366235 0.73059046 8.149056 15.909091
 7.135918 6.716552 6.46412 0.96241647 0.9412316 8.365852 12.5
 3.070845 0.8583168 0.22539397 0.2626 0.27950507 1.8730385 19.047619
 2.25423 0.7185076 0.13851532 0.19278198 0.31873748 2.1216125 17.647058
 3.6394463 2.545982 1.8873903 0.7413212 0.69955194 4.0742755 18.181818
 6.3148665 4.9059563 4.573121 0.93215686 0.77689 6.7275453 15.909091
 6.4762115 6.2138186 5.158716 0.8302007 0.95948356 9.128317 16.666666
 89.43104 68.93005 62.29581 0.903754 0.7707621 3.9056833 14.583333
 10.629663 10.013488 9.604106 0.959117 0.9420324 8.594113 17.045454
 9.153615 8.270931 7.482366 0.9046582 0.90356994 8.11903 9.090909
 7.8248205 5.2040505 4.816809 0.9255884 0.66506964 4.960882 15.625
 86.64269 80.82049 75.540764 0.93467337 0.9328022 8.363972 11.363636
 17.85216 18.399036 17.60297 0.9567333 1.0306336 8.320687 9.090909
 36.709755 34.738697 32.872963 0.9462924 0.946307 7.491324 10.227273
 12.452777 11.309418 10.8882885 0.96276295 0.9081844 8.848158 9.090909
 6.506029 5.9020824 5.338271 0.9044725 0.9071712 8.834978 12.5
 1.7575381 0.571244 0.09974654 0.17461285 0.32502508 1.8899128 21.875
 5.7983527 4.074937 3.5422397 0.8692748 0.7027749 8.695876 17.045454
 10.449277 9.365349 8.826033 0.9424136 0.89626765 8.469711 14.772727
 112.331314 86.84855 81.961784 0.9437323 0.7731464 8.248656 12.5
 5.756515 2.609106 1.9026444 0.7292323 0.45324403 6.8934875 14.772727
 5.5563207 4.3215656 3.7814162 0.8750107 0.77777463 7.4035673 13.636364
 10.090044 8.517747 7.3468413 0.8625334 0.84417343 5.803752 12.5
 5.979045 3.0682845 2.5150063 0.8196783 0.513173 7.6606107 15.909091
 6.7311406 5.470159 5.1404896 0.939733 0.81266457 9.337454 13.636364
 7.923759 5.7206483 5.3332176 0.932275 0.72196144 8.509244 14.772727
 10.406825 8.385312 7.7361298 0.922581 0.8057512 10.136519 11.363636
 7.611052 6.4679465 6.1957235 0.95791197 0.84980977 8.403421 13.636364
 7.325693 4.672512 4.1596575 0.8902401 0.63782525 7.8541965 17.5
 7.452724 5.84357 5.349178 0.9153955 0.78408515 6.7829967 13.235294
 7.035225 5.751309 5.3396463 0.9284228 0.8175018 8.495863 17.045454
 106.36064 100.34178 95.88467 0.9555807 0.9434108 8.49078 6.818182
 3.2038155 0.91168296 0.24767803 0.2716712 0.28456163 1.8662193 17.045454
 3.273643 2.2290273 1.9969025 0.89586276 0.6809011 8.174999 17.045454
 14.194003 13.751686 13.006516 0.94581246 0.9688378 8.520746 10.227273
 10.196288 4.8524747 1.4315363 0.2950116 0.47590598 2.6794298 14.772727
 22.786314 23.468355 22.696938 0.9671294 1.029932 9.498816 2.2727273
 11.360598 8.0524235 7.6155157 0.94574213 0.70880276 8.834759 14.772727
 101.607574 75.345894 70.44569 0.9349638 0.74153817 6.390841 16.17647
 96.01362 89.62355 84.95472 0.94790614 0.9334462 8.372641 13.636364
 16.665667 15.6363125 14.802372 0.9466664 0.9382351 7.7703624 14.772727
 35.535297 36.19842 34.359776 0.9492065 1.018661 9.294442 12.5
 97.464165 85.194466 81.058784 0.95145595 0.87411064 8.401772 9.090909
 4.0783315 1.0624717 0.14246835 0.13409142 0.26051626 1.1757 14.772727
 1.9927614 0.7037451 0.16310467 0.23176667 0.3531507 2.284046 17.307692
 13.2413435 11.103694 9.801418 0.88271695 0.8385625 8.117789 13.636364
 27.797539 29.10977 27.863726 0.95719504 1.0472066 9.296619 6.818182
 10.4393425 5.084181 4.375002 0.8605127 0.48702118 7.6634836 17.045454
 55.49648 55.216278 53.26832 0.96472126 0.994951 8.511619 10.227273
 12.244358 2.4301946 0.77987105 0.3209089 0.19847465 4.1978292 13.095238
 93.033005 88.317635 83.25272 0.9426512 0.94931513 8.353071 9.090909
 91.18303 80.66056 75.22926 0.9326647 0.88460064 6.4907465 14.705882
 88.16557 84.3566 79.38306 0.9410414 0.95679754 8.6482935 7.9545455
 86.188385 84.04225 77.25633 0.91925585 0.97509944 5.0195723 1.7857143
 107.41536 87.76319 83.1034 0.9469049 0.8170451 8.38729 15.909091
 15.814958 14.034835 13.1375265 0.9360656 0.88744056 8.214577 9.090909
 7.6055927 6.576403 5.938389 0.90298426 0.8646799 8.826071 11.363636
 92.25041 56.64723 52.66442 0.9296911 0.6140594 8.408451 19.318182
 104.39156 78.513245 73.47818 0.93586993 0.7521033 8.396447 14.772727
 4.765288 3.3715727 3.197472 0.9483622 0.7075276 8.75617 13.636364
 73.708405 72.25627 69.28281 0.95884836 0.980299 8.478013 5.681818
 11.061011 9.407517 8.026697 0.8532216 0.8505115 7.392936 14.772727
 4.599012 2.508279 2.0885828 0.83267564 0.5453952 6.056787 13.636364
 46.25802 40.29408 36.548214 0.9070368 0.87107235 10.820363 12.5
 15.0606165 14.899013 14.381473 0.9652635 0.98926973 8.5689125 10.227273
 92.5468 90.63673 86.76807 0.9573168 0.979361 8.471389 9.090909
 13.18569 11.332268 6.4751177 0.57138765 0.8594368 5.8809342 13.636364
 7.5637236 5.995318 5.817559 0.9703503 0.7926411 7.93108 13.636364
 7.272669 3.0103097 1.3849378 0.46006486 0.4139209 4.348705 14.772727
 87.494316 84.79813 79.97393 0.94310963 0.9691844 7.687732 10.0
 92.704834 92.36387 88.82085 0.9616406 0.9963221 8.395346 1.1363636
 8.851791 7.2846932 6.7795453 0.93065625 0.8229626 8.074205 14.772727
 3.3355827 2.581606 2.4235964 0.9387941 0.7739595 7.7819667 19.318182
 89.2841 88.83353 84.864845 0.95532453 0.9949534 8.111326 0.0
 5.6786723 5.145143 4.8926277 0.9509216 0.90604687 8.615832 14.285714
 97.31232 80.00598 75.8111 0.9475679 0.8221568 7.6237206 10.0
 1.3850126 0.372825 0.099361256 0.26650912 0.26918525 2.800033 26.785715
 3.5623448 0.8630016 0.31738913 0.36777353 0.24225661 3.6874466 14.285714
 54.36619 51.908756 49.477573 0.95316434 0.9547984 8.4973955 9.090909
 24.117388 22.055851 20.270208 0.91904 0.91452074 8.855632 9.090909
 19.988287 19.19638 18.092154 0.9424773 0.9603815 8.217601 8.333333
 4.670311 3.4136646 2.9881907 0.8753615 0.7309287 8.511431 12.5
 17.351149 10.548699 7.5863695 0.7191758 0.6079539 5.217436 13.333333
 79.91873 71.27663 66.97382 0.93963236 0.8918638 7.317933 12.5
 11.570126 10.271843 9.557098 0.9304172 0.88779 6.7124276 11.111111
 103.13426 103.58492 93.820984 0.9057398 1.0043696 5.187926 8.333333
 17.777025 18.1599 16.51273 0.9092962 1.0215377 5.501538 9.375
 5.321756 4.846892 4.317345 0.8907451 0.91076934 5.7862782 12.5
 100.74186 104.71201 95.79756 0.914867 1.0394092 4.6352334 1.7857143
 2.978083 0.781415 0.25454995 0.32575515 0.2623886 1.5322 21.875
 64.54705 62.182213 57.30955 0.92163897 0.9633626 4.596394 1.7857143
 9.17528 9.029379 8.4890175 0.9401552 0.9840985 4.828491 8.928572
 8.397519 7.1575017 6.3386636 0.8855972 0.8523353 4.4002337 13.461538
 101.58452 100.71337 92.02326 0.9137144 0.99142444 4.616795 7.142857
 13.624522 11.416228 10.153449 0.8893873 0.8379177 3.5304134 12.5
 1.0 32.971924 29.19691 27.160805 0.930263 0.88550824 219.39339 12.325548 120.0
