 15.811623 15.892863 15.369713 0.9670826 1.005138 8.293401 13.636364
 19.163778 18.486448 17.599754 0.9520354 0.9646557 8.734524 11.363636
 4.6961093 1.2793571 0.3199667 0.2500996 0.27242917 2.6892245 15.476191
 6.0895047 4.5348353 4.316441 0.9518408 0.7446969 8.4663515 9.090909
 93.90642 71.39699 66.435135 0.93050337 0.7602993 8.882937 14.772727
 19.6964 19.084864 18.128796 0.94990444 0.9689519 9.218983 1.1363636
 6.3447027 2.9404953 2.371726 0.8065737 0.46345672 6.9730525 13.095238
 8.950711 6.3458657 5.6095653 0.8839717 0.70897895 8.3309355 9.090909
 11.848383 5.4234424 4.100393 0.7560499 0.4577369 8.959002 15.909091
 6.3045044 1.8404905 1.0555366 0.5735083 0.2919326 5.1311994 15.909091
 21.601448 19.173141 17.539913 0.91481686 0.887586 4.953492 5.357143
 14.62634 13.627174 13.005178 0.9543562 0.9316873 9.370123 12.5
 17.02254 15.863459 15.097866 0.9517386 0.93190914 9.111516 7.9545455
 20.123827 19.292295 18.465792 0.9571589 0.95867926 8.906445 1.1363636
 23.438398 22.8138 21.816933 0.95630413 0.9733515 8.810484 3.409091
 11.685142 10.560888 9.807893 0.9286997 0.90378773 5.2185836 3.5714285
 12.933121 10.317368 9.51912 0.9226307 0.79774773 9.434142 14.772727
 19.572935 18.144972 17.159437 0.9456855 0.927044 8.692112 6.818182
 7.545624 2.838025 1.4916027 0.52557766 0.37611535 5.061333 18.181818
 20.338741 19.377138 18.540537 0.9568254 0.9527206 9.165108 6.818182
 9.344914 5.843608 5.4937177 0.9401243 0.62532496 8.625369 14.772727
 18.012096 15.853616 14.995967 0.945902 0.880165 8.68889 4.5454545
 11.871234 10.1179695 9.584997 0.94732416 0.8523098 8.873674 12.5
 11.865761 11.176476 10.760993 0.96282524 0.94190973 8.3461895 15.909091
 12.16691 10.036356 9.494631 0.9460237 0.8248895 9.164011 13.636364
 5.283544 3.8573043 3.5054731 0.9087883 0.73006004 8.17829 14.772727
 10.111372 8.2678385 7.7972937 0.94308734 0.81767726 9.146037 15.909091
 15.092788 13.189523 12.536183 0.9504653 0.8738957 9.00795 10.227273
 8.890119 7.9598722 7.4573627 0.9368696 0.8953617 9.021159 10.227273
 8.074923 4.58444 3.8724892 0.84470266 0.567738 7.097753 14.772727
 10.835093 8.454023 7.947079 0.94003516 0.78024465 9.263926 14.772727
 22.50155 21.744678 20.633312 0.9488902 0.96636355 8.827384 3.409091
 99.34059 75.22478 66.60305 0.8853871 0.7572411 4.3459353 13.461538
 13.92718 11.708824 10.663174 0.9106955 0.8407175 9.772196 7.9545455
 11.702245 10.6823015 10.086349 0.9442111 0.91284215 9.177154 5.681818
 6.2881002 4.2788954 3.9488864 0.9228751 0.6804751 8.50463 12.5
 11.759904 10.605202 10.037986 0.9465153 0.90181017 9.12948 5.681818
 13.422764 12.222566 11.5560665 0.94546974 0.91058487 8.965833 9.090909
 6.8666134 6.1884413 5.665226 0.9154528 0.90123636 8.563337 13.636364
 7.283969 2.8082528 2.2449849 0.79942405 0.38553885 7.9331956 19.318182
 18.466215 17.89712 17.102781 0.9556164 0.9691818 8.902358 6.818182
 13.321596 7.363808 5.613234 0.76227325 0.5527722 7.924223 12.5
 18.983337 17.036892 15.996349 0.93892413 0.8974656 9.118541 6.818182
 12.793588 11.730411 11.074495 0.9440842 0.9168977 8.928929 7.9545455
 11.839031 8.667212 8.045119 0.9282246 0.7320879 8.715286 15.909091
 15.966666 14.659461 13.909005 0.94880736 0.91812915 8.883563 9.090909
 9.102556 8.481335 8.041662 0.94815993 0.93175304 9.040525 14.772727
 15.062747 13.275731 12.590517 0.94838595 0.8813619 8.554262 12.5
 23.999205 23.08588 21.902576 0.9487434 0.96194357 9.001459 1.1363636
 7.834938 7.3166203 6.8583074 0.93736005 0.93384534 7.687291 12.5
 8.787524 5.700921 4.9778924 0.87317336 0.64875174 7.8280497 15.909091
 13.832657 11.1894045 10.456903 0.9345362 0.80891216 8.777137 12.5
 8.289008 6.321701 5.680158 0.8985173 0.76266074 8.807299 13.636364
 8.7412615 7.7506223 7.2154026 0.9309449 0.88667095 8.507601 10.227273
 17.606783 17.143875 16.372091 0.9549819 0.97370857 9.419796 5.681818
 91.39735 82.848724 78.50356 0.947553 0.90646756 8.982795 3.409091
 24.88572 14.598388 13.687679 0.9376158 0.5866171 9.306465 9.090909
 9.272424 8.037787 7.2244873 0.89881545 0.8668486 7.9280763 3.409091
 10.624143 8.831864 8.353934 0.94588566 0.83130145 8.461927 9.090909
 12.624439 11.286576 10.7751665 0.95468867 0.8940259 8.958274 6.818182
 10.755705 10.393122 9.822394 0.94508606 0.9662893 8.617116 9.090909
 22.68778 19.035503 16.904108 0.8880305 0.8390201 3.6300945 10.416667
 8.261447 8.084545 7.554026 0.9343786 0.9785871 8.425474 14.772727
 19.029533 16.628325 15.826955 0.95180696 0.8738168 9.215484 10.227273
 3.0657942 0.622908 0.17147273 0.2752778 0.20317997 2.3302221 19.318182
 10.976009 7.042439 6.2732344 0.8907758 0.64162105 9.635573 12.5
 9.405177 9.552004 9.076651 0.9502353 1.0156112 9.062283 5.681818
 8.801108 7.0599246 6.4077725 0.90762615 0.8021632 9.694088 14.772727
 31.079107 24.541225 22.49387 0.91657484 0.7896374 9.014744 11.363636
 16.136269 13.452898 12.615716 0.93776935 0.8337057 8.649963 12.5
 24.195059 23.333761 22.168924 0.9500794 0.9644019 8.864068 0.0
 18.470226 17.89223 16.893375 0.94417393 0.9687065 9.084593 5.681818
 16.794428 13.273535 12.236431 0.92186683 0.7903535 9.246383 13.636364
 13.066059 11.027813 10.13699 0.91922027 0.8440046 7.3032765 9.090909
 15.411618 13.8974695 13.158226 0.94680727 0.9017528 8.814928 2.2727273
 10.49814 9.655053 9.071428 0.9395523 0.9196918 8.866345 11.363636
 6.7015553 3.4189382 2.9563332 0.86469334 0.5101708 7.165423 11.363636
 19.63201 17.665644 16.404398 0.9286046 0.8998388 9.057398 10.227273
 31.77508 30.287918 28.844385 0.95233965 0.95319724 8.641433 5.681818
 19.832241 19.125942 18.303123 0.9569789 0.9643863 9.158061 14.772727
 7.8950377 5.593753 5.066031 0.9056587 0.708515 8.646893 13.095238
 4.4310837 1.8947356 1.0503521 0.5543529 0.42760092 5.7366056 14.772727
 11.653611 7.1457853 5.95011 0.832674 0.61318207 8.186029 12.5
 104.6102 88.0142 83.036804 0.9434478 0.8413539 8.830539 9.090909
 17.463814 16.965515 16.140701 0.95138294 0.9714667 9.039814 5.681818
 22.661638 21.286665 20.268518 0.95216966 0.939326 8.820386 11.363636
 1.5493977 0.414776 0.1171319 0.28239796 0.26770145 3.3138688 23.529411
 10.489006 9.628778 9.09159 0.9442102 0.91798764 8.685642 10.227273
 5.722367 2.5704207 1.7552717 0.68287325 0.4491884 6.6149173 17.857143
 13.525963 11.039065 10.482196 0.9495546 0.816139 9.071867 14.772727
 24.487917 7.6276283 2.74154 0.35942233 0.31148538 5.857955 18.181818
 11.0791 10.480808 9.949968 0.94935125 0.9459982 8.960349 10.227273
 14.082933 10.494709 8.987773 0.85640997 0.74520755 5.1327777 12.5
 16.910755 15.899734 15.081238 0.9485214 0.9402143 8.966009 6.818182
 14.797108 12.263274 11.55755 0.94245225 0.8287616 8.938681 9.090909
 11.540204 10.119973 9.466773 0.9354543 0.87693197 8.857676 7.9545455
 10.810933 7.930503 7.394913 0.9324646 0.7335632 8.9851265 14.772727
 64.51703 42.25522 39.792305 0.94171333 0.65494674 8.920184 13.636364
 101.952705 98.77566 93.92892 0.9509318 0.9688381 8.989063 3.409091
 19.574974 18.62383 17.790394 0.9552489 0.9514102 8.460783 4.5454545
 13.558756 12.871802 12.16049 0.9447387 0.94933504 8.99544 7.9545455
 96.67352 93.465515 88.98296 0.9520406 0.9668161 8.912225 1.1363636
 94.14274 77.38574 72.65751 0.9389005 0.8220044 8.860815 14.772727
 24.560429 23.348883 22.154264 0.94883615 0.9506708 8.937331 3.409091
 18.230532 16.795328 15.513756 0.92369473 0.92127466 8.649483 13.636364
 22.601028 23.461338 21.622257 0.92161226 1.0380651 6.0091996 2.9411764
 20.665977 20.284468 19.320866 0.95249563 0.98153925 8.927225 6.818182
 14.642646 12.4368725 11.704951 0.9411491 0.84935963 8.73216 6.818182
 1.3576316 0.4841007 0.119805515 0.24748056 0.3565774 2.8020275 18.333334
 24.420256 23.93782 22.668388 0.9469696 0.9802445 8.947644 13.636364
 10.948066 9.33343 8.844842 0.94765186 0.8525186 8.876761 12.5
 12.06979 9.952723 9.13066 0.91740316 0.8245979 9.437977 13.636364
 1.659201 0.40096903 0.044681523 0.111433856 0.24166392 1.1805593 23.4375
 8.692557 7.149361 6.3825727 0.8927473 0.8224693 9.050842 14.285714
 87.70652 81.64772 76.94324 0.9423807 0.93091965 9.024155 2.2727273
 15.843284 15.938517 15.12076 0.9486931 1.0060109 9.052687 10.227273
 12.686485 12.024047 11.438535 0.9513049 0.9477839 9.059447 6.818182
 8.068963 5.159377 4.7398477 0.91868603 0.6394102 8.902863 14.772727
 8.256294 2.150206 0.9682203 0.45029187 0.26043236 4.495212 14.772727
 17.276472 16.125566 15.264607 0.946609 0.93338305 8.85323 5.681818
 4.590536 1.9641811 1.5060769 0.76677096 0.42787617 8.038134 21.25
 9.157227 6.996213 6.520417 0.93199235 0.7640101 8.991706 18.181818
 11.5254 10.633487 10.087432 0.9486477 0.9226132 9.21384 5.681818
 13.597394 11.384454 10.745564 0.9438805 0.8372526 8.92743 13.636364
 106.06394 92.99097 87.53925 0.9413737 0.8767444 8.897813 12.5
 2.7113245 0.5855603 0.09944494 0.16982868 0.21596837 1.5700848 19.736841
 2.8803322 0.9560459 0.32845905 0.34355992 0.3319221 4.450433 17.045454
 13.958852 11.112879 10.448581 0.9402227 0.79611695 8.661405 12.5
 21.563581 19.838305 18.795403 0.9474299 0.91999114 8.784642 11.363636
 23.560654 20.599272 19.549377 0.9490325 0.8743081 8.987669 13.636364
 9.341978 6.1196227 5.645346 0.92249906 0.6550671 7.912242 14.772727
 85.80142 80.783104 75.64654 0.9364153 0.9415124 6.4388213 1.4705882
 5.808284 4.1314087 3.7631617 0.9108664 0.711296 9.402487 15.909091
 21.672678 18.449291 17.645838 0.9564507 0.8512696 9.094755 13.636364
 4.7718196 1.5344784 0.79737973 0.5196422 0.32157093 5.0272365 17.857143
 13.347867 11.583174 10.82809 0.934812 0.8677921 9.185599 5.681818
 109.79094 79.21085 70.751816 0.89320856 0.7214699 5.226269 13.333333
 2.811967 0.7302437 0.12326137 0.16879484 0.25969142 1.3697801 16.666666
 11.487387 11.004279 10.421684 0.9470574 0.9579446 8.70315 15.909091
 19.359243 16.323658 14.739103 0.9029289 0.84319717 5.428836 15.0
 7.4261823 5.3123584 4.918094 0.9257836 0.7153553 9.87449 17.045454
 11.35799 10.346479 9.737644 0.9411554 0.91094273 8.953339 11.363636
 12.532505 11.586222 11.017204 0.95088845 0.9244937 8.635658 5.681818
 10.732858 8.007128 7.405273 0.9248351 0.7460388 7.982766 16.666666
 11.877958 11.214739 10.413197 0.9285278 0.94416386 9.553412 7.9545455
 16.904173 15.345637 14.519161 0.9461426 0.90780175 8.876938 18.181818
 6.457339 3.4536276 3.1522956 0.9127491 0.5348376 8.014026 14.772727
 22.282764 21.399576 20.337324 0.9503611 0.96036446 9.094507 5.681818
 7.7247195 5.803051 5.4515877 0.93943477 0.7512313 8.894076 10.227273
 17.624922 15.642731 14.648929 0.9364687 0.8875348 7.502755 7.894737
 7.8925266 4.444314 2.6500106 0.5962699 0.56310415 6.8312497 14.772727
 15.260485 14.59317 13.848823 0.94899344 0.9562717 8.814223 6.818182
 16.909761 15.223385 14.391266 0.9453394 0.9002721 8.930961 13.636364
 21.244804 20.344446 19.225311 0.9449907 0.9576198 9.045061 3.409091
 16.391516 14.689642 13.949936 0.9496444 0.89617354 8.990113 6.818182
 7.9356956 4.718129 4.3282866 0.91737354 0.5945451 9.332091 13.636364
 10.177379 8.771615 8.364245 0.9535582 0.86187375 9.685158 10.227273
 10.4453125 6.026458 5.3672824 0.89061975 0.57695335 8.932999 17.045454
 14.811584 13.003434 12.215069 0.93937254 0.8779232 9.4210825 13.636364
 28.048866 26.659979 25.377745 0.9519041 0.9504833 9.025645 3.409091
 15.719526 13.855363 13.216934 0.9539219 0.881411 9.187845 9.090909
 8.917641 7.029903 6.6392508 0.9444299 0.7883142 8.197895 17.045454
 14.451238 13.604397 12.940047 0.95116657 0.9414001 9.724091 9.090909
 21.119396 19.836163 18.8293 0.949241 0.93923914 8.79187 10.227273
 24.773876 23.624819 22.611185 0.9570946 0.95361817 9.122728 12.5
 83.81228 66.57158 62.185215 0.9341105 0.79429394 8.997907 13.636364
 9.208732 5.939144 5.2153563 0.87813264 0.644947 8.158592 17.045454
 17.41532 16.365028 15.536793 0.94938993 0.9396915 8.820705 0.0
 10.522923 8.598956 8.1205 0.94435877 0.8171642 8.911848 6.818182
 18.656874 17.252926 15.385013 0.89173347 0.9247491 8.895063 10.227273
 13.68106 10.620808 9.848556 0.9272888 0.7763147 9.20676 15.909091
 13.096201 12.002318 11.269557 0.93894833 0.9164733 8.78495 10.227273
 12.283392 5.2211666 4.3987427 0.84248275 0.425059 4.137851 14.772727
 8.615887 5.511497 5.039655 0.91438955 0.63969004 9.081446 14.772727
 20.894325 19.22895 18.2169 0.94736844 0.92029536 8.800588 7.9545455
 10.82563 8.161654 7.5444717 0.9243802 0.7539196 8.9478 17.045454
 10.396555 9.463222 9.004893 0.9515674 0.91022664 9.002258 9.090909
 11.737385 9.960748 9.348025 0.9384863 0.8486343 9.00886 12.5
 9.409124 2.8085096 1.8227417 0.6490067 0.29848787 6.156326 17.045454
 8.376089 6.8264256 6.493606 0.9512454 0.81498957 8.961149 12.5
 8.8888035 7.0401306 6.6498923 0.94456947 0.7920223 9.256007 14.772727
 7.0446606 5.1649356 4.51216 0.87361395 0.7331703 7.76505 12.5
 20.513813 19.741089 18.668196 0.94565177 0.9623315 8.692974 9.090909
 12.632115 11.874575 11.332614 0.9543596 0.9400305 8.998961 10.227273
 10.169292 7.9865017 7.3529387 0.92067075 0.78535473 9.388739 10.227273
 16.993973 16.38764 15.632248 0.9539048 0.96432066 9.01901 6.818182
 21.914536 20.14814 19.13101 0.9495174 0.9193962 8.911352 4.5454545
 14.312339 5.458957 4.670211 0.85551333 0.38141614 8.160605 19.318182
 13.083307 11.989865 11.491889 0.95846695 0.91642463 9.19074 11.363636
 14.363235 13.557086 12.612989 0.9303614 0.9438741 8.222498 11.363636
 8.885183 8.36015 7.797015 0.93264055 0.9409092 9.384307 11.363636
 17.486534 17.080666 16.350416 0.95724696 0.9767897 9.029483 6.818182
 21.367508 20.030363 18.926247 0.94487786 0.93742156 8.694899 3.409091
 29.925238 29.771683 28.202028 0.94727695 0.99486864 9.250085 5.681818
 11.010468 8.558635 8.062771 0.9420628 0.777318 10.015319 12.5
 17.645866 16.370298 15.649202 0.955951 0.92771286 8.497458 14.772727
 88.7614 81.86257 78.00456 0.9528721 0.92227674 9.046514 12.5
 8.848767 6.336208 5.5650253 0.8782896 0.7160554 8.818114 14.772727
 3.3749094 1.1516298 0.82354516 0.71511275 0.3412328 6.4677343 16.666666
 15.751346 14.98714 14.286762 0.9532681 0.95148313 9.009642 2.2727273
 9.514913 4.9000916 4.265581 0.8705104 0.5149907 7.9434366 14.772727
 15.695243 14.15935 13.469179 0.9512569 0.90214276 9.1709175 15.909091
 12.875857 9.652419 9.1393385 0.9468443 0.74965256 8.900616 14.772727
 10.611195 7.272701 6.4548435 0.8875442 0.68538 8.160362 15.909091
 9.213568 8.999358 8.4481325 0.9387483 0.9767507 8.3598175 8.75
 16.00093 13.890187 13.407941 0.96528155 0.86808616 8.9416065 12.5
 7.591013 5.910277 5.385115 0.9111443 0.7785887 8.556494 8.333333
 102.17146 95.09555 90.41279 0.9507573 0.9307447 9.077466 4.5454545
 10.618678 4.917553 3.983826 0.8101236 0.4631041 7.287935 16.666666
 9.550347 8.895565 8.57694 0.96418154 0.93143886 8.938888 11.363636
 10.731687 7.937084 7.3306875 0.92359954 0.7395934 9.36901 12.5
 13.939696 10.9140835 10.261206 0.94018024 0.78294986 8.97204 13.636364
 11.078719 8.065754 7.458618 0.9247267 0.72804034 9.064389 10.227273
 6.65482 5.363243 4.9409585 0.92126316 0.80591863 8.658266 14.772727
 19.927279 19.519703 18.536175 0.9496136 0.97954684 9.264186 11.363636
 14.445419 13.300807 12.536965 0.9425718 0.9207629 9.111997 6.818182
 21.782942 19.716188 18.687447 0.9478225 0.90512055 9.008479 10.227273
 15.265118 13.646342 12.928039 0.9473629 0.89395595 9.044241 15.909091
 18.770916 18.33168 17.008776 0.92783505 0.9766002 8.630593 10.227273
 14.4804735 12.82394 12.1926775 0.9507746 0.8856023 9.001216 12.5
 12.265871 10.50043 9.944208 0.9470287 0.8560689 8.836905 11.363636
 11.069544 9.667188 8.984906 0.929423 0.8733141 8.543713 16.666666
 8.430153 7.083492 6.5203047 0.920493 0.8402567 8.834682 13.636364
 15.592597 12.848413 11.941764 0.92943496 0.8240073 8.934511 11.363636
 25.489418 24.34747 23.156576 0.9510876 0.9551991 8.651805 13.636364
 24.109327 22.03985 20.857162 0.94633865 0.91416276 8.743274 6.818182
 15.985453 15.208105 14.454695 0.95045996 0.95137155 8.353229 10.227273
 16.227537 11.905125 11.052831 0.9284095 0.7336372 8.810285 19.318182
 16.327553 15.1983795 14.433057 0.9496445 0.93084246 9.057682 3.409091
 11.393146 9.511359 8.995404 0.94575375 0.8348318 9.397548 9.090909
 10.918332 9.89836 9.420891 0.95176274 0.90658176 8.864935 7.9545455
 28.103071 26.302359 25.028107 0.95155364 0.9359247 8.795788 1.1363636
 17.460278 16.652245 15.697311 0.9426544 0.9537217 8.9088125 4.5454545
 12.982585 13.153508 12.457811 0.94710946 1.0131656 8.891065 2.2727273
 92.83887 85.82868 79.72969 0.92893994 0.9244909 5.899874 6.25
 17.27629 15.738226 14.902771 0.9469156 0.9109724 8.667478 7.9545455
 90.04114 87.13697 82.5659 0.9475416 0.9677462 8.452287 1.1904762
 13.599079 11.070147 9.854225 0.8901621 0.81403655 7.2654934 13.75
 100.54903 98.15394 92.74027 0.94484514 0.97617996 8.098131 8.75
 15.239795 14.577047 13.853249 0.9503467 0.9565121 8.442581 10.0
 18.295921 17.211706 16.382841 0.9518429 0.94074005 7.9747562 12.5
 8.867026 7.995192 7.6482253 0.95660305 0.90167683 7.793222 9.210526
 99.02654 98.65119 91.177086 0.9242371 0.9962095 6.931245 4.1666665
 20.25469 21.808418 20.550797 0.94233316 1.0767095 6.519772 0.0
 13.479812 13.795896 12.650686 0.91698915 1.0234487 5.6655607 10.0
 16.063812 15.919445 14.787958 0.92892426 0.9910129 6.481172 1.4705882
 20.521498 20.908646 19.645031 0.93956494 1.0188655 6.164952 7.8125
 9.71225 9.037597 8.308844 0.9193643 0.93053585 6.4095 4.6875
 23.12638 23.63269 21.72678 0.9193528 1.0218931 6.0113897 3.125
 16.415424 13.253249 11.340609 0.8556851 0.8073656 5.420982 12.5
 21.759289 10.774777 8.508394 0.7896584 0.4951806 5.640129 5.0
 16.135931 15.958065 14.888032 0.93294716 0.988977 5.687914 5.0
 7.758582 4.8784804 4.132707 0.84713 0.6287851 4.1566896 14.285714
 15.624477 16.135643 15.32903 0.9500104 1.0327157 4.9278355 12.5
 96.07789 94.90039 86.784744 0.9144825 0.98774433 5.1297555 7.142857
 78.023285 58.461254 50.205853 0.8587885 0.74927956 4.037101 10.416667
 11.933699 11.475551 10.184684 0.88751155 0.9616088 4.276485 6.25
 1.0 20.329918 17.59309 16.391941 0.93172616 0.8653792 144.24734 10.737029 257.0
