 123.09992 123.6341 112.892876 0.91312087 1.0043393 4.2770824 3.8461537
 116.574745 120.29756 110.003105 0.9144251 1.031935 4.3113494 1.9230769
 120.44452 121.55405 110.107056 0.90582794 1.0092119 4.280021 5.769231
 98.99922 105.54737 101.311676 0.9598692 1.0661434 8.809474 3.409091
 5.4569354 3.781257 2.649149 0.7006001 0.6929268 3.881587 20.0
 112.9116 115.81248 106.13238 0.9164158 1.0256916 4.2853727 13.461538
 3.0324755 0.7685528 0.14059292 0.18293203 0.2534407 0.9456954 19.642857
 6.8916163 6.156158 5.8584547 0.95164144 0.8932822 8.334443 13.636364
 5.986406 4.52904 4.169148 0.9205368 0.75655407 7.1998324 12.5
 94.89229 102.162224 97.84485 0.95774 1.0766125 8.855191 1.1363636
 132.21378 135.15 123.23051 0.91180545 1.0222082 4.3417764 1.9230769
 124.386765 126.8241 115.58978 0.91141814 1.0195948 4.3111224 1.9230769
 103.206825 105.830894 101.01418 0.9544867 1.0254253 8.708408 11.363636
 91.63363 98.61962 94.28832 0.95608073 1.0762383 8.656692 3.409091
 14.056563 13.252681 11.914195 0.8990027 0.94281095 9.659346 11.363636
 119.916405 124.67509 113.57938 0.911003 1.0396833 4.2766514 1.9230769
 133.08652 134.47891 122.45989 0.9106252 1.0104623 4.2642183 5.769231
 84.91841 90.52526 84.80033 0.93675876 1.0660263 8.542534 2.2727273
 105.00351 103.6302 98.66065 0.9520453 0.98692137 8.490694 4.5454545
 3.4315104 1.1322604 0.66503793 0.5873542 0.3299598 6.620994 20.454546
 107.1942 107.270355 97.70611 0.9108398 1.0007104 4.295249 3.8461537
 102.77614 105.293724 96.09229 0.9126118 1.0244958 4.310218 1.9230769
 0.38648355 0.1017062 0.02542655 0.25 0.2631579 2.75 12.5
 117.441185 122.46309 111.586555 0.9111852 1.042761 4.3755665 1.9230769
 83.107994 87.855675 83.65037 0.95213395 1.0571266 8.832761 2.2727273
 115.07818 118.75175 108.65754 0.9149974 1.0319223 4.304105 3.8461537
 106.591194 110.565636 101.04768 0.9139159 1.0372868 4.3048396 5.769231
 4.595226 1.2347434 0.20795657 0.16842088 0.26870134 1.7502487 18.181818
 9.328269 10.038367 9.614716 0.95779675 1.0761234 8.697107 13.636364
 1.1377728 0.3266952 0.066881746 0.20472215 0.28713575 1.4480629 16.17647
 117.48456 120.93634 110.2437 0.91158456 1.0293807 4.369751 1.9230769
 101.82489 99.774895 91.04794 0.91253364 0.9798674 4.324097 7.6923075
 50.109055 44.427155 40.290493 0.9068889 0.8866093 5.841256 12.5
 14.877269 15.811894 15.271751 0.9658395 1.0628223 8.702085 6.818182
 130.8427 127.60723 113.86223 0.89228666 0.9752721 3.7941709 2.0833333
 122.57411 109.33947 103.08252 0.942775 0.89202744 6.8688536 14.705882
 23.112356 23.909359 16.138441 0.6749842 1.0344839 6.039233 4.6875
 72.66418 83.68411 76.35627 0.91243446 1.1516556 4.3547883 2.0833333
 106.63977 114.81873 98.133934 0.85468566 1.0766971 4.274859 2.0833333
 1.0 76.61305 78.01469 71.54858 0.91711676 1.0182949 428.14474 7.56216 39.0
