 4.018 3.1656349 2.8651948 0.90509325 0.7878633 8.272942 15.909091
 103.30778 109.76406 99.71197 0.90842086 1.0624956 4.6699095 1.9230769
 3.3553345 0.85367274 0.18384819 0.21536143 0.25442255 1.8675427 15.909091
 109.42948 113.40621 103.589386 0.9134366 1.0363406 4.441706 1.9230769
 141.69003 146.39948 133.73006 0.91346 1.0332376 4.4573717 1.9230769
 115.02288 116.28488 111.15847 0.9559151 1.0109717 8.768653 1.1363636
 129.57738 130.02055 122.47053 0.9419321 1.0034201 8.853587 1.1363636
 11.531542 10.214248 9.6182785 0.9416532 0.885766 9.467174 12.5
 1.3553176 0.41041723 0.15286058 0.37245166 0.30281997 3.2995088 19.444445
 3.834828 0.9707874 0.41734686 0.4299055 0.2531502 5.752323 18.75
 3.0472548 1.0775099 0.23580633 0.21884377 0.3536002 1.3570471 14.772727
 86.58006 41.306705 36.046017 0.87264323 0.47709262 8.207427 17.045454
 0.5510319 0.15767248 0.04717603 0.29920268 0.28614038 2.1496012 32.142857
 4.0596704 2.5536911 1.4262099 0.55848956 0.629039 6.6783175 14.772727
 2.1647022 0.54593164 0.1244941 0.22803973 0.25219712 1.5480546 16.666666
 2.139558 0.636417 0.16342446 0.25678834 0.2974525 3.8386025 17.5
 12.665027 11.972154 11.338566 0.9470782 0.9452924 8.926641 15.909091
 120.35579 119.18307 112.076324 0.9403712 0.9902562 8.578589 3.409091
 131.04266 135.85428 124.283875 0.9148323 1.0367179 4.443574 1.9230769
 121.19901 124.405014 113.32246 0.91091555 1.0264523 4.455717 0.0
 125.96507 130.35336 118.78579 0.9112599 1.0348374 4.4671025 1.9230769
 6.368643 3.0166183 2.3612168 0.78273636 0.47366735 6.743858 17.045454
 10.512067 10.9698715 10.4050255 0.94850934 1.0435504 8.962626 9.090909
 114.75112 115.13029 108.05939 0.9385835 1.0033042 8.671964 3.409091
 13.090702 12.96553 12.360181 0.9533109 0.9904381 8.807192 10.227273
 122.42129 128.05275 117.4504 0.9172033 1.0460006 4.4270735 1.9230769
 3.0808299 0.6371755 0.24576986 0.38571766 0.20681944 1.4796755 12.5
 3.8208787 1.2370335 0.47440544 0.3835025 0.32375628 3.386933 17.045454
 111.172615 115.37519 108.97525 0.94452935 1.0378023 6.8616743 2.7777777
 118.004814 122.203575 111.52259 0.91259676 1.0355812 4.458019 1.9230769
 3.5893388 1.3600285 0.62275124 0.4578957 0.37890783 4.053666 13.636364
 2.4307745 1.1204851 0.8906627 0.7948903 0.46095806 6.400434 17.045454
 1.0467788 0.6727607 0.5900656 0.877081 0.6426961 6.601543 15.909091
 2.6704345 0.77213246 0.52473533 0.6795924 0.28914115 6.148025 20.0
 117.96988 122.587616 111.99218 0.91356844 1.0391433 4.440049 1.9230769
 1.2682585 0.24037682 0.08141869 0.33871275 0.18953298 4.588168 18.75
 8.560574 6.627658 6.229887 0.9399831 0.7742073 8.800403 12.5
 3.0877244 0.8423706 0.23950894 0.28432727 0.27281275 2.2979212 14.772727
 2.8904545 1.0090308 0.38341737 0.37998578 0.3490907 4.1915274 15.476191
 4.5274777 2.2726758 0.8224275 0.36187628 0.5019739 2.7508993 17.857143
 3.4557629 1.4193562 0.50528276 0.3559943 0.4107215 3.9880705 19.318182
 108.74417 114.93888 105.089966 0.9143117 1.056966 4.453975 1.9230769
 143.57602 148.88214 136.31679 0.91560197 1.0369569 4.4261127 1.9230769
 115.29384 117.54693 107.27451 0.9126101 1.0195422 4.395105 0.0
 113.52508 115.502525 110.41308 0.9559365 1.0174186 8.80292 4.5454545
 2.135043 1.8409932 1.6648333 0.9043126 0.8622746 8.326738 18.421053
 72.42991 73.65301 70.091 0.95163804 1.0168866 8.831186 2.2727273
 119.354675 117.46205 108.935585 0.9274109 0.98414284 4.842198 8.928572
 2.3337734 0.64410025 0.093680814 0.14544447 0.2759909 1.4207144 19.047619
 10.654258 8.494096 8.017454 0.9438855 0.79724896 8.614777 12.5
 118.05748 121.81309 109.64366 0.90009755 1.0318117 4.0359497 2.0833333
 53.00308 12.0451765 8.750496 0.72647303 0.22725429 7.180004 14.285714
 90.244064 39.15875 34.01398 0.86861765 0.4339205 7.7818713 20.238094
 7.7481446 4.21374 1.7918078 0.4252298 0.54383856 3.5420692 20.0
 124.29396 127.163 120.57354 0.94818103 1.0230826 7.9385037 6.25
 121.57036 122.80988 111.90308 0.91118956 1.010196 5.368405 8.333333
 5.277694 2.3579988 0.9923433 0.4208413 0.4467858 2.5363932 15.384615
 3.4302113 1.2527287 0.51092494 0.40784964 0.36520454 3.4138725 15.384615
 22.02307 23.080524 21.266134 0.9213887 1.0480158 4.51642 3.8461537
 7.206623 6.5254774 5.8815036 0.90131396 0.90548337 4.177791 12.5
 1.0 52.141907 50.12389 45.99515 0.9176293 0.96129763 295.1084 10.960285 60.0
