 6.7378483 3.1829903 1.7431233 0.54763705 0.47240457 5.112199 17.045454
 108.91224 86.45025 81.30988 0.94053966 0.79376066 8.750306 14.772727
 7.340558 5.9039693 5.6337166 0.95422524 0.8042943 9.191723 16.666666
 90.91258 62.373096 58.947433 0.9450779 0.6860777 8.813125 11.363636
 104.13052 85.16553 79.75581 0.93648005 0.8178728 8.703404 15.909091
 21.692892 21.491993 20.309887 0.94499785 0.9907389 9.049954 5.681818
 17.66658 17.267092 16.537714 0.95775914 0.97738737 8.747448 9.090909
 11.298697 11.238826 10.884802 0.9684999 0.994701 9.400177 13.636364
 14.768251 12.484836 12.244457 0.9807464 0.8453834 8.768699 9.090909
 28.090975 26.973015 25.837215 0.95789135 0.9602021 8.435741 5.681818
 10.013552 9.972231 9.456109 0.9482441 0.99587345 9.263879 15.909091
 12.249789 10.67918 9.940629 0.930842 0.8717848 9.231232 7.9545455
 28.803904 29.879255 28.665646 0.9593829 1.0373335 8.956819 6.818182
 4.6582994 3.4039147 2.9627614 0.8703982 0.73072046 8.285102 15.909091
 16.68126 16.109049 15.283336 0.9487423 0.9656974 8.705113 9.090909
 3.6850727 1.7905103 1.0930679 0.6104784 0.48588195 6.867813 16.25
 24.891426 23.76677 22.65853 0.95337015 0.9548175 8.918448 5.681818
 0.8501532 0.17304619 0.044762865 0.2586758 0.20354706 2.7339292 23.214285
 92.7409 93.12429 88.10827 0.94613624 1.0041339 8.822928 1.1363636
 55.880993 56.988815 54.190403 0.95089537 1.0198247 9.13204 4.5454545
 20.425756 19.677519 18.465319 0.9383967 0.96336794 9.292422 6.818182
 43.653152 43.81056 40.121063 0.9157852 1.0036058 4.961982 0.0
 21.365501 21.997791 20.785616 0.9448956 1.029594 10.019751 3.409091
 25.750122 24.989758 21.889217 0.8759275 0.97047144 8.237616 11.363636
 10.883444 7.9631634 7.3650346 0.9248881 0.7316768 8.299189 13.636364
 11.9793215 9.2449045 8.93074 0.9660176 0.7717385 8.523945 13.636364
 83.50798 83.92948 80.21652 0.95576096 1.0050474 8.908876 0.0
 2.5925314 0.7562214 0.17745237 0.23465663 0.2916923 2.7566133 15.909091
 45.29307 43.61788 41.608208 0.95392543 0.9630144 8.456979 2.2727273
 11.609715 6.843602 5.605512 0.819088 0.589472 6.7874975 14.772727
 20.075602 19.727016 18.250711 0.9251632 0.9826364 4.5477533 1.7857143
 7.3251953 2.8416865 1.583265 0.5571568 0.3879332 3.5273151 15.909091
 86.326 86.014565 82.11583 0.9546735 0.99639237 8.903937 1.1363636
 7.679727 5.6438346 5.1882386 0.9192755 0.7349004 9.04159 14.772727
 11.764822 10.2005 9.537946 0.9350469 0.8670339 8.911853 12.5
 63.583473 54.407387 51.489887 0.94637674 0.8556844 8.824052 15.909091
 15.84853 11.87674 10.993744 0.92565334 0.74939066 8.952443 14.772727
 5.430732 4.1434293 3.9557872 0.9547133 0.76295966 8.901398 12.5
 17.58006 15.934529 15.101304 0.94770944 0.906398 8.668257 11.363636
 46.167366 46.55817 44.48221 0.9554115 1.0084649 9.005487 3.409091
 39.535095 41.315216 39.95609 0.9671035 1.0450263 9.186201 2.2727273
 85.25624 84.39618 78.393036 0.9288695 0.9899121 6.2441173 4.4117646
 40.79594 39.15321 37.445484 0.95638347 0.959733 9.105555 4.5454545
 85.49789 57.060917 52.815388 0.92559654 0.6673957 8.605664 15.909091
 75.894424 55.46962 50.967068 0.9188285 0.73087865 8.665796 14.772727
 42.91985 38.130264 31.828676 0.8347352 0.8884063 9.379951 5.681818
 27.148495 24.951294 23.074797 0.9247936 0.9190673 9.672996 9.090909
 13.061043 6.55602 5.135131 0.78326964 0.50195223 6.9278507 15.909091
 3.657077 1.0245774 0.52637976 0.51375306 0.2801629 5.898365 17.857143
 113.20683 89.30022 84.36589 0.94474447 0.7888236 8.8955345 10.227273
 15.91156 14.076023 13.160716 0.9349741 0.8846413 9.429538 12.5
 10.518526 8.444367 7.720044 0.914224 0.802809 7.847438 18.181818
 3.2287624 1.1324698 0.2802446 0.2474632 0.35074422 1.5975081 18.75
 29.813694 21.980219 19.929983 0.9067236 0.7372525 8.893781 7.9545455
 2.7790563 1.172962 0.2758361 0.23516203 0.42207202 1.6551019 17.045454
 73.5955 55.04292 50.935314 0.9253745 0.7479116 8.493519 13.636364
 97.67458 67.5302 63.669476 0.94282967 0.6913794 8.744941 18.181818
 7.089564 6.7320366 6.3358903 0.9411551 0.9495699 8.223891 13.636364
 58.00013 45.60803 40.403282 0.88588095 0.7863436 10.1440525 7.9545455
 16.540798 4.223635 1.605451 0.3801112 0.25534654 4.260893 14.772727
 13.115879 13.03121 12.694481 0.9741598 0.9935446 9.288528 11.363636
 100.88483 71.810936 63.68197 0.8868004 0.71181107 3.8774369 10.416667
 84.39772 53.25434 48.92767 0.9187546 0.63099265 8.618055 12.5
 16.756594 16.385712 15.429946 0.9416708 0.9778666 8.494291 5.681818
 6.4735584 6.770271 6.114309 0.9031114 1.0458345 3.7512822 15.909091
 69.29857 67.91912 64.93402 0.9560492 0.98009413 9.109274 13.636364
 81.43899 63.353085 60.101162 0.94866985 0.77792084 8.715736 11.363636
 85.87001 57.72062 54.148426 0.9381123 0.6721861 8.688338 13.636364
 18.739954 16.541838 15.466982 0.93502194 0.8827044 8.484783 12.5
 12.159115 9.074071 8.442865 0.9304386 0.7462772 8.455252 11.363636
 90.068016 90.17852 86.167015 0.955516 1.0012269 8.924725 6.818182
 105.834274 80.01816 74.879395 0.93578005 0.7560704 8.717372 13.636364
 89.20293 88.99882 84.95211 0.9545307 0.99771184 8.8309145 0.0
 14.056081 12.1047 11.411806 0.9427583 0.8611718 8.815219 11.363636
 21.537441 19.70343 18.459316 0.936858 0.91484547 9.268632 4.5454545
 12.519711 11.154365 10.697581 0.9590489 0.89094424 8.766173 11.363636
 8.955974 7.8496532 7.4356065 0.94725287 0.8764712 8.476516 11.363636
 8.657759 7.964229 7.525586 0.94492334 0.91989493 8.714189 9.090909
 29.181173 27.038326 23.593548 0.8725965 0.9265675 4.722578 5.357143
 8.693947 7.9344187 7.4636693 0.94066995 0.91263705 8.652025 12.5
 11.978943 7.5384426 6.725757 0.8921945 0.6293078 7.5592723 18.181818
 25.276218 23.23804 21.363298 0.9193244 0.9193638 3.7359202 4.1666665
 32.77121 32.118565 30.382486 0.94594777 0.98008484 8.743702 10.227273
 58.49247 36.63922 31.460596 0.85865897 0.6263921 4.459185 13.461538
 11.926177 6.570968 6.1042624 0.92897457 0.5509702 8.0443735 19.318182
 87.72108 57.140446 53.82191 0.94192314 0.6513879 8.740741 10.227273
 18.827444 17.836052 17.174759 0.9629237 0.94734335 9.077387 12.5
 7.393076 2.259956 1.1886984 0.52598304 0.30568546 6.0718884 18.181818
 51.65369 50.1192 47.844147 0.9546072 0.97029275 8.827607 0.0
 29.11029 28.308825 26.966953 0.95259887 0.97246796 8.525 11.363636
 88.3946 60.908695 56.774883 0.932131 0.6890544 8.644239 9.090909
 12.4034605 10.680782 9.84028 0.9213071 0.8611131 8.678463 12.5
 16.177778 11.308624 7.789224 0.68878615 0.69902205 4.8083205 15.909091
 5.722121 0.97180474 0.3633818 0.37392473 0.16983296 4.100494 15.0
 87.12563 64.642265 59.22595 0.9162109 0.7419431 5.1940947 16.666666
 22.496315 22.0744 21.27663 0.96386003 0.98124516 6.8240643 3.9473684
 20.589645 14.07665 12.728748 0.9042456 0.6836761 9.013185 14.772727
 82.199394 80.66605 77.02719 0.9548898 0.9813461 8.909384 1.1363636
 36.07899 34.95828 32.89583 0.9410025 0.9689373 9.116331 3.409091
 93.54556 56.487564 52.806652 0.93483675 0.60385084 8.429168 17.045454
 2.955533 0.6968687 0.2789449 0.40028328 0.23578446 3.37673 19.047619
 13.014066 8.773475 7.65444 0.8724525 0.6741532 8.43284 12.5
 88.99139 61.148487 56.912014 0.93071824 0.6871281 8.664269 17.045454
 87.39004 86.61863 81.753815 0.9438364 0.99117285 8.813954 4.5454545
 10.918065 7.179568 6.710011 0.93459815 0.6575861 8.538007 13.636364
 16.901525 15.805121 15.343025 0.97076285 0.93512994 9.389671 12.5
 15.160782 12.37302 11.433073 0.9240325 0.8161202 4.1823683 8.928572
 44.698147 45.26287 43.389957 0.9586214 1.0126342 8.321921 5.681818
 82.58883 42.23914 39.396095 0.9326917 0.5114389 8.966882 12.5
 13.548038 9.729816 7.907946 0.8127539 0.7181716 5.103415 10.227273
 45.711273 43.946205 41.953575 0.9546575 0.9613866 8.7913475 5.681818
 18.269062 17.772459 16.832352 0.94710314 0.97281724 9.270963 5.681818
 10.538955 6.3935957 3.255053 0.50911146 0.60666317 5.256218 13.636364
 20.991995 19.166409 18.1985 0.94949967 0.9130342 9.109448 7.9545455
 108.82043 88.949455 83.78313 0.94191843 0.81739664 8.851388 11.363636
 78.919304 77.4845 71.66943 0.92495185 0.98181933 4.7835298 1.7857143
 25.245556 25.207153 24.13807 0.95758814 0.99847883 8.423401 12.5
 2.8358884 0.77737373 0.33351246 0.42902458 0.27412 5.049979 17.5
 91.16054 49.80841 44.06223 0.88463426 0.5463813 5.0057855 16.666666
 3.3128002 1.4882351 0.77033585 0.51761705 0.4492378 6.2257633 17.045454
 12.868881 11.199964 10.2622175 0.9162724 0.8703137 8.521423 12.5
 22.72928 21.808764 20.81059 0.9542306 0.95950085 9.044753 0.0
 2.53969 1.3115306 0.98543495 0.7513625 0.5164136 5.7570434 16.666666
 30.884745 31.040127 29.581911 0.9530216 1.0050311 9.090649 2.2727273
 53.12177 51.021942 48.73819 0.95523983 0.96047145 9.04737 6.818182
 1.8712494 0.5638209 0.1707447 0.30283502 0.30130717 3.9282775 18.055555
 51.965847 34.280556 31.717678 0.9252382 0.6596747 8.985253 12.5
 14.79245 12.397912 11.710373 0.94454396 0.83812433 9.016715 12.5
 11.362899 8.832603 8.426741 0.9540494 0.7773196 7.8841405 17.045454
 22.678669 23.19785 21.777922 0.93879056 1.022893 5.5003457 10.294118
 103.182594 74.89885 70.14376 0.9365131 0.7258865 8.8648 12.5
 14.109762 6.1098986 4.6153994 0.7553971 0.4330263 6.156213 17.045454
 22.342453 21.497494 20.44095 0.95085263 0.96218145 9.293292 5.681818
 3.5199313 0.9580657 0.5215367 0.5443642 0.27218306 7.2886295 13.636364
 88.233696 84.751076 80.14154 0.94561094 0.9605295 8.887433 13.636364
 19.50667 16.956062 16.265812 0.95929176 0.86924434 9.186399 5.681818
 10.0834055 9.693327 9.241915 0.95343065 0.96131486 9.059631 10.227273
 46.748856 44.82932 43.482998 0.9699679 0.95893943 8.023312 10.227273
 26.575897 24.623064 23.592205 0.9581344 0.92651856 8.705171 10.227273
 21.806742 20.310598 19.423517 0.95632416 0.9313908 9.08266 11.363636
 10.514994 4.075501 3.3981106 0.8337897 0.38758945 7.765582 19.318182
 57.389145 52.76322 48.695694 0.9229098 0.9193938 5.632479 12.5
 1.5137815 0.4573657 0.12680039 0.2772407 0.30213454 2.0864334 18.75
 89.151695 61.30306 57.568535 0.93908095 0.6876264 8.794709 19.318182
 40.578526 38.536465 36.960964 0.9591166 0.94967633 8.254657 3.409091
 16.23694 15.519997 14.850634 0.9568709 0.9558449 8.572106 14.772727
 18.484802 18.19386 17.200869 0.94542164 0.98426044 8.808242 14.772727
 32.36131 33.1144 31.192522 0.94196254 1.0232713 8.491627 13.636364
 12.464696 10.7995 10.166672 0.941402 0.866407 6.7286463 13.157895
 95.18112 74.20808 69.465515 0.93609107 0.7796512 7.2885947 15.789474
 2.237089 0.98622173 0.8256369 0.8371717 0.44085047 5.654988 16.071428
 8.542646 8.429911 7.921579 0.9396991 0.9868031 6.743958 12.5
 61.058617 38.02021 33.17811 0.872644 0.62268376 6.1161017 16.17647
 50.33511 51.61203 48.113544 0.9322157 1.0253683 6.1741424 1.5625
 26.473524 28.599998 26.838528 0.93841016 1.0803245 6.175108 1.5625
 11.510039 5.1392994 4.342576 0.84497434 0.4465058 5.6266727 17.1875
 102.228645 89.46833 81.57617 0.9117883 0.87517864 5.664944 5.0
 13.321852 11.401875 10.8080845 0.9479217 0.85587764 5.5543904 10.0
 96.309395 99.4515 92.11468 0.92622715 1.0326251 5.698288 1.6666666
 101.42088 106.5551 94.54961 0.88733065 1.0506228 4.5264034 1.9230769
 95.12882 82.79043 73.56362 0.8885523 0.870298 4.989709 10.714286
 7.194935 5.973446 5.3082185 0.8886359 0.83022934 4.397191 7.6923075
 42.19236 43.80611 37.915127 0.86552143 1.0382475 3.942826 2.0833333
 1.0 37.395267 31.359251 29.16008 0.92987174 0.8385887 247.8622 10.926421 163.0
