 2.5624602 0.6095144 0.1771274 0.29060414 0.23786297 3.6671712 18.75
 18.670107 18.030876 17.121218 0.94955 0.9657617 8.973767 9.090909
 122.52763 120.3595 114.895706 0.9546044 0.9823049 9.062639 1.1363636
 101.09293 100.03349 95.18176 0.9514989 0.9895202 9.111425 1.1363636
 99.33368 98.25569 93.75052 0.9541485 0.98914784 9.021214 1.1363636
 91.33863 89.61506 83.24854 0.92895705 0.9811299 5.47911 5.0
 112.334816 110.20249 102.192406 0.9273149 0.98101807 5.5077558 1.6666666
 101.38447 75.96853 72.21041 0.9505307 0.74931127 8.992384 14.772727
 112.01121 108.92793 103.77152 0.95266217 0.97247356 9.131161 1.1363636
 95.99873 92.85864 87.99326 0.9476044 0.96729034 8.9895315 1.1363636
 118.00517 116.023705 110.76636 0.9546873 0.98320866 9.143569 1.1363636
 106.11697 102.964676 98.22944 0.9540111 0.9702942 8.984072 4.5454545
 104.5306 101.96275 97.14252 0.9527255 0.9754345 9.049116 7.9545455
 107.61258 106.610596 101.7324 0.9542429 0.9906889 9.036564 0.0
 93.72885 92.89482 88.61547 0.95393336 0.9911017 9.3299465 1.1363636
 113.80951 111.35269 105.90399 0.9510681 0.97841287 9.072869 0.0
 113.26992 112.78771 105.9062 0.93898696 0.99574286 6.583325 7.352941
 110.297356 107.64788 102.47821 0.9519761 0.9759788 9.107721 1.1363636
 103.45048 101.63216 96.701294 0.95148325 0.98242325 9.052945 1.1363636
 112.26125 108.169075 102.74165 0.94982463 0.9635477 8.084441 0.0
 106.28339 102.75251 97.29113 0.94684917 0.96677864 9.432998 1.1363636
 108.35828 107.03273 102.08071 0.9537336 0.9877669 8.964753 1.1363636
 1.6024456 0.8999482 0.2456275 0.27293515 0.5616092 2.4304104 21.153847
 15.333876 13.196404 12.254549 0.92862785 0.86060464 8.731109 12.5
 93.9903 93.357925 87.13003 0.93329006 0.9932718 7.112138 1.3888888
 101.2169 99.47978 94.87226 0.9536838 0.9828377 9.013105 0.0
 100.960434 99.8282 95.0511 0.9521468 0.9887853 8.993705 0.0
 104.49179 103.86223 98.46742 0.94805807 0.993975 8.569936 0.0
 117.7534 120.28413 112.846794 0.9381686 1.0214918 7.652015 1.3157895
 14.561137 16.007158 14.76665 0.922503 1.0993068 5.4573736 10.714286
 4.4761333 1.1061102 0.37611833 0.34003693 0.24711287 1.4248619 16.666666
 100.65328 97.735985 89.91708 0.91999984 0.97101635 4.990234 1.7857143
 99.098274 91.80036 81.16575 0.884155 0.92635685 3.9265773 0.0
 1.0 88.15506 85.583374 80.825005 0.94440085 0.97082764 702.4811 4.4593463 33.0
