 15.028792 11.655205 8.183858 0.7021634 0.77552503 7.2667084 11.363636
 10.462451 10.00945 9.396843 0.9387972 0.95670223 9.664889 11.363636
 13.359263 6.5561805 6.0305724 0.9198301 0.49075916 8.558047 14.772727
 2.180925 0.53785866 0.17569375 0.32665414 0.24661954 3.5426304 18.181818
 6.3345766 4.4723983 4.1037087 0.91756326 0.7060296 9.567473 17.045454
 31.438196 6.535616 5.1232038 0.78388995 0.20788775 8.016961 13.636364
 3.184291 0.8032438 0.16210842 0.20181721 0.25225204 2.6047304 15.909091
 11.586527 9.715357 7.521928 0.7742307 0.8385047 8.3598385 13.636364
 12.198071 12.052573 11.272186 0.93525136 0.98807216 9.321106 5.681818
 1.239227 0.34446853 0.096987024 0.28155556 0.27797046 2.3496099 25.0
 86.96431 80.56297 75.51276 0.93731344 0.92639124 8.994081 7.9545455
 89.542816 76.08526 71.35039 0.9377689 0.84970814 9.017616 12.5
 78.74404 74.61952 70.699036 0.94746035 0.94762117 9.034408 7.9545455
 16.366838 11.78523 11.322692 0.9607527 0.72006756 9.270592 14.772727
 67.160614 62.873928 58.50232 0.9304702 0.93617266 8.979007 6.818182
 17.263475 15.7408285 14.709475 0.93447906 0.9117995 9.347133 9.090909
 1.552809 0.70803905 0.54829407 0.77438396 0.45597303 7.2943974 20.833334
 3.9680514 2.4817219 2.2928576 0.9238979 0.6254258 8.307517 18.75
 90.28336 87.39003 82.768074 0.9471112 0.9679527 9.084496 6.818182
 1.0037943 0.21851507 0.14690402 0.6722833 0.21768908 6.2485504 30.555555
 20.062532 19.312449 18.24926 0.94494796 0.96261275 9.152136 9.090909
 9.910739 9.614748 9.119323 0.9484723 0.9701343 8.984078 7.9545455
 8.525448 7.127442 6.608399 0.92717683 0.83601964 9.011845 7.9545455
 99.18872 90.74152 85.91245 0.9467821 0.91483706 9.028912 10.227273
 82.34038 69.5922 65.10987 0.93559146 0.8451771 8.865243 13.636364
 33.732685 33.212055 31.575218 0.9507156 0.984566 8.95968 7.9545455
 12.510109 11.926137 11.202874 0.9393548 0.95332 9.082026 7.9545455
 79.945564 66.85797 62.64371 0.936967 0.8362937 9.070573 14.772727
 21.440836 20.004183 18.967358 0.9481695 0.93299454 9.345403 11.363636
 94.50757 78.28577 72.97357 0.93214357 0.8283545 8.997862 15.909091
 8.110586 6.0398817 5.425119 0.89821607 0.74469113 9.304584 12.5
 9.308919 6.2734594 5.354605 0.8535331 0.6739192 9.7045965 13.636364
 2.3833714 1.3945428 0.4133739 0.2964225 0.5851135 2.7645295 17.105263
 10.076171 9.8209305 9.050301 0.9215319 0.97466886 10.018396 5.681818
 86.88261 74.19326 69.51783 0.9369831 0.85394835 8.981579 10.227273
 2.2592783 0.6047451 0.13126929 0.21706548 0.2676718 2.0108607 14.772727
 18.261635 17.481485 16.620811 0.9507665 0.9572793 9.064857 5.681818
 4.371925 1.2704363 0.2250605 0.17715213 0.2905897 1.2016037 13.636364
 32.60754 31.857592 29.867912 0.9375446 0.9770008 9.591163 9.523809
 78.023506 73.595314 69.85766 0.94921345 0.9432454 8.894733 7.9545455
 8.453121 7.625759 6.9780264 0.91505986 0.9021235 8.873505 9.090909
 86.83421 84.204445 79.94001 0.9493562 0.96971506 9.076228 7.9545455
 41.465828 39.397163 37.253983 0.9456006 0.95011157 9.00888 4.5454545
 90.47783 77.150734 72.31619 0.9373364 0.8527032 8.922398 11.363636
 5.181433 2.8469982 2.6454866 0.92921966 0.54946154 9.061502 18.181818
 2.038619 0.89488745 0.24308254 0.27163476 0.43896747 2.3355095 14.473684
 26.966743 26.149635 25.013588 0.9565559 0.9696994 9.15933 4.5454545
 12.360883 11.261351 10.644192 0.9451967 0.91104746 8.876044 4.5454545
 98.013016 89.17444 84.363144 0.9460463 0.9098224 9.032872 10.227273
 1.0619564 0.3289673 0.077191554 0.23464811 0.30977476 2.630726 25.0
 86.725914 85.96533 81.80659 0.95162296 0.9912301 9.057021 0.0
 86.527275 77.157555 73.07475 0.9470849 0.8917136 9.069129 13.636364
 24.749561 23.29888 22.101671 0.9486152 0.94138557 9.046413 9.090909
 20.500835 18.49245 17.58225 0.9507799 0.902034 9.0956955 9.090909
 79.03642 76.08822 71.44424 0.93896574 0.9626982 8.223523 8.75
 4.465759 1.2917283 0.54919004 0.42515916 0.2892517 4.933011 17.105263
 88.22677 87.21182 80.973976 0.9284748 0.9884962 7.2500777 4.1666665
 81.012886 66.982346 60.056873 0.8966075 0.82681096 7.612474 10.294118
 89.77796 85.10666 78.50915 0.92247945 0.9479683 6.7683015 14.705882
 16.42682 9.484536 7.5020113 0.79097295 0.57738113 5.683375 15.625
 93.911934 88.09401 80.7989 0.9171894 0.93804914 5.2553673 10.714286
 97.64661 72.946655 63.57493 0.87152624 0.74704754 4.548545 15.384615
 1.0 38.970562 34.443695 32.035408 0.9300805 0.8838388 290.9275 11.914021 62.0
