 8.342104 6.0810976 5.7194347 0.9405267 0.7289645 8.021864 10.227273
 8.255196 8.163718 7.857969 0.9625478 0.98891884 8.260453 14.772727
 14.224808 13.609594 12.200799 0.8964851 0.95675075 9.035633 4.5454545
 29.058958 29.76783 28.263815 0.9494751 1.0243943 8.2357855 3.409091
 17.890284 17.99379 17.030273 0.94645286 1.0057856 8.315263 3.409091
 14.667054 13.732576 13.011232 0.94747204 0.93628734 8.79617 11.363636
 18.924421 18.11391 17.210571 0.95013005 0.9571712 7.736241 11.363636
 30.778027 31.035769 29.551126 0.9521635 1.0083742 8.216184 0.0
 25.880733 25.505995 24.145311 0.9466525 0.98552054 8.062189 3.409091
 10.724675 8.588766 7.879122 0.91737527 0.8008416 8.302629 11.363636
 14.166578 13.693395 12.986234 0.9483575 0.96659863 8.302197 9.090909
 0.6829824 0.14378212 0.046964806 0.3266387 0.21052097 4.573228 18.181818
 17.487312 16.99639 15.914368 0.9363381 0.97192687 8.274555 7.9545455
 16.294828 16.471111 15.6135845 0.9479375 1.0108184 8.194431 7.9545455
 11.560437 10.588166 10.016876 0.9460445 0.9158967 8.083394 14.772727
 12.305597 11.301755 10.830975 0.9583445 0.9184239 8.102883 11.363636
 13.140657 12.294506 11.568541 0.94095206 0.93560815 8.038452 11.363636
 9.142632 9.344798 8.85299 0.947371 1.0221125 7.8799334 10.227273
 11.497626 11.008684 10.516856 0.95532364 0.9574745 8.136405 5.681818
 14.312509 14.044696 13.209728 0.9405493 0.98128814 8.308677 6.818182
 22.536156 22.340647 21.31921 0.954279 0.9913246 8.359838 9.090909
 14.84717 14.919657 14.086198 0.94413686 1.0048822 8.0047655 9.090909
 20.389471 20.259542 19.228018 0.94908446 0.99362767 8.270092 3.409091
 26.593409 27.690826 25.31604 0.9142393 1.0412666 10.021308 9.090909
 9.649622 8.484661 6.9126287 0.8147207 0.87927395 8.870543 9.090909
 7.8362713 7.4206605 7.023455 0.94647306 0.9469632 8.564354 13.095238
 5.8425183 1.940574 0.667084 0.343756 0.33214682 2.8008614 11.904762
 7.22566 3.039509 1.5908785 0.5233998 0.4206549 4.7940416 15.909091
 14.1223755 13.746029 13.046435 0.9491058 0.973351 8.541169 4.5454545
 2.268206 0.76917136 0.45421302 0.5905225 0.33911005 6.248073 17.045454
 16.79295 16.91542 16.097815 0.9516651 1.007293 8.256545 4.5454545
 103.41307 108.54432 102.912315 0.94811326 1.049619 8.626061 1.1363636
 89.13145 92.118645 87.42488 0.9490466 1.0335145 8.505866 9.090909
 14.385011 14.403309 13.576983 0.9426295 1.001272 9.10407 12.5
 15.822048 15.659387 14.717885 0.93987614 0.98971933 8.099257 10.227273
 36.793133 38.795425 37.309383 0.96169543 1.0544202 7.6193614 2.2727273
 13.427514 12.067685 11.229177 0.9305163 0.8987282 7.8279114 11.363636
 21.729864 21.604836 20.815615 0.9634702 0.9942462 8.237844 10.227273
 22.530191 22.295534 21.172544 0.94963163 0.9895848 8.303876 4.5454545
 1.295321 0.3254613 0.12676054 0.38947964 0.25125918 4.65454 25.0
 26.46118 19.997011 17.463137 0.8732873 0.75571126 6.092295 4.4117646
 12.018944 11.860027 11.268868 0.9501554 0.98677784 8.086498 9.090909
 27.35658 26.191872 24.727161 0.9440777 0.9574249 8.19368 3.409091
 15.026977 10.016242 9.480933 0.9465559 0.6665507 8.348307 6.818182
 18.012403 16.41351 15.14889 0.92295253 0.91123366 8.233815 12.5
 37.455452 38.270878 36.460747 0.9527022 1.0217706 8.362149 3.409091
 13.584962 12.60407 11.691142 0.92756885 0.9277957 7.9061003 7.9545455
 11.661512 10.609853 9.822853 0.9258237 0.9098179 7.878682 9.090909
 29.637144 30.292442 29.101236 0.9606765 1.0221107 8.310236 2.2727273
 19.682514 15.549361 14.029243 0.9022392 0.7900089 5.2444506 10.0
 11.284348 8.152353 7.6362624 0.93669426 0.72244793 8.44182 14.772727
 18.645006 17.874523 17.15353 0.95966375 0.95867616 8.291554 4.5454545
 81.97418 84.359184 80.44389 0.95358783 1.0290946 8.342237 1.1363636
 71.90811 70.95095 66.90874 0.9430281 0.98668903 7.491861 3.409091
 11.557528 9.281495 8.595513 0.9260915 0.8030693 7.6980186 14.772727
 30.607798 34.931763 29.985209 0.85839385 1.1412699 4.416717 7.142857
 25.125269 25.288977 24.007105 0.9493111 1.0065156 8.578062 5.681818
 11.812463 6.607048 5.982555 0.90548074 0.55932856 7.8164854 14.772727
 28.311594 28.386257 27.082434 0.95406854 1.0026371 8.009029 1.1363636
 11.67638 10.922357 9.747885 0.89247084 0.93542314 4.877954 10.714286
 61.530384 51.232807 49.707493 0.97022784 0.8326424 10.761195 3.409091
 118.8716 119.140144 111.38136 0.93487686 1.0022591 6.727592 1.3888888
 5.082643 2.153753 0.9364434 0.4347961 0.42374668 5.6878805 15.476191
 109.9482 110.150185 104.615425 0.94975257 1.0018371 8.201197 1.1363636
 87.14768 84.919174 78.58485 0.9254075 0.9744284 10.298285 1.1363636
 23.459175 23.480398 22.081987 0.94044346 1.0009047 8.315991 2.2727273
 32.37386 32.685085 31.107105 0.9517217 1.0096135 8.284737 0.0
 11.956162 11.704896 11.14679 0.95231855 0.97898436 8.343561 4.5454545
 4.291232 2.1309426 1.8568021 0.8713525 0.4965806 6.9606977 13.636364
 6.6066895 5.2906947 4.9500694 0.93561804 0.8008087 8.687186 7.9545455
 16.091593 16.643072 15.818342 0.95044607 1.0342712 8.479939 5.681818
 2.7543344 0.76632065 0.16368392 0.21359718 0.2782235 2.5912993 19.318182
 115.06568 113.6802 104.448685 0.918794 0.98795915 5.545326 1.6666666
 97.425766 99.52333 94.605545 0.95058656 1.0215299 8.302838 1.1363636
 10.719951 9.970828 9.443244 0.9470872 0.93011886 8.001086 15.909091
 8.3021145 6.83108 6.4129004 0.9387828 0.8228121 8.844422 10.227273
 134.10582 131.68608 122.96398 0.9337659 0.9819566 6.759771 6.9444447
 32.81656 33.384956 31.64425 0.9478596 1.0173205 8.598496 2.2727273
 11.490095 9.844437 9.245965 0.9392071 0.85677594 8.160637 14.772727
 16.779299 16.45943 15.616512 0.9487881 0.98093677 8.806022 4.5454545
 32.16433 32.91721 31.036884 0.9428771 1.0234073 8.818527 6.818182
 13.32763 12.885641 12.212093 0.9477288 0.9668367 8.814755 2.2727273
 23.03925 23.295353 22.144754 0.9506082 1.0111159 8.279566 3.409091
 14.510952 14.017634 13.289317 0.94804275 0.9660038 8.793179 4.5454545
 3.2039967 1.1853625 0.5509624 0.46480504 0.36996368 2.7909133 9.615385
 10.321965 9.858713 9.22239 0.93545574 0.9551198 8.546101 12.5
 37.101196 36.343914 33.028564 0.90877837 0.9795888 9.591486 1.1363636
 24.889017 25.596233 24.278458 0.9485168 1.0284147 8.3480835 7.9545455
 6.2838097 5.5949016 5.2226505 0.933466 0.8903678 7.8866487 13.636364
 17.15403 16.275658 15.407083 0.94663346 0.948795 7.960342 11.363636
 8.343882 5.667293 5.382587 0.9497633 0.67921543 8.609716 18.181818
 126.33002 123.40813 115.18594 0.9333741 0.97687095 6.7212925 1.3888888
 9.567343 9.725099 9.2860775 0.95485693 1.016489 7.967646 11.363636
 5.343913 4.1719904 3.4491563 0.82674116 0.78069955 8.124784 13.75
 24.297213 24.381018 23.295605 0.9554812 1.0034492 8.265981 2.2727273
 14.550223 14.288745 13.660934 0.9560626 0.98202926 8.191783 4.5454545
 2.1004162 0.5513121 0.085464954 0.15502101 0.26247755 1.6888108 16.666666
 82.65635 86.62503 82.5757 0.9532545 1.0480142 8.235592 2.2727273
 21.420801 20.477003 19.491133 0.9518547 0.9559401 8.336792 7.9545455
 7.6324887 5.395469 2.7465417 0.50904596 0.7069083 6.0628633 12.5
 122.96073 116.97016 104.85622 0.8964356 0.95128065 4.4175377 5.769231
 92.99618 95.893616 91.355965 0.95268035 1.0311565 8.379498 1.1363636
 23.222006 23.37303 22.28089 0.9532735 1.0065035 8.201522 4.5454545
 26.812284 27.012081 24.743307 0.9160089 1.0074517 3.5321975 8.333333
 111.54594 113.075005 107.708115 0.95253694 1.0137079 8.255033 3.409091
 12.785337 4.432393 0.73246986 0.16525382 0.34667784 1.3810847 18.181818
 22.852407 22.349855 21.49628 0.96180844 0.9780088 7.471822 9.090909
 117.91809 121.538864 115.80338 0.95280945 1.0307058 8.301941 1.1363636
 8.882887 7.6635036 6.982662 0.91115797 0.8627267 8.259599 10.227273
 7.983101 2.1458335 1.2279791 0.572262 0.268797 6.5969906 17.045454
 124.970665 122.66718 114.538284 0.9337321 0.98156786 6.6660376 6.9444447
 12.882863 12.223068 11.339937 0.92774886 0.94878507 7.8665633 6.818182
 117.73897 118.63627 111.64481 0.9410682 1.007621 8.261705 2.2727273
 17.475163 17.200686 16.364985 0.95141464 0.98429334 8.429445 6.818182
 20.042501 20.462305 19.333248 0.94482267 1.0209457 8.297429 3.409091
 11.1520815 8.94876 8.509809 0.95094836 0.80242956 8.243835 10.227273
 15.92956 16.391804 14.876986 0.9075868 1.029018 8.9847 5.681818
 12.825605 12.568287 11.391613 0.90637755 0.97993714 9.903099 9.090909
 12.335709 11.410406 10.65409 0.93371695 0.92498994 5.9536433 9.375
 7.749757 5.670298 5.295646 0.9339273 0.7316743 8.155324 15.909091
 17.149885 17.091896 15.910793 0.93089694 0.99661875 8.866141 6.818182
 4.465226 1.4960729 0.79077697 0.5285685 0.33504975 6.7034354 18.181818
 7.164022 7.193417 6.8311076 0.9496332 1.0041032 9.145174 10.227273
 17.478655 17.185331 16.249907 0.9455683 0.98321825 8.366807 10.227273
 25.349188 25.492998 24.182423 0.94859076 1.0056732 8.090308 6.818182
 59.332848 60.62314 56.937214 0.9391994 1.0217466 9.448933 10.227273
 110.796875 108.83733 100.83979 0.92651844 0.9823141 6.4752107 1.4705882
 16.081594 14.408735 13.657622 0.947871 0.8959767 8.106618 10.227273
 27.064707 27.58282 26.268353 0.95234466 1.0191436 7.998639 6.818182
 9.773941 7.640398 7.077479 0.92632335 0.7817111 8.532731 13.636364
 121.56485 123.3492 117.31695 0.9510962 1.0146781 8.321061 0.0
 5.040908 3.9143941 3.5347905 0.9030237 0.7765256 8.681986 13.095238
 19.24199 18.791656 17.801565 0.9473122 0.97659636 7.8567624 7.9545455
 25.372307 25.899296 24.521147 0.94678813 1.0207702 8.453484 2.2727273
 10.181098 9.775467 9.365395 0.95805085 0.9601584 8.03948 11.363636
 27.619394 27.663513 26.336708 0.9520377 1.0015974 8.22003 5.681818
 16.23798 10.405443 9.440136 0.9072306 0.64080894 7.5501723 14.772727
 11.201605 9.614445 8.994015 0.9354689 0.85830957 7.1343126 14.772727
 9.38947 7.230161 6.719604 0.92938507 0.7700287 7.93907 14.772727
 13.143627 12.260406 11.566794 0.9434267 0.9328023 8.668611 3.409091
 4.259323 3.2705948 2.7742796 0.84824926 0.76786727 8.489707 15.476191
 95.85424 100.491806 95.24062 0.9477452 1.0483814 7.509517 1.25
 109.88923 110.37054 102.55428 0.9291817 1.00438 5.3514266 1.6666666
 98.32578 99.3082 93.42452 0.9407534 1.0099914 6.4251766 1.3888888
 129.51567 130.47017 119.564644 0.91641366 1.0073698 4.846244 0.0
 17.51717 18.816578 17.962862 0.95462954 1.0741792 6.5098386 9.722222
 19.832214 19.716747 15.197907 0.7708121 0.9941778 6.0934935 11.111111
 16.96666 17.509726 16.508003 0.9427905 1.0320078 5.411862 13.235294
 7.018925 6.6305017 5.904921 0.8905693 0.94466054 3.9457936 9.090909
 29.345156 29.205692 27.045881 0.9260483 0.9952475 5.992859 4.6875
 119.38203 123.99258 115.30951 0.92997104 1.0386201 4.2596865 1.9230769
 1.0 31.61222 30.937708 28.936703 0.93532145 0.97866297 232.79446 8.097991 151.0
