 6.9014344 5.2733393 5.042035 0.95613706 0.7640932 8.190806 15.909091
 94.09114 87.404236 82.653725 0.94564897 0.92893165 8.918759 7.9545455
 10.101308 5.306522 4.6431937 0.8749976 0.5253302 9.094696 17.045454
 104.56684 98.97548 94.00423 0.9497729 0.9465284 6.6765895 4.4117646
 14.157374 12.827226 12.3696995 0.9643316 0.90604556 8.6767435 11.363636
 106.28561 87.703804 83.07695 0.9472445 0.82517105 9.08707 10.227273
 6.553035 6.2699976 6.014687 0.9592806 0.9568082 9.585969 16.25
 5.1469235 1.3864355 0.24458958 0.17641613 0.2693717 1.5354635 20.454546
 1.9792418 0.5332283 0.06867983 0.12880005 0.26941037 1.3772169 18.421053
 1.0 38.86477 33.964474 32.01309 0.94254625 0.8739143 278.11627 13.559707 9.0
