 4.2770376 3.4346876 3.0773695 0.8959678 0.80305296 6.9174185 13.75
 11.266375 8.618621 7.946642 0.92203176 0.7649862 9.185047 12.5
 12.678935 11.174889 10.543617 0.9435099 0.88137436 8.776591 12.5
 22.513897 21.622925 20.683453 0.9565521 0.9604256 8.686647 13.636364
 8.385188 8.169926 7.709001 0.9435827 0.9743283 8.307947 14.772727
 17.827097 17.721182 17.046864 0.96194845 0.99405867 8.708765 6.818182
 86.15771 51.40405 44.802715 0.87157947 0.5966274 4.093455 8.333333
 23.986507 18.888878 17.834524 0.9441812 0.7874793 9.084847 14.772727
 85.44258 57.28341 52.76107 0.9210533 0.6704316 5.6595426 9.375
 15.178781 9.075602 7.8735905 0.86755574 0.5979138 4.2590833 11.538462
 17.745249 10.012738 8.938909 0.89275366 0.564249 6.3798966 13.636364
 42.159958 44.202602 41.649994 0.9422521 1.0484499 8.979968 4.5454545
 14.577148 11.708971 11.091053 0.9472269 0.80324155 8.298921 14.772727
 1.4182768 0.43504474 0.07279384 0.16732496 0.30674177 1.855824 19.117647
 10.011832 8.600823 8.002604 0.9304462 0.85906583 8.704277 13.636364
 13.01233 10.379349 9.716238 0.9361124 0.7976549 8.811354 10.227273
 16.688284 11.941526 11.37119 0.9522392 0.71556354 8.704895 17.045454
 2.2568355 0.63940394 0.14924252 0.23340882 0.28331882 1.4326288 20.0
 15.31349 9.207766 8.184566 0.88887644 0.60128456 5.987072 16.666666
 5.7522902 4.223062 4.029334 0.9541261 0.7341532 7.643488 13.636364
 3.1775565 0.7973617 0.14373699 0.18026574 0.25093547 1.6932234 19.318182
 108.65182 84.96012 78.62636 0.92545015 0.78194845 6.9049406 11.842105
 34.075127 25.298317 23.483461 0.9282618 0.74242765 8.46634 15.909091
 2.7901428 0.7519167 0.43734226 0.58163655 0.26949042 4.284747 18.181818
 25.433342 17.336388 15.221247 0.8779942 0.68164015 5.3084 18.333334
 11.878521 12.545716 12.004444 0.956856 1.0561682 8.14313 13.636364
 11.591664 8.042261 7.3015847 0.90790194 0.69379693 7.98037 17.045454
 32.34186 31.295622 29.914026 0.9558534 0.9676506 8.555886 6.818182
 7.287832 7.9102554 7.8157763 0.98805606 1.0854058 8.362728 5.681818
 9.91831 9.556247 9.023911 0.9442945 0.96349543 8.185068 11.363636
 14.560666 13.44708 12.599232 0.9369493 0.9235209 8.8092785 13.636364
 2.2269778 0.6840379 0.27943677 0.40851063 0.30715975 4.9780545 18.181818
 22.818716 7.938732 6.7893934 0.8552239 0.3479044 8.108478 17.045454
 21.973791 14.886491 12.976306 0.87168336 0.67746574 8.12604 11.363636
 3.4491665 1.3852808 1.0397009 0.75053436 0.40162772 6.355026 22.058823
 15.786271 14.491389 13.738961 0.94807756 0.9179742 8.276171 13.636364
 31.711418 22.141724 17.600344 0.79489493 0.69822556 10.540364 13.636364
 5.4179583 1.4385433 0.24141514 0.16781917 0.2655139 2.0552332 17.045454
 20.791971 18.560081 17.649673 0.950948 0.8926562 8.542559 10.227273
 16.422195 15.054179 13.665745 0.9077708 0.9166971 7.253748 14.772727
 11.284097 10.606234 10.096937 0.9519814 0.9399276 8.469847 12.5
 12.704637 12.440013 11.698645 0.9404046 0.9791711 8.993621 9.090909
 12.359609 12.052314 11.489325 0.9532879 0.9751372 8.710548 6.818182
 9.125122 5.27681 4.658763 0.8828749 0.5782728 8.064082 17.045454
 3.656629 1.2524958 0.4902815 0.3914436 0.34252745 2.3016806 17.857143
 8.568517 6.83126 6.34724 0.9291463 0.7972512 9.2991295 14.772727
 11.765542 11.0596075 10.519087 0.9511266 0.9399998 8.552954 5.681818
 16.657501 15.283352 14.426202 0.9439161 0.91750574 8.540921 13.636364
 15.250125 5.541532 3.4650478 0.625287 0.36337614 5.3992352 15.909091
 2.159007 0.5368259 0.1904175 0.35470995 0.24864481 3.7528253 17.5
 68.05508 43.870132 40.489594 0.9229421 0.6446269 8.466386 17.045454
 35.71113 38.199524 37.372875 0.97835976 1.0696813 6.460089 6.818182
 80.88198 59.282406 54.030964 0.91141653 0.7329495 6.1698065 12.5
 8.863206 8.375883 8.065275 0.9629163 0.94501734 7.5207705 12.5
 12.619652 12.455723 11.7661295 0.9446364 0.98701 9.059869 10.227273
 31.514359 20.656847 18.635012 0.9021228 0.6554741 8.50858 18.181818
 40.319477 11.845095 8.248896 0.6963976 0.29378095 6.2930326 17.045454
 22.49719 19.306395 17.774803 0.92066926 0.85816914 8.773742 11.363636
 13.300557 8.197825 7.173187 0.87501097 0.616352 7.7915816 15.909091
 10.511594 10.051423 9.607753 0.95585996 0.9562226 8.43434 12.5
 14.535081 12.983815 11.373544 0.8759786 0.8932743 4.4398704 13.461538
 12.740681 9.2949095 7.4301867 0.7993824 0.7295458 7.6223702 12.5
 6.12418 5.6593804 5.2913766 0.9349745 0.9241042 8.254268 15.909091
 77.73289 50.6827 47.17194 0.93073064 0.65201104 8.419435 15.909091
 89.64759 58.620796 54.48713 0.92948467 0.65390265 8.400337 14.772727
 12.235781 11.339736 10.8686695 0.9584588 0.9267685 8.486851 13.636364
 54.269527 51.304707 48.712727 0.9494787 0.9453686 8.287758 5.681818
 4.804115 3.0161033 2.4915743 0.8260905 0.6278166 9.247362 13.75
 79.340004 48.21647 42.82222 0.88812435 0.6077195 7.721949 17.045454
 12.593515 13.093323 11.881631 0.90745723 1.0396876 8.125474 13.636364
 14.574623 7.668048 7.091512 0.9248132 0.5261232 7.9695597 13.636364
 34.068027 27.632988 25.382563 0.9185602 0.81111205 8.508692 11.363636
 15.357182 14.734403 13.72309 0.9313639 0.9594471 8.467506 9.090909
 9.943235 6.53952 6.008603 0.9188141 0.6576853 8.38689 11.363636
 15.79886 12.362404 5.5140038 0.44603005 0.7824871 5.489627 14.772727
 33.466133 33.757133 32.23732 0.954978 1.0086954 8.565547 11.363636
 10.475462 7.582765 7.0572095 0.93069077 0.7238598 5.664921 14.772727
 38.71294 37.72515 34.49231 0.9143054 0.97448426 8.6087475 10.227273
 18.920677 4.9282227 2.1984432 0.4460925 0.2604676 4.7073784 17.045454
 35.931774 29.515688 27.613197 0.93554306 0.821437 8.928207 12.5
 25.817764 25.961866 24.515312 0.9442815 1.0055815 8.230934 11.363636
 24.26031 15.400401 13.845769 0.8990525 0.6347982 7.1432695 20.454546
 6.3853865 2.6312854 2.3682306 0.90002805 0.41207927 9.338912 14.772727
 11.718498 9.142448 8.415608 0.92049825 0.78017235 8.925646 15.909091
 4.2690635 1.8417016 1.6248584 0.88225925 0.4314065 8.209674 13.095238
 36.113728 19.42274 16.359734 0.84229785 0.5378216 4.9554477 16.666666
 15.307139 12.487677 10.251284 0.820912 0.81580734 3.7622452 12.5
 13.61374 13.308182 12.554252 0.9433484 0.9775552 7.855749 10.227273
 10.861082 7.527385 6.9120026 0.91824746 0.6930604 7.443009 14.772727
 75.53191 51.982723 48.840584 0.93955415 0.688222 8.657558 15.909091
 14.273066 11.610301 9.266625 0.7981383 0.8134413 9.873842 13.636364
 7.8814216 6.906942 6.538705 0.94668597 0.8763574 5.561359 13.095238
 18.371513 17.59147 14.449993 0.82142043 0.9575407 5.541007 9.090909
 7.7918086 4.7368245 4.314764 0.91089803 0.6079236 6.211121 14.772727
 8.551745 2.1770422 1.264411 0.580793 0.25457287 6.3463807 17.045454
 13.805068 11.229416 10.5541 0.93986195 0.81342703 8.209618 13.636364
 10.09591 8.387513 7.638058 0.9106463 0.83078325 7.62353 11.363636
 13.16429 9.580948 8.466019 0.88363063 0.7277982 8.972242 15.909091
 79.7544 53.013268 48.932076 0.92301565 0.66470647 6.7704167 13.157895
 12.704505 13.062622 12.313617 0.94266033 1.0281882 8.798644 10.227273
 9.874814 5.8133755 5.193069 0.89329666 0.5887073 8.57776 19.318182
 8.721481 7.764383 7.197423 0.9269795 0.8902596 8.045246 12.5
 1.2119617 0.34332874 0.06510544 0.18963 0.28328347 1.7053754 23.333334
 13.839113 11.400682 10.496059 0.9206519 0.82380146 8.171282 11.363636
 28.651758 25.088177 23.121807 0.9216216 0.8756243 7.4901648 13.095238
 10.7855625 10.137553 9.613186 0.94827485 0.93991876 8.540509 11.363636
 11.406467 11.325723 10.713681 0.94596004 0.9929212 8.573953 5.681818
 2.39771 0.57515335 0.11633164 0.20226194 0.2398761 2.252958 18.75
 10.970383 10.325308 9.774255 0.94663084 0.9411985 8.287286 15.909091
 12.974993 12.169781 11.553071 0.9493245 0.93794125 8.763433 13.636364
 12.090908 11.632175 10.986507 0.9444929 0.9620597 8.899639 7.9545455
 14.861967 14.399285 13.717574 0.95265657 0.96886814 8.378615 9.090909
 12.834428 12.067059 11.357978 0.94123834 0.9402101 8.47554 11.363636
 56.72897 23.367157 18.035376 0.7718259 0.41190872 8.540535 15.909091
 22.535904 20.56051 19.671614 0.9567667 0.91234463 9.03841 12.5
 18.60264 18.459929 17.036312 0.92288077 0.99232846 8.156689 13.095238
 31.118635 31.55098 30.657455 0.97168 1.0138934 6.9391036 10.227273
 94.02746 58.679214 54.33167 0.92590994 0.6240647 8.328578 13.636364
 11.642084 8.442781 7.989845 0.9463522 0.72519505 9.434118 12.5
 11.148243 10.267275 9.763225 0.9509071 0.92097694 8.783598 12.5
 28.420732 18.55843 16.920065 0.9117185 0.65298915 8.924656 14.772727
 15.150811 11.5161085 10.699573 0.9290962 0.76009846 8.819083 14.772727
 32.549297 26.184704 24.635735 0.9408445 0.80446297 8.7061 6.818182
 21.219149 18.96958 17.708715 0.9335323 0.893984 8.827192 5.681818
 18.485184 11.853494 10.476024 0.88379204 0.641243 8.685912 17.045454
 10.687002 9.9238825 9.4286 0.95009184 0.9285937 8.460908 9.090909
 2.656639 0.54292655 0.15021111 0.27666932 0.20436594 3.3546515 15.909091
 6.4116654 2.3528852 1.6692356 0.709442 0.36696944 7.6462016 17.045454
 3.1371317 1.8795843 1.5488242 0.8240248 0.59914106 8.927095 20.0
 10.0185175 9.237434 8.659736 0.9374612 0.922036 8.07813 13.636364
 4.7530303 1.386113 0.385627 0.27820745 0.29162726 2.908871 18.181818
 7.0844007 4.2980604 3.980504 0.9261163 0.60669357 6.873978 14.772727
 2.1068933 0.49824974 0.07815462 0.15685833 0.23648551 1.2867258 21.052631
 67.37365 45.171265 41.99781 0.9297461 0.6704589 7.8994746 18.181818
 26.408377 17.912655 16.320147 0.911096 0.6782944 7.413257 15.476191
 88.10165 60.717854 56.654877 0.93308437 0.68917954 7.6823444 15.476191
 16.031734 7.842095 6.6111484 0.84303343 0.48916072 5.337645 14.285714
 16.639006 12.753547 11.711817 0.91831845 0.7664849 6.3156304 16.17647
 11.638977 11.207966 10.107421 0.90180695 0.96296823 3.7655773 10.416667
 84.13286 65.74341 60.398956 0.9187075 0.7814237 5.886279 10.9375
 36.322647 25.939539 23.430605 0.9032776 0.7141423 5.41149 9.375
 13.861426 12.418532 11.774178 0.94811344 0.89590585 5.9541826 14.0625
 29.035076 30.2018 28.400412 0.940355 1.0401832 5.8581448 11.666667
 100.210266 85.88637 78.53174 0.9143679 0.85706156 4.815121 11.538462
 73.77835 62.403748 56.70098 0.908615 0.8458274 4.8937697 5.769231
 10.347697 10.436925 9.782418 0.9372893 1.0086229 4.503621 9.615385
 62.425774 49.37704 44.206802 0.8952907 0.790972 4.833773 15.384615
 92.792656 87.39413 79.038185 0.90438783 0.94182163 5.0887003 5.769231
 12.220776 9.114457 8.474176 0.92975116 0.7458165 4.927806 15.384615
 1.0 23.884104 18.128473 16.548542 0.91284806 0.7590183 132.93666 13.476424 149.0
