 8.483747 3.7585266 2.721808 0.7241689 0.44302675 7.204264 15.909091
 3.0116572 0.9647571 0.25538856 0.264718 0.32034093 2.2917469 19.444445
 14.91644 13.471257 12.551385 0.93171597 0.90311474 8.9508 4.5454545
 1.6050327 0.67717624 0.56646323 0.83650786 0.42190808 6.8259892 13.095238
 20.111359 17.160328 15.967314 0.93047833 0.8532655 8.483731 12.5
 13.998014 9.960977 9.189343 0.9225344 0.71159923 9.161874 15.909091
 8.029279 7.271772 6.594228 0.9068255 0.90565693 8.863755 11.363636
 26.512615 18.995312 17.497849 0.9211667 0.7164631 9.105984 15.909091
 2.1358418 0.7744136 0.47387904 0.6119198 0.36258006 5.442712 17.105263
 31.173323 29.200178 27.120779 0.9287882 0.93670404 9.278336 6.818182
 9.2493105 4.378781 3.5203922 0.8039663 0.473417 8.208613 19.318182
 2.011028 0.49395218 0.11294851 0.22866282 0.24562173 1.4699308 19.444445
 24.447277 22.189087 20.645462 0.9304332 0.90763015 9.190205 3.409091
 5.50869 1.4483247 0.5978608 0.41279474 0.2629164 4.499668 17.045454
 20.673553 11.203054 10.150366 0.9060356 0.5419027 8.848614 15.909091
 9.8845 9.666843 9.036807 0.934825 0.97798014 9.275277 12.5
 6.857283 5.5973253 4.9783688 0.88941926 0.8162599 9.288114 13.095238
 7.786649 3.9573545 3.4609582 0.87456363 0.50822306 8.495775 17.045454
 6.0993733 4.735944 4.4444175 0.93844384 0.776464 9.036259 19.047619
 17.794273 16.32385 15.1358595 0.9272236 0.9173653 9.300774 7.9545455
 11.723434 12.985962 11.107805 0.8553703 1.1076926 5.085977 9.615385
 4.5907483 4.3937182 4.080318 0.92867076 0.9570811 9.17443 14.473684
 9.940241 6.94158 5.6779604 0.8179637 0.6983311 9.341327 13.636364
 25.326979 23.167618 21.568018 0.93095535 0.9147407 9.157569 2.2727273
 5.230829 4.1641154 3.7640162 0.9039174 0.79607177 8.530912 11.363636
 101.33636 94.57198 88.254715 0.93320143 0.9332483 9.052323 10.227273
 9.29748 6.790889 6.314948 0.9299148 0.73040104 9.18593 15.909091
 15.099691 13.530946 12.496709 0.92356515 0.89610744 9.383432 13.636364
 9.29833 8.710756 8.035591 0.92249066 0.9368087 7.5224795 7.894737
 1.2351617 0.37601373 0.15863536 0.4218872 0.3044247 4.6329756 22.222221
 15.247363 10.709151 9.479353 0.8851638 0.70236087 8.573624 15.789474
 0.9975659 0.33628675 0.07341045 0.2182972 0.3371073 1.6146796 23.529411
 10.353829 9.143849 8.396644 0.91828316 0.88313705 9.503078 11.363636
 24.377409 22.099705 20.145662 0.91158056 0.90656495 6.1069937 9.375
 13.22977 9.123224 8.357431 0.9160611 0.6895981 8.644151 18.181818
 12.478593 11.483425 10.7516575 0.9362762 0.92025 8.985322 9.090909
 11.370246 10.886444 10.035146 0.92180204 0.9574501 8.986519 6.818182
 15.238816 12.541803 11.498288 0.91679704 0.8230169 8.840098 15.909091
 17.08204 8.918634 7.461558 0.8366256 0.52210593 8.830482 13.636364
 9.79044 7.38225 6.746351 0.91386104 0.7540264 8.891329 13.636364
 4.8989444 1.1246458 0.28934047 0.25727254 0.229569 2.7448149 17.045454
 6.6988835 1.2462257 0.32810095 0.2632757 0.18603483 2.7356653 14.772727
 29.215744 26.516489 24.757578 0.93366724 0.9076096 9.159914 10.227273
 0.8332973 0.22596344 0.113674745 0.50306696 0.27116784 5.7863216 19.642857
 24.69375 20.048788 18.334467 0.91449255 0.8118972 8.874495 13.636364
 9.74023 8.084448 7.191998 0.8896091 0.8300059 9.181753 11.363636
 7.967755 6.4190526 5.6483045 0.87992805 0.8056288 8.439377 14.772727
 11.490878 9.846506 9.175018 0.9318044 0.85689765 9.174886 11.363636
 11.194946 9.287984 8.592247 0.9250929 0.82965857 8.907441 14.772727
 18.842018 15.554931 14.329656 0.9212291 0.8255449 9.434463 12.5
 32.14515 9.273643 5.18567 0.5591837 0.28849274 5.340936 10.227273
 1.0532749 0.29886663 0.13634522 0.45620757 0.28374988 4.8944144 29.166666
 10.77976 3.0177052 1.3988163 0.46353644 0.2799418 5.1348763 17.045454
 11.390648 8.983029 8.18997 0.9117158 0.78863204 9.028977 12.5
 11.830046 9.743187 9.017801 0.92554945 0.8235967 8.774639 14.772727
 4.292303 1.6040409 0.78502053 0.48940182 0.37370166 4.99154 18.181818
 10.690724 6.350169 5.648021 0.8894285 0.59398866 9.157736 18.181818
 6.5846233 5.404425 4.9762516 0.92077357 0.82076454 8.56931 17.045454
 2.8626678 0.6372198 0.075684264 0.11877262 0.2225965 1.0681845 16.25
 2.4890952 0.69305503 0.27017274 0.3898287 0.2784365 5.2190166 19.047619
 15.958456 15.066879 14.003951 0.92945266 0.94413143 8.96867 10.227273
 2.4052427 0.85761905 0.20317075 0.23690091 0.35656238 1.897225 12.5
 16.164673 14.377887 13.319584 0.9263937 0.8894634 8.875339 12.5
 11.697975 9.348875 8.648812 0.92511797 0.7991874 8.717854 12.5
 1.3018938 0.376539 0.0987656 0.26229846 0.28922403 2.1055822 25.0
 6.437641 1.8169124 0.9608153 0.52881765 0.28223264 4.060229 19.318182
 18.721382 17.409748 16.402807 0.9421622 0.92993927 9.012014 3.409091
 14.62663 13.016511 12.080161 0.92806447 0.8899187 9.134054 11.363636
 20.265621 17.494644 16.302925 0.93188083 0.8632671 9.159267 12.5
 2.500702 1.0251765 0.6831555 0.66637844 0.4099555 2.6091487 19.642857
 1.4494075 0.36179882 0.12528493 0.3462834 0.24961844 2.2397509 20.588236
 18.62251 15.870692 14.767926 0.9305156 0.85223156 9.111871 13.636364
 13.692942 12.241472 10.992789 0.8979957 0.8939987 5.062922 1.7857143
 19.401598 9.444189 8.394153 0.88881665 0.4867738 8.03009 17.045454
 8.807367 6.3795466 5.678503 0.89011073 0.7243421 8.332478 11.363636
 10.893993 9.412216 8.682023 0.92242074 0.86398214 9.149804 17.045454
 5.051448 1.6497726 0.65522814 0.39716268 0.32659402 4.0813417 16.666666
 10.450144 9.760143 9.131828 0.9356244 0.9339721 9.078022 9.090909
 2.5595064 0.55673563 0.10159258 0.18247904 0.2175168 1.7341771 19.117647
 19.95034 18.81685 17.607159 0.9357124 0.9431844 9.199733 5.681818
 1.7574372 0.4026778 0.17349258 0.43084714 0.22912784 3.8124483 18.75
 4.208157 1.3969162 0.9775072 0.6997608 0.3319544 9.825689 12.5
 6.417637 3.4293559 2.6547282 0.7741186 0.5343643 5.7988615 14.285714
 22.005081 20.630194 19.1758 0.92950165 0.9375196 9.077295 9.090909
 15.7209 9.598509 8.87114 0.9242207 0.61055726 9.047364 19.318182
 19.250002 15.475245 14.137749 0.9135719 0.80390877 8.720673 13.636364
 1.120339 0.37954137 0.14782672 0.38948777 0.3387737 3.9482691 22.058823
 7.509761 6.7599926 6.392396 0.9456218 0.9001608 9.557144 13.636364
 2.8013957 1.011772 0.42158008 0.41667497 0.36116713 2.9582505 15.909091
 8.510489 5.098377 4.3590536 0.85498846 0.5990698 6.4619055 17.647058
 14.471322 13.027022 12.206032 0.93697786 0.9001958 9.08705 9.090909
 2.9512727 0.9338278 0.37188515 0.3982374 0.31641528 5.635618 18.75
 10.18029 7.5680065 6.834646 0.9030973 0.74339795 8.743503 12.5
 6.0433235 1.5231646 0.36295426 0.23828958 0.25204086 3.1606257 13.636364
 3.5274208 1.8873558 1.2005231 0.63608736 0.53505266 6.0397778 16.666666
 14.36713 13.324381 12.488557 0.93727106 0.92742115 8.8027935 11.363636
 4.1985826 0.9352633 0.16855597 0.18022302 0.22275692 1.7482172 17.045454
 17.45312 12.279367 11.581657 0.94318026 0.703563 9.165601 13.636364
 12.070299 4.909033 1.7290217 0.35221228 0.40670347 4.68988 13.636364
 8.103569 4.3363457 3.4429142 0.7939667 0.53511554 7.9486256 14.473684
 13.696101 12.406824 11.43033 0.9212938 0.90586543 9.159885 12.5
 2.3137023 0.58802664 0.11044051 0.18781547 0.25414965 2.1510732 16.666666
 4.601481 1.6286722 0.792577 0.48663998 0.35394526 5.4247355 18.181818
 15.683186 13.832337 12.725746 0.9199997 0.8819852 8.8872595 10.227273
 1.2871706 0.5027178 0.2611014 0.5193797 0.39056033 2.9016643 21.428572
 8.559465 2.8860466 2.1066356 0.72993815 0.33717602 7.6001635 19.318182
 5.985688 1.7901363 0.660294 0.36885124 0.2990694 4.214145 14.772727
 12.48359 10.850007 10.013962 0.9229452 0.8691416 9.433351 14.772727
 28.524178 26.053417 24.26264 0.9312652 0.9133802 8.838921 4.5454545
 18.414576 14.828401 13.101818 0.88356245 0.80525345 6.2591066 14.705882
 10.683918 5.238816 4.509825 0.8608483 0.49034593 4.221625 14.583333
 11.25936 7.8952913 6.748101 0.8546995 0.7012202 8.773416 13.636364
 15.534718 12.932771 12.039263 0.93091136 0.8325076 8.999925 17.045454
 12.951262 7.158824 6.305632 0.88081956 0.55275106 8.655274 11.363636
 14.000007 12.354875 11.417425 0.92412305 0.88249063 8.869258 13.636364
 23.038311 18.331089 17.04299 0.9297314 0.7956785 8.912704 17.045454
 7.680863 6.5743737 6.035908 0.9180963 0.85594213 8.681227 12.5
 10.971766 10.128853 9.162298 0.9045741 0.92317426 7.388478 9.722222
 13.328581 11.157507 10.251276 0.91877836 0.8371114 8.5522 15.909091
 10.094478 6.0407467 5.465232 0.9047279 0.598421 8.762393 17.045454
 21.398706 16.286993 13.8477125 0.8502314 0.76112044 6.404272 11.842105
 10.784627 4.4479322 3.2060082 0.72078615 0.41243267 8.69325 19.318182
 14.591817 12.693863 11.791659 0.92892605 0.86993027 9.141655 11.363636
 12.969584 11.265237 10.375622 0.92103004 0.86858886 8.562152 14.772727
 25.247746 23.017931 21.347004 0.9274076 0.91168267 7.6517735 5.263158
 16.519844 13.727922 12.961017 0.9441353 0.83099586 8.720796 10.227273
 1.6622763 0.45294622 0.12961377 0.2861571 0.27248552 2.654147 25.0
 14.664002 3.7696545 2.213907 0.587297 0.2570686 5.7244 16.666666
 11.6315775 7.773934 7.2040844 0.9266974 0.66834736 9.6191845 17.045454
 13.297275 11.382317 10.461721 0.9191206 0.8559887 9.535422 14.772727
 12.682081 9.165442 8.303774 0.90598726 0.72270805 8.634108 15.909091
 14.3021555 8.871522 7.5356665 0.84942204 0.62029266 8.597169 15.909091
 16.746279 14.067036 12.412677 0.8823947 0.8400096 3.9394827 14.583333
 13.119916 11.328312 10.514536 0.9281644 0.8634439 9.250144 15.909091
 21.62554 17.906462 16.49593 0.9212278 0.8280238 9.030621 14.772727
 17.215979 13.009367 12.283971 0.9442405 0.75565654 9.056837 13.636364
 15.517298 12.470594 7.193352 0.57682514 0.8036576 4.424213 12.5
 19.825422 17.469358 16.320707 0.9342476 0.8811595 8.830298 11.363636
 37.773773 16.856667 13.04298 0.77375793 0.44625318 7.73561 17.045454
 6.355996 2.1098526 1.5853539 0.75140506 0.3319468 8.194292 14.772727
 1.8767081 0.3082121 0.03564255 0.11564293 0.16423018 1.2636412 19.047619
 1.7656614 0.3957609 0.16046877 0.405469 0.22414315 4.136352 25.0
 2.5581765 0.5948694 0.12355123 0.20769472 0.23253648 2.448942 17.857143
 23.824331 22.678322 21.129892 0.93172204 0.95189756 9.264185 1.1363636
 17.203007 15.25249 13.959856 0.91525096 0.8866177 9.065682 15.909091
 15.193199 13.374577 12.174738 0.9102896 0.8803002 9.120993 6.818182
 6.7590094 4.5029244 3.9902434 0.8861449 0.6662107 9.127081 15.909091
 11.371028 8.511865 7.763241 0.91204935 0.7485572 9.232661 14.772727
 24.782246 22.598083 20.98607 0.92866594 0.91186583 9.284996 11.363636
 16.225166 13.052492 12.065077 0.92435044 0.8044597 9.390577 12.5
 17.276442 15.293317 14.194015 0.9281188 0.8852122 8.774855 10.227273
 22.04014 19.20377 17.811607 0.9275058 0.8713089 9.043092 10.227273
 5.549507 2.257384 1.1794684 0.5224935 0.406772 4.9159307 13.636364
 12.02766 11.680307 10.914081 0.9344001 0.97112054 9.153365 6.818182
 5.3616195 4.1358576 3.6158066 0.874258 0.7713822 9.550733 13.636364
 15.695278 14.852062 13.733016 0.9246538 0.94627583 8.847162 11.363636
 19.975714 18.552824 17.155691 0.9246943 0.9287691 9.00332 2.2727273
 21.652351 20.75629 19.46858 0.9379605 0.958616 8.984305 6.818182
 37.40673 35.03558 32.317783 0.9224276 0.93661165 7.432727 11.111111
 14.480362 13.569849 12.647227 0.9320094 0.93712085 8.890094 11.363636
 17.953001 14.418086 13.115011 0.9096222 0.8031017 9.035288 13.636364
 5.2452793 3.2582135 2.7956808 0.8580409 0.62117064 8.44048 13.636364
 17.096302 12.24396 11.017168 0.89980423 0.7161759 9.1410265 17.045454
 14.606073 12.023059 11.103162 0.9234889 0.82315475 9.4089 10.227273
 9.24738 6.914594 6.249412 0.9038003 0.74773544 8.660089 12.5
 7.1516376 5.186149 4.73228 0.91248435 0.7251694 8.901642 17.045454
 0.6140016 0.21014817 0.07027717 0.33441722 0.34226 2.2400513 30.0
 19.590647 17.608917 16.200584 0.9200216 0.8988431 9.030463 7.9545455
 22.06235 20.383282 18.982174 0.93126196 0.9238944 9.081751 10.227273
 4.0272255 3.7171419 3.4640217 0.9319046 0.92300314 8.491878 13.095238
 19.455893 16.303421 15.291521 0.9379333 0.8379683 9.093482 12.5
 11.128373 5.849489 5.177544 0.88512754 0.52563745 7.925684 15.909091
 13.618319 9.10514 8.304957 0.9121174 0.668595 9.482938 13.636364
 16.820608 16.83125 15.851741 0.9418041 1.0006328 8.465137 13.636364
 16.031708 10.674213 9.798545 0.9179641 0.66581887 9.057982 13.636364
 14.998404 12.353845 11.389067 0.9219046 0.8236773 9.746399 13.636364
 11.243343 8.765346 7.3240333 0.835567 0.7796031 8.367751 11.25
 2.1415157 0.7007701 0.15981086 0.22805035 0.32723087 2.701176 17.045454
 2.7175007 0.6385942 0.17258412 0.27025634 0.2349932 1.338415 20.238094
 16.669498 14.7506275 13.537405 0.91775113 0.8848873 8.198068 14.285714
 5.957031 4.053963 3.049332 0.7521854 0.6805342 6.11296 14.285714
 9.048259 7.9148273 7.2053556 0.91036165 0.87473494 8.416298 14.285714
 5.854538 2.8725233 1.0078031 0.35084245 0.490649 2.055333 18.75
 17.102638 16.01924 14.868786 0.928183 0.93665314 7.421566 9.210526
 7.3517256 1.7349249 0.5155999 0.29718858 0.2359888 2.2542083 17.105263
 15.115832 13.708401 11.32423 0.82607955 0.9068903 3.4832704 4.1666665
 13.81944 7.9217834 7.000882 0.8837508 0.5732348 5.873245 16.17647
 20.011642 11.816742 10.786003 0.9127731 0.5904934 5.768882 16.17647
 4.634568 2.4126043 2.2162693 0.9186211 0.52056724 6.543757 14.705882
 11.840076 3.712362 2.7242885 0.7338423 0.31354207 5.469677 10.294118
 50.788837 22.793575 19.069986 0.8366386 0.4487911 5.8493166 10.294118
 48.706863 23.334932 12.621858 0.5408997 0.4790892 3.6316724 10.9375
 9.142793 6.426582 5.828504 0.9069369 0.70291233 5.0915847 12.5
 3.078286 2.2069602 2.0523064 0.9299246 0.71694446 6.5444865 14.0625
 13.947842 8.060779 6.961668 0.8636471 0.577923 5.7308807 16.666666
 17.413263 13.989464 12.9745035 0.9274482 0.80337983 5.7396355 11.666667
 3.8701057 1.5427285 0.39938962 0.2588852 0.39862698 1.3970355 17.307692
 7.204011 2.4595835 0.7660529 0.31145635 0.34141862 1.9415908 16.071428
 26.952394 26.32816 23.373198 0.8877642 0.9768393 4.896706 14.285714
 13.591571 14.309532 12.67491 0.8857669 1.052824 4.9592443 5.357143
 4.7699895 3.5113428 2.9577537 0.84234256 0.7361322 4.04668 7.6923075
 12.3203535 10.729438 9.527749 0.8880008 0.87087095 3.834015 10.416667
 1.0 12.890327 9.765818 8.683907 0.8892145 0.7576082 79.810196 13.914392 202.0
