 7.850869 4.3987136 4.092558 0.93039876 0.56028366 5.8337517 17.647058
 22.301765 21.808187 20.252798 0.9286786 0.97786826 9.040583 9.090909
 16.865536 15.323121 14.5603285 0.9502195 0.9085463 8.003 17.045454
 12.016632 8.964379 8.08069 0.9014222 0.7459976 7.8241115 15.909091
 19.809227 16.538538 15.196977 0.9188827 0.8348906 9.00124 15.909091
 2.001676 0.5108079 0.16799931 0.32888943 0.25519007 3.1039248 20.454546
 10.669856 8.546295 6.071891 0.71047056 0.8009756 9.004957 11.363636
 11.829509 11.084799 10.331049 0.9320015 0.9370464 7.819466 9.090909
 9.46593 6.5977206 5.1636353 0.78263927 0.69699657 8.542597 11.363636
 105.931305 71.59901 67.24706 0.93921787 0.67590034 7.8313637 11.25
 24.651896 21.96163 20.483114 0.93267727 0.89086986 9.536505 6.818182
 13.769655 10.486821 9.573398 0.91289794 0.76158917 7.098562 11.363636
 74.52012 74.02931 70.88469 0.9575219 0.99341375 8.0432205 1.25
 33.432262 32.275322 30.671188 0.95029837 0.96539444 8.202571 11.363636
 18.54735 16.263914 15.319548 0.9419348 0.8768861 8.839343 12.5
 20.40041 16.993582 15.619711 0.9191535 0.83300203 6.601847 5.882353
 78.931915 67.882706 62.22551 0.9166622 0.8600159 5.5631156 13.333333
 30.464846 28.38129 26.838085 0.945626 0.9316079 8.358448 5.681818
 14.369966 12.356635 11.374625 0.9205277 0.8598932 9.660445 11.363636
 112.17763 110.078964 105.31728 0.95674306 0.9812916 8.608084 3.409091
 31.785147 29.48075 27.35659 0.92794764 0.9275008 6.284046 9.375
 28.981232 28.291279 26.922901 0.95163256 0.97619313 8.638101 9.090909
 8.086151 7.5418305 7.108681 0.9425671 0.93268484 7.6002383 10.227273
 19.909607 18.427925 17.557117 0.95274526 0.92557955 8.274743 9.090909
 97.70362 63.689526 58.948296 0.92555714 0.6518645 8.033738 13.636364
 14.179275 11.864219 11.080835 0.9339709 0.83672965 9.264254 12.5
 31.62354 31.872684 30.246479 0.94897807 1.0078784 9.043585 11.363636
 15.64156 10.488584 10.016999 0.95503825 0.6705587 8.566893 14.772727
 40.09194 38.75521 36.918575 0.95260936 0.9666583 8.556775 10.227273
 10.572782 7.482589 5.6783614 0.7588766 0.7077219 6.6486263 15.909091
 10.626735 8.528574 7.109836 0.8336489 0.80255824 8.866208 13.75
 21.142632 20.372936 19.715673 0.9677384 0.9635951 8.040958 12.5
 86.20691 84.87508 80.098755 0.9437253 0.9845508 8.647922 6.818182
 26.784142 25.040136 23.941444 0.9561228 0.93488663 8.367471 11.363636
 34.33525 32.526493 30.984884 0.95260453 0.9473207 7.892843 5.952381
 79.588875 45.751293 41.284157 0.90236044 0.5748453 6.6203103 14.705882
 19.08839 13.670893 12.856095 0.9403991 0.71618885 8.415584 15.909091
 25.224897 23.970633 22.904913 0.9555406 0.9502767 8.1397295 8.333333
 54.42134 50.54039 48.16793 0.9530581 0.928687 8.612694 14.772727
 14.741673 13.660427 12.921844 0.94593257 0.92665374 8.69199 14.772727
 10.161264 8.278231 7.7784348 0.9396253 0.81468505 8.511568 10.227273
 12.339892 11.910494 11.416835 0.9585526 0.9652024 8.867 10.227273
 13.536629 11.441581 10.929191 0.9552168 0.8452312 8.485929 9.090909
 21.201221 18.337738 17.482868 0.9533819 0.86493784 8.0793705 9.090909
 8.480109 7.235466 6.6145134 0.9141794 0.8532279 7.9110413 14.772727
 40.506565 39.458477 37.483204 0.94994044 0.97412544 8.793587 2.2727273
 98.640465 95.17227 90.3673 0.94951296 0.96484005 7.6539445 6.25
 9.908541 8.123387 7.574593 0.93244267 0.81983685 7.7091217 14.772727
 12.165565 9.818535 9.024554 0.9191345 0.807076 8.119764 15.909091
 76.46961 74.762375 68.83784 0.9207551 0.9776743 6.146235 1.5625
 107.562904 104.60689 97.57163 0.9327458 0.97251827 8.335739 11.363636
 48.368317 47.45817 45.112034 0.9505641 0.98118305 8.678926 1.1363636
 71.50087 69.87942 66.74095 0.95508736 0.9773227 8.927051 13.636364
 23.33773 20.062868 17.810299 0.88772446 0.8596752 4.0777497 6.25
 20.947624 17.161749 15.723618 0.91620135 0.8192694 8.970612 6.25
 22.46459 20.688625 19.878008 0.9608182 0.9209438 8.514483 10.227273
 24.335403 20.844461 19.28667 0.92526597 0.85654885 8.060159 7.9545455
 42.376854 42.95402 39.564846 0.9210976 1.0136199 10.131139 9.090909
 15.714883 11.282261 8.638847 0.76570183 0.7179347 9.068731 12.5
 13.477483 13.161145 11.748856 0.8926925 0.9765284 9.309973 5.681818
 114.25021 109.79595 103.23704 0.9402627 0.9610131 8.544785 6.818182
 27.687347 25.570887 18.758883 0.7336031 0.9235586 7.0821934 6.818182
 19.291767 19.247215 18.336256 0.95267063 0.9976906 8.4036045 5.681818
 7.63895 7.28973 6.8805394 0.9438675 0.9542843 8.899904 3.409091
 69.13175 69.242004 63.478752 0.91676646 1.0015949 5.06171 3.5714285
 12.339379 9.18962 8.046049 0.8755584 0.74473923 9.104092 13.636364
 8.882517 5.5417857 5.0830684 0.9172257 0.62389815 6.0060277 15.789474
 21.957714 20.895382 19.705065 0.94303447 0.95161915 8.685097 3.409091
 37.57823 37.45353 35.274227 0.9418132 0.9966815 8.8900175 4.5454545
 15.359028 13.393316 12.532582 0.9357341 0.87201583 7.8900476 7.5
 90.98145 87.57326 83.44943 0.95291 0.9625396 8.542507 3.409091
 22.544207 21.92184 20.921349 0.95436096 0.9723935 8.1384115 3.409091
 29.300055 27.135393 21.062534 0.7762016 0.9261209 6.517955 9.090909
 8.78436 7.471729 7.003012 0.937268 0.8505719 9.033868 12.5
 19.922373 20.871092 19.815853 0.9494402 1.0476208 8.873672 5.681818
 57.714264 60.299984 58.96251 0.9778196 1.0448022 7.7707806 3.409091
 14.6128235 13.51239 12.867507 0.9522747 0.924694 9.4588785 13.636364
 112.88402 107.88929 101.0237 0.9363645 0.9557535 8.473827 0.0
 96.14659 74.22602 69.84198 0.94093657 0.77200884 8.577957 13.636364
 8.675483 8.728173 8.477085 0.9712324 1.0060735 5.717747 4.5454545
 50.088573 51.251656 49.963383 0.97486377 1.0232205 8.216189 6.818182
 56.208874 53.930443 51.27093 0.9506862 0.95946497 8.790478 4.5454545
 85.08199 83.23605 79.29205 0.95261675 0.97830397 8.615829 1.1363636
 24.823599 24.290846 22.918594 0.94350755 0.9785384 9.486366 7.9545455
 41.495396 39.65853 37.72422 0.9512259 0.9557333 8.676025 7.9545455
 25.23308 24.720787 23.472082 0.9494877 0.9796976 8.540389 10.227273
 26.018522 24.246035 23.05465 0.9508627 0.9318759 6.024025 15.625
 58.156185 42.16794 38.0971 0.9034613 0.7250809 5.641896 13.333333
 92.62089 62.226585 57.675636 0.92686486 0.6718418 8.372558 13.636364
 109.18561 101.8639 92.66697 0.90971357 0.9329425 4.4517465 3.8461537
 24.780842 23.607079 22.498087 0.95302296 0.9526342 8.693908 10.227273
 104.06634 101.72644 96.62891 0.9498898 0.9775154 8.67547 11.363636
 13.075312 12.591791 11.175725 0.8875406 0.9630203 7.596675 11.363636
 57.4738 52.268295 49.619167 0.94931674 0.9094282 7.468077 11.25
 10.362375 9.048613 8.588779 0.94918185 0.87321806 7.402559 14.473684
 12.1672735 9.278712 8.508676 0.9170104 0.76259583 9.458167 14.772727
 53.494404 55.448727 53.631134 0.9672203 1.0365332 8.144877 11.363636
 20.797268 19.049496 17.63833 0.92592114 0.91596144 8.725435 13.636364
 47.24679 44.220177 42.22687 0.95492315 0.9359403 8.506917 3.409091
 7.5312734 6.15961 5.5194654 0.8960739 0.817871 8.14574 7.9545455
 18.672506 17.51787 16.514109 0.9427008 0.93816376 8.473824 10.227273
 94.90447 92.69669 87.8276 0.94747275 0.9767369 8.620298 2.2727273
 28.651844 23.543047 20.956125 0.8901195 0.82169396 7.1751223 11.111111
 12.52073 12.783625 12.339455 0.9652548 1.0209968 7.366491 7.9545455
 73.39267 71.8331 68.44694 0.95286065 0.97875035 8.569017 11.363636
 25.17569 25.736713 24.676945 0.95882267 1.0222844 8.807372 3.409091
 94.702675 91.62103 84.01384 0.91697115 0.9674598 5.0524316 1.7857143
 68.206825 65.18351 61.999825 0.9511581 0.9556743 8.531551 5.681818
 10.750008 8.410926 6.5074124 0.77368563 0.78241116 7.582168 12.5
 18.260124 18.296165 17.50293 0.9566447 1.0019737 8.413331 10.227273
 13.434009 11.735949 11.008829 0.93804336 0.8735999 8.328297 6.818182
 50.085434 43.09787 40.641174 0.9429973 0.86048716 6.753212 11.764706
 22.729792 21.996803 20.89316 0.9498271 0.9677521 8.344431 11.363636
 11.728968 9.032581 8.575865 0.9494367 0.7701088 8.809924 11.363636
 54.309837 54.429287 50.789013 0.9331192 1.0021994 8.32608 5.263158
 26.065676 25.145334 23.945297 0.95227593 0.96469146 8.437483 7.9545455
 10.27039 9.754534 8.886269 0.9109885 0.94977254 5.8394694 10.227273
 9.241182 8.562204 7.796096 0.9105244 0.92652696 4.1116796 13.461538
 19.950191 15.664729 11.839994 0.7558378 0.78519195 8.85454 7.9545455
 22.15275 21.682304 20.78694 0.95870525 0.9787636 7.912423 9.090909
 16.245785 16.440023 15.38266 0.9356836 1.0119562 6.106448 12.5
 111.62937 108.77753 103.14473 0.9482173 0.97445256 8.103012 1.1904762
 92.141 57.812866 52.761124 0.912619 0.62743914 7.3795905 15.789474
 18.09817 16.751705 15.334602 0.9154055 0.9256022 8.758874 11.363636
 113.512314 112.14624 107.30321 0.95681506 0.9879654 8.741202 10.227273
 2.1815681 0.49530014 0.06891098 0.13912973 0.22703859 1.2769473 21.428572
 12.083105 10.646553 9.873402 0.9273801 0.88111067 7.7767477 15.909091
 21.919567 18.516306 16.932486 0.9144635 0.84473866 9.234421 11.363636
 16.28428 15.247649 14.539961 0.95358706 0.9363416 9.118704 5.681818
 24.503683 26.278246 25.067122 0.95391154 1.0724202 9.734294 12.5
 86.444084 80.5599 76.57371 0.9505189 0.9319308 8.665663 5.681818
 93.69135 91.75756 86.940865 0.94750625 0.97936 8.480645 3.409091
 20.541 20.488451 19.962982 0.9743529 0.9974417 7.878813 10.227273
 67.8981 67.012436 64.12726 0.9569456 0.986956 8.499573 1.1363636
 24.349678 22.843603 20.976461 0.9182641 0.9381481 9.716433 4.5454545
 16.903843 14.357711 13.721768 0.9557072 0.84937555 8.398214 9.090909
 12.011052 8.305847 7.546166 0.90853655 0.69151706 7.4179435 12.5
 13.818737 12.942208 12.345942 0.95392853 0.9365696 8.383176 5.681818
 23.06893 24.19035 23.497696 0.9713666 1.0486116 8.181207 7.9545455
 19.03529 17.95976 16.651747 0.92716974 0.9434982 8.536687 10.227273
 37.3615 32.464542 30.058474 0.9258862 0.8689304 8.770734 3.409091
 20.872135 19.027292 17.70068 0.9302785 0.91161215 6.9479365 12.5
 93.04779 90.50602 83.869156 0.92666936 0.97268313 6.0511813 3.125
 9.221225 7.1328087 6.18697 0.8673961 0.77352077 8.495389 16.666666
 33.68706 32.881413 31.420427 0.9555681 0.97608435 8.77128 4.5454545
 16.428337 14.164572 13.402512 0.94619954 0.8622037 8.698273 9.090909
 9.74064 8.59617 8.317937 0.9676329 0.8825057 8.617101 7.9545455
 18.162157 15.2856245 14.221572 0.9303886 0.84161943 8.003738 15.0
 2.7686691 0.8297185 0.31218493 0.37625405 0.29968134 2.4272773 13.333333
 66.204575 63.076687 60.407196 0.9576787 0.9527542 8.478396 11.363636
 3.5922313 3.0517535 2.7189069 0.8909327 0.84954256 4.272688 12.5
 18.595856 17.292883 16.471771 0.9525174 0.92993206 8.357602 13.636364
 20.5052 15.923439 14.695025 0.922855 0.77655613 6.4540668 11.764706
 20.537722 18.93481 17.945066 0.9477289 0.92195284 8.51891 14.772727
 15.293743 12.996789 11.870599 0.9133486 0.84981084 8.716657 11.363636
 23.908018 23.739256 22.808254 0.96078223 0.99294114 8.02491 4.5454545
 115.87923 110.24362 102.39088 0.92876923 0.95136654 8.460007 3.409091
 34.610573 33.791252 31.014166 0.9178164 0.9763274 6.4431915 1.5625
 77.22561 47.42256 41.78303 0.8810792 0.61407816 5.6290703 14.0625
 22.67393 18.150585 17.073385 0.9406521 0.8005046 7.7642756 14.772727
 12.696664 10.46018 9.767598 0.9337887 0.82385266 8.379599 10.227273
 32.11087 29.882826 28.735542 0.9616072 0.930614 8.1285 4.5454545
 62.902653 56.92883 53.852905 0.9459689 0.9050307 8.869697 10.227273
 1.7141024 0.4775178 0.11148294 0.23346342 0.27858183 1.9896756 17.857143
 1.1534243 0.33695227 0.08317368 0.24684112 0.2921321 2.064476 19.642857
 16.488234 14.083593 13.333291 0.946725 0.85416025 8.271536 12.5
 23.905132 23.129723 21.880133 0.94597477 0.96756303 7.487584 3.9473684
 15.179953 10.249341 9.087273 0.88662016 0.67518926 8.980649 12.5
 19.046825 17.022749 15.74117 0.9247138 0.89373153 8.297298 12.5
 7.3705792 6.0299006 5.4211206 0.89903986 0.818104 7.0030932 11.363636
 22.707073 18.713356 16.351856 0.8738067 0.8241201 7.889335 13.636364
 29.885408 28.978785 27.883879 0.962217 0.9696633 8.893297 3.409091
 17.660614 15.99631 14.088087 0.8807086 0.9057618 8.7126255 14.772727
 101.520676 89.70587 84.62343 0.9433432 0.8836217 8.461856 11.363636
 80.39935 61.972183 51.2655 0.827234 0.7708045 6.044296 7.352941
 27.881376 23.762228 22.833475 0.9609148 0.85226166 7.4128957 14.772727
 85.408035 83.61565 77.62236 0.9283234 0.97901386 5.602024 1.6666666
 13.965356 12.894287 12.172682 0.9440368 0.92330533 8.387223 10.227273
 19.351053 18.486473 17.747295 0.96001524 0.9553213 7.7933435 7.9545455
 78.029465 54.595417 27.333488 0.50065535 0.69967693 4.6172876 10.714286
 0.9813977 0.2217207 0.04041897 0.18229678 0.2259234 1.9947308 26.923077
 2.2680242 0.74773043 0.32375506 0.43298367 0.3296836 3.490481 19.736841
 25.442636 24.357319 23.13465 0.94980276 0.95734257 8.802878 3.409091
 21.15367 18.848106 17.91734 0.9506174 0.89100885 8.295232 10.227273
 29.295933 21.912096 20.073519 0.91609305 0.74795693 8.269987 9.090909
 15.451509 13.886587 11.759932 0.84685546 0.8987204 5.339068 10.0
 31.934254 32.329506 30.917816 0.95633435 1.012377 8.371308 3.409091
 112.01002 108.41482 103.19181 0.95182383 0.96790284 8.617492 11.363636
 3.4695406 1.0623921 0.42426136 0.39934534 0.30620542 4.2950954 13.636364
 32.8894 32.494843 30.952822 0.95254576 0.9880035 8.975603 1.1363636
 27.681875 24.558104 23.200052 0.9447005 0.8871546 8.445541 7.9545455
 17.594505 13.9970455 11.48668 0.8206503 0.795535 5.7262287 15.909091
 24.749939 22.659595 21.583004 0.95248854 0.9155414 8.099155 5.681818
 19.99202 11.220808 9.953512 0.88705844 0.5612644 8.7906475 13.636364
 20.425152 18.314177 17.440033 0.95226955 0.8966482 8.0329 13.636364
 63.49206 61.083508 58.481934 0.9574095 0.9620653 7.953214 7.5
 3.188111 1.0827911 0.6390708 0.5902069 0.33963406 7.6249466 21.25
 21.147455 19.177658 18.041468 0.9407544 0.9068542 8.088069 13.636364
 18.641665 14.877177 13.500248 0.90744686 0.7980606 9.389404 11.363636
 83.38823 80.57607 77.166115 0.9576803 0.96627635 8.608347 3.409091
 26.824808 24.972767 24.025908 0.96208435 0.9309579 7.855179 10.227273
 67.10256 64.42372 58.482853 0.9077845 0.9600784 5.6935344 1.6666666
 79.93329 78.48806 74.636856 0.9509327 0.9819195 8.634056 0.0
 23.210167 23.572918 22.28454 0.945345 1.0156289 7.458031 12.5
 19.046505 13.964115 13.058753 0.9351651 0.7331589 7.990758 17.045454
 55.090946 49.99655 46.41336 0.9283313 0.9075275 9.749738 5.681818
 113.07511 104.00958 95.63918 0.91952276 0.9198274 6.5319123 1.4705882
 12.251646 5.336738 3.3332925 0.6245936 0.43559355 7.1727037 17.045454
 20.37744 19.138912 17.882088 0.93433154 0.9392206 9.023867 10.227273
 38.12375 37.874947 35.483963 0.93687165 0.9934738 8.195842 7.9545455
 108.83729 101.76721 91.31316 0.89727485 0.93503994 4.094774 4.1666665
 12.624903 11.751368 9.891105 0.84169817 0.9308086 9.123723 9.090909
 23.215534 21.144512 19.734447 0.933313 0.9107916 7.4287186 11.363636
 88.98415 69.00923 62.49054 0.90553886 0.7755227 8.295432 12.5
 23.277967 10.918948 9.155873 0.83853066 0.46906793 8.271822 13.636364
 38.539406 38.33326 36.53168 0.9530022 0.994651 9.705165 5.681818
 45.9025 43.772774 41.912582 0.95750344 0.95360327 8.225024 5.952381
 43.153603 40.299355 38.68226 0.9598729 0.93385845 8.344687 6.818182
 19.315498 17.24386 16.267979 0.943407 0.8927474 8.444923 12.5
 73.29316 73.46227 68.72074 0.9354562 1.0023074 6.2196126 1.5625
 9.585675 6.77987 6.2615614 0.9235518 0.7072919 8.232495 12.5
 53.986164 51.450447 48.46412 0.9419572 0.9530302 8.495341 4.5454545
 65.17126 61.83233 59.000984 0.9542093 0.9487668 8.374189 15.909091
 20.321617 16.54522 15.259928 0.9223164 0.8141685 9.027158 13.636364
 17.129158 14.696098 13.8771715 0.9442759 0.85795796 8.223102 14.772727
 58.560604 58.03253 53.774887 0.9266335 0.9909825 5.6130614 10.0
 40.86036 38.038586 34.89476 0.9173516 0.93094105 6.7244062 0.0
 8.752521 3.3369977 2.1369364 0.6403769 0.38126135 6.5174804 13.235294
 78.08313 76.979935 71.51769 0.9290433 0.9858716 6.1592407 0.0
 23.907103 20.503551 13.951127 0.68042487 0.85763437 9.480049 15.0
 66.30796 63.898617 61.143154 0.9568776 0.9636643 8.456473 7.9545455
 18.476507 14.188811 13.152376 0.92695403 0.76793796 8.538627 12.5
 94.90818 74.976166 70.68332 0.94274396 0.7899863 8.351709 18.181818
 111.193115 109.879524 104.02542 0.9467225 0.9881864 7.3993363 2.631579
 1.413063 0.39075992 0.114505135 0.29303196 0.27653396 2.7452497 17.647058
 31.570496 32.077324 30.484314 0.9503384 1.0160539 8.086926 3.5714285
 23.82277 22.75194 21.710146 0.95421076 0.9550502 8.693084 9.523809
 27.611383 21.453936 19.224203 0.8960689 0.776996 7.5868807 10.714286
 105.60255 104.47382 99.403465 0.9514677 0.9893116 8.098984 8.333333
 80.732254 80.84465 73.563675 0.9099387 1.0013921 5.0887036 7.142857
 100.535034 99.587494 94.37812 0.9476905 0.990575 7.4493375 1.3157895
 76.45017 61.583794 56.90592 0.9240405 0.80554163 8.2022 13.095238
 15.454691 11.058068 7.60377 0.6876219 0.7155153 8.968464 8.333333
 34.733353 34.2911 31.545446 0.91993105 0.9872672 9.040962 5.952381
 108.824455 104.03967 96.12897 0.9239645 0.95603216 6.2888374 1.5625
 99.02995 99.969734 91.734146 0.91761917 1.0094899 5.5394855 1.6666666
 84.1807 82.92971 78.212456 0.9431175 0.9851392 7.3588543 9.210526
 44.727306 43.21162 40.56098 0.9386592 0.9661127 7.9883413 7.142857
 34.731915 25.542515 23.61336 0.92447275 0.7354192 7.8760347 11.25
 22.67092 20.71253 19.5857 0.9455967 0.91361666 7.230814 11.842105
 31.140686 29.803028 26.519686 0.88983196 0.9570447 4.446208 7.6923075
 19.569414 18.448957 17.323301 0.9389854 0.9427445 6.477112 7.894737
 10.981454 9.574215 7.2690883 0.759236 0.8718531 6.78759 11.842105
 94.36943 95.83075 90.34751 0.94278204 1.0154852 7.2081733 1.3157895
 97.15719 95.99913 90.306816 0.9407045 0.9880806 7.0313153 6.5789475
 23.12561 21.831825 18.22503 0.8347919 0.94405407 4.2000513 12.5
 26.17674 24.372673 21.864769 0.8971018 0.93108124 4.5798554 5.769231
 31.490025 34.251766 31.472494 0.9188576 1.0877022 4.489009 7.6923075
 113.96877 117.64446 110.22446 0.93692863 1.0322517 6.6147504 1.3888888
 82.255295 83.66384 78.133675 0.93390024 1.017124 6.4169016 8.333333
 65.009285 56.0092 48.246822 0.8614089 0.86155695 7.845423 6.9444447
 8.157872 6.2977514 4.6181736 0.73330516 0.7719845 6.2166905 15.277778
 75.34971 75.38866 69.78353 0.9256503 1.0005169 6.8232827 6.9444447
 92.32615 83.668846 77.31236 0.9240281 0.9062312 6.373304 8.333333
 86.21807 56.1955 49.94737 0.8888144 0.6517833 6.7363076 12.5
 25.525719 25.430264 23.65231 0.93008506 0.9962604 6.126225 1.4705882
 9.294532 7.3058596 6.666627 0.91250414 0.78603846 6.2725096 11.764706
 16.70241 10.781372 9.866676 0.91515964 0.645498 5.508405 10.294118
 43.26453 43.75433 40.28413 0.920689 1.0113211 6.298797 5.882353
 108.14684 106.7006 98.221985 0.92053825 0.98662704 6.0142922 2.9411764
 13.452897 11.480671 10.263821 0.89400876 0.85339767 6.3978825 14.705882
 29.28392 26.059052 23.518812 0.9025199 0.88987577 6.69621 7.352941
 104.598045 100.01469 88.878876 0.8886582 0.9561812 4.3607774 5.769231
 15.709945 15.165618 14.157171 0.9335044 0.96535146 5.9431906 6.25
 17.158072 17.109367 16.372236 0.95691645 0.9971615 5.790427 12.5
 19.154945 17.360044 15.940038 0.91820264 0.90629566 5.5283265 9.375
 18.359043 17.85848 16.883541 0.94540745 0.9727348 5.8279047 6.25
 37.59593 22.21184 16.964779 0.7637719 0.59080446 5.7840257 9.375
 22.469387 19.903942 17.739191 0.89124006 0.8858249 4.3253016 15.384615
 70.03497 68.78655 64.05374 0.9311956 0.98217434 5.315384 1.6666666
 102.181435 88.978966 82.851715 0.9311382 0.8707938 5.380413 13.333333
 39.74994 37.16495 34.856037 0.93787384 0.9349688 5.620031 8.333333
 12.668696 7.0677233 5.5228467 0.781418 0.5578888 3.8781693 11.538462
 30.498854 15.405127 12.415373 0.8059248 0.50510514 5.192931 15.0
 16.723812 14.815478 13.365893 0.90215737 0.88589126 4.5681605 5.357143
 24.686691 22.00526 16.459187 0.747966 0.89138156 5.308398 5.357143
 7.7595634 4.5041323 2.2928998 0.5090658 0.5804621 1.4357452 13.461538
 18.021315 18.054987 16.40427 0.90857285 1.0018685 4.0982375 9.615385
 21.100227 20.627459 19.058718 0.92394894 0.9775941 4.128691 9.615385
 10.202303 8.388678 6.9661136 0.8304185 0.82223374 4.3718014 15.384615
 84.215355 90.080734 80.90613 0.8981513 1.0696474 4.142655 1.9230769
 127.394005 130.37 116.92884 0.89689994 1.0233605 4.234646 0.0
 43.858345 44.98879 40.484215 0.8998733 1.0257748 4.368331 1.9230769
 51.419 50.32937 44.853756 0.8912045 0.97880876 4.2526774 3.8461537
 10.593436 10.752198 9.7954645 0.91101974 1.0149868 4.2957716 9.615385
 104.3037 106.03274 95.94448 0.90485716 1.0165769 4.150914 9.615385
 95.309845 99.642426 89.61908 0.8994069 1.0454578 3.845158 2.0833333
 30.422768 31.163347 27.886454 0.8948478 1.024343 3.6049232 6.25
 80.58393 82.81597 74.620865 0.9010444 1.0276983 3.7761269 2.0833333
 105.249695 109.930405 99.58796 0.90591824 1.0444725 3.769085 2.0833333
 19.313095 19.042038 16.100826 0.8455412 0.9859651 3.5914273 10.416667
 100.24869 105.77016 95.26825 0.9007101 1.0550778 3.7377827 0.0
 51.30944 48.02902 43.639095 0.9085986 0.9360659 3.617642 2.0833333
 1.0 40.27612 37.06635 34.293995 0.9252056 0.92030585 267.466 9.246411 303.0
