 9.0772705 8.818019 8.32381 0.94395465 0.9714395 9.057534 11.363636
 111.39347 106.73068 100.673645 0.9432493 0.95814127 9.222496 3.409091
 114.34263 112.08261 103.82179 0.92629707 0.9802347 6.4566197 4.4117646
 24.61932 23.981993 22.605976 0.94262296 0.97411275 9.412479 2.2727273
 114.892426 110.6614 104.444565 0.94382113 0.963174 9.273325 1.1363636
 109.12395 105.08771 99.326744 0.94517946 0.96301234 9.271302 0.0
 24.393335 23.067104 21.651628 0.9386366 0.94563144 9.160993 3.409091
 22.273819 20.850782 19.674297 0.943576 0.9361116 8.807969 4.7619047
 33.071377 32.40699 30.67944 0.94669205 0.97991055 9.219064 1.1363636
 27.032782 25.595402 24.0379 0.93914926 0.94682825 9.275488 3.409091
 96.862 93.14246 87.72012 0.94178444 0.96159965 9.210583 3.409091
 99.93739 95.689545 90.13911 0.9419954 0.95749485 9.249354 2.2727273
 89.95158 85.89203 80.98547 0.94287527 0.9548697 9.258228 2.2727273
 95.98127 93.48974 86.42525 0.9244356 0.97404146 6.504392 1.4705882
 3.1450784 1.2721934 0.8515978 0.66939336 0.40450293 3.1656864 18.181818
 34.52781 31.60402 29.378407 0.9295782 0.91532075 9.258758 5.681818
 87.59734 87.800026 80.921745 0.9216597 1.0023139 6.5998096 0.0
 64.529755 62.800083 57.194004 0.9107313 0.9731958 5.162629 1.7857143
 1.0 64.59737 62.276268 58.26975 0.9356654 0.9640682 516.21234 3.910251 18.0
