 103.93133 99.82083 93.25284 0.93420225 0.9604499 8.88833 9.090909
 63.635155 77.92777 77.37945 0.99296373 1.2246025 5.605724 6.6666665
 94.80135 89.80819 84.59559 0.9419585 0.94733024 6.053532 5.882353
 105.440285 100.52749 96.15918 0.95654607 0.9534069 9.116157 1.1363636
 102.22624 77.00634 73.115265 0.9494707 0.7532933 8.9018755 12.5
 112.98314 107.142 99.0762 0.9247186 0.94830084 5.2896886 0.0
 88.36318 85.96418 82.21349 0.95636916 0.9728507 8.979973 1.1363636
 113.15238 108.45405 103.662704 0.95582145 0.9584778 8.984151 9.090909
 9.536492 8.218733 7.450823 0.90656585 0.86181927 7.7672567 11.363636
 1.9971172 0.39992565 0.054663688 0.13668463 0.20025146 1.1486996 14.473684
 14.090015 12.317674 11.753695 0.95421386 0.8742129 9.090865 12.5
 1.4505904 0.40591317 0.1879873 0.46312192 0.2798262 5.327573 22.222221
 120.34201 94.39315 89.36555 0.9467376 0.78437406 8.9705515 18.181818
 112.28031 79.81296 75.16074 0.941711 0.71083665 8.875699 17.045454
 25.19406 22.949095 18.789661 0.8187539 0.9108931 8.465231 11.363636
 113.45311 109.51443 103.575134 0.945767 0.96528363 8.96844 2.2727273
 111.11956 105.95786 96.960815 0.9150884 0.95354825 8.886159 4.5454545
 121.79879 112.72433 104.68332 0.9286666 0.92549634 5.3368773 5.0
 23.509045 7.321959 5.9303923 0.8099461 0.31145287 7.85677 12.5
 126.4805 118.60115 110.3359 0.9303105 0.9377031 5.3037605 1.6666666
 92.86912 76.679344 67.53734 0.8807761 0.8256711 4.0156484 10.416667
 114.83305 110.6784 105.22782 0.950753 0.96382004 8.941964 1.1363636
 10.116066 6.092218 5.575495 0.9151831 0.6022319 9.383779 15.909091
 12.8641615 12.235254 11.677586 0.95442116 0.95111173 9.051276 10.227273
 103.91938 99.3362 94.91434 0.9554859 0.95589674 8.987485 1.1363636
 12.303454 11.299374 10.705819 0.9474701 0.91839033 9.195991 7.9545455
 4.996509 3.3454828 2.8001873 0.8370055 0.66956407 8.48705 16.666666
 17.87506 16.436483 15.502064 0.9431496 0.91952056 8.819447 6.818182
 112.04293 103.31635 98.48722 0.9532588 0.92211396 8.939459 5.681818
 13.153715 11.168547 10.68623 0.9568147 0.84907925 8.702536 9.090909
 24.524208 23.093996 22.008095 0.9529791 0.9416816 9.017741 6.818182
 60.912094 27.3882 22.84199 0.83400846 0.44963485 7.887107 17.045454
 13.750512 12.73662 12.19644 0.95758843 0.9262651 8.682292 3.409091
 109.56874 84.448524 79.431206 0.9405873 0.7707355 9.10467 13.636364
 4.0797224 1.1743975 0.49026132 0.41745776 0.2878621 5.014341 17.045454
 103.70096 81.3212 77.0464 0.9474332 0.78418946 8.921142 15.909091
 11.170448 7.7310157 6.3883634 0.82632905 0.6920954 7.472167 9.090909
 96.6017 90.85863 85.74381 0.9437058 0.94054896 8.83637 12.5
 101.68846 96.60538 90.72955 0.93917704 0.95001316 8.891628 6.818182
 108.63868 81.12924 76.30737 0.9405656 0.74678046 8.869204 17.045454
 72.035446 64.561005 60.988132 0.944659 0.8962394 8.989016 2.2727273
 1.3906072 0.2843237 0.10432756 0.36693233 0.2044601 3.452698 20.833334
 102.07989 101.55332 95.997185 0.9452885 0.99484164 8.032665 6.25
 84.252785 92.11044 85.34196 0.9265177 1.0932629 5.8481846 1.5625
 92.92353 94.011795 87.212456 0.9276757 1.0117114 7.1144457 1.3888888
 98.3426 103.930756 97.73063 0.9403437 1.0568234 6.690374 1.4705882
 104.46559 111.884056 101.4551 0.9067878 1.0710135 5.356274 5.357143
 1.0 69.16775 62.652737 58.69853 0.9368869 0.90580857 488.3465 8.981492 47.0
