 10.835992 2.7620347 0.822688 0.2978558 0.2548945 2.4838948 14.772727
 27.398779 24.471516 22.778963 0.93083584 0.8931608 9.7597 12.5
 6.972372 6.232146 5.7308006 0.91955495 0.8938344 9.518629 15.909091
 39.65329 14.461353 11.568824 0.79998213 0.36469492 8.951945 17.045454
 6.984055 4.067928 2.7215538 0.6690271 0.58245933 8.275406 17.045454
 114.521515 98.959564 91.20596 0.9216488 0.8641133 9.501192 18.181818
 53.10074 26.554892 22.181885 0.83532196 0.5000852 8.928979 17.045454
 9.784009 2.9564688 2.037482 0.6891607 0.30217355 7.336169 15.909091
 28.062098 25.564877 23.429571 0.916475 0.9110109 9.430801 6.818182
 10.837765 9.816925 9.184698 0.9355983 0.9058072 9.683556 14.772727
 8.1118965 7.239144 6.4831014 0.8955619 0.89241076 9.356926 12.5
 121.345436 112.16021 99.85261 0.89026767 0.92430514 5.79046 5.0
 100.13781 95.19896 86.51814 0.90881395 0.9506794 9.377492 11.363636
 101.15106 85.76847 79.46961 0.9265597 0.8479246 9.513354 17.045454
 12.598607 7.521137 6.303493 0.8381037 0.59698164 9.370715 13.636364
 7.0196857 5.3250074 4.789415 0.8994193 0.75858206 9.4163065 15.909091
 18.419643 15.336153 14.126518 0.9211253 0.83259773 9.513052 13.636364
 3.5022743 0.85719836 0.36689082 0.42801157 0.24475478 4.3638234 17.857143
 1.1498849 0.28266725 0.06025588 0.21316895 0.24582219 2.3376014 23.076923
 14.558277 11.939806 10.827835 0.90686864 0.82013863 10.053504 10.227273
 13.059894 9.579199 8.658694 0.9039059 0.7334821 9.575637 15.909091
 5.9351788 4.960412 4.542185 0.915687 0.8357646 9.662924 12.5
 2.6921422 1.1113404 0.71628976 0.6445278 0.41280895 6.700344 20.833334
 8.055597 6.7128534 6.192822 0.922532 0.8333154 9.470869 12.5
 5.0705223 1.5266395 0.36045924 0.23611288 0.3010813 1.7339002 17.045454
 32.53892 22.860638 19.603498 0.85752195 0.70256287 8.556668 7.9545455
 9.922903 9.606241 8.856888 0.921993 0.9680878 8.919829 9.090909
 59.338722 55.565723 47.88289 0.8617343 0.9364159 4.727558 5.769231
 12.603411 9.96929 9.113192 0.9141265 0.79099935 9.119705 11.363636
 99.46985 96.347015 89.60057 0.9299776 0.9686052 9.488635 3.409091
 103.40133 100.12842 93.09788 0.92978483 0.9683475 9.491687 1.1363636
 4.455572 2.474052 2.0078914 0.8115802 0.55527145 9.446506 15.909091
 2.5945585 0.8746972 0.32834923 0.37538615 0.33712757 3.2055342 17.045454
 6.6647496 6.1004534 5.7587442 0.94398624 0.9153312 9.5733385 16.666666
 6.8333383 5.633776 5.2639933 0.93436325 0.8244545 9.298437 10.227273
 9.354391 8.476141 7.7838182 0.91832095 0.9061136 9.564407 11.363636
 15.437776 14.7379675 13.851097 0.93982404 0.9546691 10.002016 13.636364
 67.1239 62.11181 56.580208 0.91094124 0.92533064 10.189408 3.409091
 27.709343 22.9596 20.207771 0.8801447 0.828587 9.386617 9.090909
 10.220013 8.762097 8.097566 0.9241584 0.8573471 9.387635 14.772727
 33.362614 17.37133 12.642353 0.7277711 0.5206826 7.06539 9.090909
 7.4677896 6.0992303 5.4924726 0.90051895 0.8167383 10.688476 13.636364
 105.93146 87.42646 80.00861 0.9151533 0.8253116 9.46988 10.227273
 24.357895 22.405827 21.372873 0.953898 0.91985893 9.205468 7.9545455
 4.3149257 2.902986 2.6321218 0.90669465 0.6727777 8.9411 11.904762
 3.9383812 1.1359425 0.24059992 0.21180645 0.28842875 1.6330131 17.045454
 10.180496 9.614416 8.949155 0.9308058 0.94439566 9.832887 4.5454545
 2.4642904 0.80738217 0.22631463 0.2803067 0.32763273 2.341168 16.25
 9.669534 7.484466 6.8291683 0.91244566 0.7740255 9.213489 14.772727
 6.232928 3.7999938 3.1533792 0.82983804 0.6096643 8.267562 14.772727
 16.340422 15.282632 14.033457 0.91826177 0.9352654 9.464492 3.409091
 3.0012882 0.94342333 0.19649765 0.20828152 0.3143395 1.9063352 17.045454
 4.1516514 1.7080919 0.7669743 0.44902402 0.41142467 1.9719707 10.416667
 8.156987 7.054243 6.41787 0.9097886 0.8648099 9.546933 14.772727
 9.394706 9.099045 8.347846 0.9174421 0.968529 9.1651 7.9545455
 31.017859 30.166992 28.05306 0.9299257 0.97256845 9.671934 5.681818
 19.45684 17.307178 15.933923 0.92065394 0.8895164 9.771829 6.818182
 9.999104 6.288056 5.59463 0.8897233 0.62886196 9.897951 15.909091
 14.077364 12.164175 11.143032 0.9160532 0.8640947 9.408171 12.5
 17.178345 15.438088 14.293278 0.9258451 0.89869475 9.302198 11.363636
 114.61997 107.94562 99.13324 0.91836286 0.9417697 9.562655 2.2727273
 2.9085145 0.7829887 0.21793877 0.27834216 0.26920572 1.736033 12.5
 101.25174 96.30636 89.274765 0.9269872 0.95115757 9.528834 5.681818
 15.348917 14.204794 13.367969 0.9410885 0.9254591 9.762975 12.5
 6.3451176 3.3376908 2.5586283 0.76658636 0.52602506 9.883154 11.904762
 2.3283856 0.7338336 0.14853175 0.20240523 0.3151684 2.5319238 15.277778
 9.492582 7.7291493 7.115859 0.9206523 0.81423044 9.755357 14.772727
 112.095955 107.625694 99.98248 0.92898333 0.96012115 9.565976 10.227273
 3.156213 1.0964828 0.52789384 0.48144287 0.34740457 7.2251816 19.444445
 14.219024 13.416398 12.513551 0.93270564 0.94355273 9.860261 10.227273
 4.072404 1.3427562 0.52149445 0.38837615 0.32972077 4.759621 15.909091
 78.75596 79.5848 77.24417 0.97058946 1.0105242 8.243634 7.142857
 1.8193502 0.45438445 0.081442416 0.1792368 0.24975096 1.3229289 17.045454
 28.347235 27.722855 26.401573 0.9523396 0.9779738 10.265866 11.363636
 114.54549 109.90695 96.684784 0.87969667 0.95950484 5.344656 1.7857143
 9.776398 9.128558 8.537064 0.9352039 0.93373436 9.372784 9.090909
 91.40724 90.907936 85.60968 0.94171846 0.99453753 9.508265 5.681818
 7.5378137 5.891897 5.137815 0.87201375 0.78164536 8.439779 9.090909
 7.115532 6.202165 5.6221466 0.9064813 0.8716375 6.8597555 11.111111
 104.0917 75.09303 66.583954 0.8866861 0.7214123 6.8246193 16.666666
 23.46125 20.920912 19.405468 0.92756325 0.8917219 6.400213 1.5625
 105.2051 76.85082 70.723434 0.9202691 0.7304857 6.0930314 14.0625
 6.9644213 2.9763746 1.9535111 0.6563391 0.42736858 3.6729245 15.384615
 99.3516 104.463875 92.77732 0.8881282 1.0514565 4.7994113 1.9230769
 4.3005147 2.207198 1.7560713 0.79561114 0.5132404 4.746659 11.538462
 1.0 30.680477 26.46245 23.990276 0.906578 0.86251754 222.84917 11.88382 85.0
