 114.832954 111.88083 104.42802 0.93338615 0.974292 9.008197 5.681818
 13.957862 13.263888 11.55348 0.8710478 0.9502808 3.9761543 6.25
 16.04798 17.184193 16.993423 0.9888985 1.070801 8.488219 9.090909
 109.246666 110.60742 100.477905 0.9084192 1.0124558 5.6026473 1.6666666
 8.26929 5.510275 2.3610342 0.42847848 0.66635406 5.240971 14.772727
 117.409065 115.25341 107.895996 0.9361632 0.9816398 8.994344 5.681818
 12.267853 11.530754 10.860992 0.9419152 0.93991625 9.38911 11.363636
 105.80652 106.355736 99.93311 0.93961185 1.0051907 8.9785595 0.0
 12.591448 13.465354 12.882994 0.9567513 1.0694047 8.769721 10.714286
 126.16145 124.668076 117.11312 0.9393994 0.98816293 9.032396 0.0
 13.377679 13.605157 12.805185 0.94120085 1.0170043 9.33799 5.952381
 15.526608 13.652895 12.090992 0.88559914 0.8793224 9.002196 6.818182
 119.85794 115.58942 101.5359 0.8784187 0.96438676 4.4516363 9.615385
 112.2763 111.41414 105.51044 0.9470111 0.99232113 8.8516035 5.681818
 14.875411 15.025977 14.086506 0.93747693 1.0101217 8.169884 11.363636
 3.1380808 1.3457345 0.8118168 0.6032518 0.42883998 3.1691172 14.285714
 106.21544 101.51152 95.113495 0.93697244 0.9557134 8.412725 5.681818
 16.715445 15.359205 12.857674 0.8371315 0.9188631 9.6398 13.636364
 10.0707445 10.14315 9.632166 0.9496227 1.0071898 8.749725 9.090909
 13.468829 13.172442 12.344235 0.9371258 0.9779946 8.845421 9.090909
 18.962337 19.79741 17.590273 0.88851386 1.0440384 4.4541726 0.0
 19.109835 18.63787 16.659094 0.89383036 0.9753026 4.5048337 0.0
 10.99379 10.458626 9.7296915 0.930303 0.95132124 9.178086 9.090909
 14.606589 13.532705 12.488922 0.92286956 0.9264795 9.318972 11.363636
 4.8764358 3.0826921 1.5747668 0.51084137 0.63216096 6.2069826 10.227273
 110.93679 109.37572 101.45499 0.9275824 0.98592824 9.051573 9.090909
 2.9116964 2.226812 1.7504804 0.7860927 0.7647816 8.428492 16.666666
 9.192296 8.549471 8.122614 0.95007217 0.93006915 9.259561 10.227273
 6.7354484 6.3937554 5.9041476 0.923424 0.9492695 8.988992 11.363636
 8.682178 6.3224177 4.702002 0.7437031 0.7282064 7.9057817 14.772727
 13.00624 13.717227 12.869289 0.9381845 1.0546651 10.500076 5.681818
 17.832804 17.932959 16.918093 0.94340783 1.0056163 9.1006565 4.5454545
 14.527427 8.424846 4.6731715 0.5546893 0.5799269 5.7037582 13.636364
 19.4029 17.041363 14.473861 0.84933704 0.87828946 3.4586856 8.333333
 2.1685905 0.6714299 0.20793425 0.30968872 0.3096158 3.0441625 20.833334
 12.439791 11.008598 10.237334 0.92993987 0.88495046 8.8407135 12.5
 143.09015 143.51381 126.439316 0.88102543 1.0029608 4.4584775 1.9230769
 9.445935 7.0484276 6.4134207 0.909908 0.7461863 5.7723374 10.9375
 34.13401 34.548252 31.303698 0.90608627 1.0121357 5.406046 11.666667
 13.606766 12.402243 11.638054 0.93838304 0.91147614 5.1797547 8.333333
 113.94573 111.25049 100.702515 0.9051872 0.97634625 4.9498634 5.357143
 1.0 40.554176 39.42626 36.02786 0.9138036 0.9721874 289.96652 8.609513 41.0
