 22.852802 22.40077 21.462023 0.95809305 0.98021984 8.775291 5.681818
 6.3721547 3.654432 3.1708713 0.8676783 0.5735002 8.647113 17.045454
 16.34384 15.462499 14.7426605 0.95344615 0.9460751 9.078628 0.0
 24.291975 21.868507 20.969936 0.9589102 0.9002359 8.73576 9.090909
 8.937692 7.2083745 6.8843393 0.9550474 0.80651414 8.45764 13.636364
 19.470972 18.686623 17.597046 0.94169223 0.9597169 8.606192 9.090909
 26.44272 21.278166 19.997763 0.9398254 0.804689 9.402683 11.363636
 18.509916 9.243834 8.764136 0.9481063 0.499399 9.409798 14.772727
 31.19803 28.705631 27.035898 0.94183254 0.92011034 9.023939 14.772727
 63.555286 59.079067 55.441746 0.93843305 0.92956966 6.5138273 1.4705882
 7.412435 6.0087686 5.546448 0.92305905 0.8106336 8.617626 12.5
 24.525532 22.89786 21.16118 0.92415535 0.93363357 5.804643 5.882353
 21.8627 16.28423 14.089751 0.8652391 0.74484074 4.274557 12.5
 15.866162 12.895556 11.868285 0.9203391 0.812771 8.20292 12.5
 73.78253 67.389084 63.802174 0.9467731 0.9133474 8.614351 3.409091
 12.551408 9.717997 8.925501 0.9184507 0.7742555 8.737153 9.090909
 3.6288278 0.82557845 0.20045614 0.24280691 0.22750553 2.6981487 15.909091
 9.622 8.890026 8.528971 0.95938647 0.92392707 8.5549965 11.363636
 32.770058 28.576351 27.08566 0.9478348 0.8720263 8.811734 9.090909
 13.064069 12.209733 11.322264 0.92731464 0.9346041 8.790297 10.227273
 17.258518 15.224829 14.425886 0.9475238 0.8821631 9.155599 12.5
 35.053444 31.393087 29.067299 0.92591393 0.89557785 8.597633 4.5454545
 19.065308 17.135115 16.202787 0.94558966 0.8987588 8.758754 7.9545455
 9.014195 6.3742275 5.5497804 0.8706593 0.7071322 7.3290987 14.772727
 18.692343 17.223917 16.188564 0.93988866 0.9214424 8.721829 5.681818
 13.862234 7.320391 3.4533193 0.4717397 0.5280816 4.8445945 14.772727
 16.729534 12.0041895 11.187688 0.931982 0.7175448 8.033391 15.909091
 14.708621 12.801713 9.330122 0.7288183 0.8703544 6.3778925 13.636364
 18.571161 17.318169 16.516535 0.9537114 0.93253016 8.746432 2.2727273
 20.139374 18.93863 18.077005 0.9545044 0.9403783 8.725953 7.9545455
 21.764502 20.597494 19.604761 0.9518032 0.9463802 8.583443 12.5
 23.833862 20.761568 19.415312 0.93515635 0.8710954 8.585662 6.818182
 5.9409337 5.09433 4.7351575 0.92949575 0.8574965 7.9374714 9.523809
 8.517105 6.8824697 6.4267054 0.933779 0.80807614 9.302144 13.636364
 31.293488 28.70971 27.094872 0.9437528 0.917434 8.268196 7.9545455
 26.281454 23.186289 21.99195 0.94848937 0.88223004 8.614368 10.227273
 28.79842 27.492085 26.20431 0.9531583 0.95463866 8.541824 4.5454545
 14.643523 13.986638 13.440566 0.9609576 0.9551416 8.615048 1.1363636
 17.043497 16.679426 16.004353 0.95952654 0.97863877 9.023482 10.227273
 23.804712 23.760359 22.740156 0.95706284 0.99813676 8.240458 2.2727273
 14.560159 14.305631 13.626819 0.95254934 0.98251885 8.349879 7.9545455
 2.3309073 0.7004529 0.26788533 0.38244587 0.30050656 4.5934343 22.5
 17.817434 14.954241 13.907789 0.9300231 0.8393038 8.358583 15.909091
 20.020514 17.868544 16.695644 0.93435955 0.8925118 8.463355 10.227273
 8.132261 7.25625 6.8216915 0.9401126 0.8922795 8.140907 11.363636
 14.714024 12.307993 11.317105 0.9194923 0.8364805 7.812951 7.9545455
 3.5055518 0.8757703 0.2982108 0.34051257 0.24982381 4.00104 15.909091
 17.710726 16.572178 15.145982 0.91394037 0.9357142 5.9981704 11.764706
 13.487329 12.707441 11.844316 0.93207717 0.9421763 8.624997 12.5
 8.3325 7.555785 7.0482388 0.93282676 0.90678483 8.817218 7.9545455
 6.835659 5.562946 5.0634913 0.9102176 0.8138127 8.369625 17.857143
 24.926477 23.06236 21.929268 0.9508683 0.9252154 8.547143 12.5
 12.090326 7.3045554 6.8344584 0.9356433 0.60416526 8.028617 13.636364
 23.137636 19.785452 18.833103 0.9518662 0.8551199 8.398144 11.363636
 17.56523 15.321696 14.496549 0.9461452 0.8722742 7.492088 13.75
 8.464949 6.5282154 5.6341057 0.8630392 0.7712056 8.514284 14.285714
 87.0444 56.480484 51.4027 0.91009665 0.6488698 5.94234 16.17647
 15.590116 13.231662 12.545962 0.94817746 0.8487212 7.9375668 14.772727
 11.488933 7.2212577 6.0773153 0.8415868 0.62854034 7.7158723 12.5
 17.106115 14.979825 13.904664 0.92822605 0.8757 8.181783 11.363636
 16.245634 14.372151 13.142675 0.9144543 0.88467777 8.566271 10.227273
 11.149957 10.457503 9.831339 0.94012296 0.9378963 8.719452 9.090909
 14.425192 13.628823 13.05193 0.9576711 0.9447932 8.703931 1.1363636
 13.113096 7.8517294 6.791736 0.86499876 0.5987701 8.865657 11.363636
 11.230695 9.645165 9.033261 0.9365584 0.8588218 8.19404 17.045454
 13.319347 11.959977 11.247476 0.9404262 0.89794016 9.064749 10.227273
 4.9753675 1.6958736 0.43531767 0.25669226 0.34085393 2.4188905 14.772727
 17.15028 15.720099 14.669299 0.9331556 0.9166089 6.1516304 4.4117646
 15.477074 11.226625 10.475092 0.93305796 0.7253713 8.501107 14.772727
 1.826199 0.456758 0.15135121 0.33135974 0.25011402 1.939262 19.318182
 5.4474645 5.005263 4.583516 0.9157394 0.9188243 7.919571 13.636364
 15.363873 13.713312 12.98179 0.946656 0.89256877 8.7312975 9.090909
 32.092033 30.143744 28.59937 0.9487663 0.9392906 8.623202 9.090909
 17.654964 16.60351 15.879644 0.9564029 0.9404442 9.039761 10.227273
 1.9582024 0.50118226 0.16006726 0.31937936 0.25593996 3.0052114 19.117647
 9.543263 7.172876 6.6206474 0.9230116 0.7516167 8.634046 15.909091
 19.870718 17.88549 16.933455 0.9467705 0.9000928 8.455006 9.090909
 17.428118 13.283262 11.576132 0.8714826 0.7621742 10.968736 11.363636
 10.145471 7.1802664 6.54632 0.91170996 0.7077312 8.177055 11.363636
 15.35266 14.597216 13.788176 0.9445757 0.9507939 9.496212 10.227273
 19.761503 18.918537 18.145142 0.95911974 0.95734304 8.60405 2.2727273
 14.597279 13.215235 12.3976145 0.9381305 0.90532184 8.337403 5.681818
 8.853894 8.400156 7.970647 0.9488689 0.9487527 8.49665 11.363636
 20.159826 17.295286 16.356773 0.94573593 0.85790855 8.865314 10.227273
 2.773758 1.7497501 1.5883383 0.9077515 0.63082296 8.715844 17.857143
 3.0677404 0.4658342 0.09212283 0.19775884 0.15184928 2.1637871 19.642857
 16.13047 14.404052 13.552187 0.9408593 0.8929717 8.243694 11.363636
 8.68305 6.1772895 5.7397633 0.92917186 0.7114193 8.67892 15.909091
 18.902798 14.575265 13.866133 0.9513469 0.7710639 8.153341 17.045454
 11.677789 6.967423 6.258476 0.8982483 0.5966389 3.3998916 14.583333
 8.63626 6.3406096 5.4320607 0.8567095 0.7341846 7.876564 14.772727
 17.313553 15.794366 15.018855 0.95089954 0.91225445 8.668596 14.772727
 24.247114 18.248955 16.926664 0.9275415 0.7526238 4.3951826 10.714286
 1.9008178 0.5159159 0.19228382 0.37270385 0.27141783 2.128128 18.75
 16.627102 16.021778 15.373469 0.9595358 0.9635942 7.691592 4.5454545
 5.533704 5.039527 4.7029314 0.9332088 0.9106969 8.445236 14.772727
 9.098088 5.752798 5.4207115 0.9422739 0.6323084 9.341906 15.909091
 4.353238 3.1697934 2.837058 0.8950293 0.72814614 8.865467 12.5
 15.529467 12.643887 11.926548 0.943266 0.8141868 4.8461003 5.0
 19.875069 17.568617 16.267048 0.9259151 0.88395244 5.459227 4.6875
 8.849163 7.9719462 7.581708 0.95104855 0.90087 8.471466 7.9545455
 14.1147585 12.556252 11.892824 0.9471636 0.8895832 8.755746 10.227273
 15.89902 14.765199 13.144165 0.89021254 0.9286861 8.439483 11.363636
 2.5994601 0.7618034 0.3293321 0.43230593 0.29306215 4.220933 17.857143
 7.029997 5.872763 5.485351 0.9340325 0.8353863 8.845196 10.227273
 19.860466 17.000172 16.215221 0.95382684 0.8559806 8.348501 13.636364
 11.026738 7.626175 6.7815533 0.889247 0.69160753 7.946254 13.636364
 13.0986 10.957993 10.117289 0.92327935 0.83657736 8.970721 11.363636
 8.729531 5.2188435 4.3563857 0.83474153 0.59783775 8.16353 11.363636
 1.5546385 0.47181726 0.1029527 0.2182046 0.30349 2.6752713 18.333334
 15.521875 14.978618 14.280765 0.95341 0.9650005 8.56476 12.5
 7.415384 5.2255635 4.7063766 0.9006447 0.7046923 10.225341 14.772727
 12.561677 9.791476 9.046486 0.92391443 0.77947205 8.331731 13.636364
 12.668491 11.216332 10.642827 0.94886875 0.88537234 8.340841 13.636364
 86.54677 63.052624 57.991383 0.91972995 0.72853816 5.624028 12.5
 15.524752 13.864155 12.886768 0.9295026 0.89303553 6.3841786 11.764706
 7.861455 7.2488275 6.971858 0.96179116 0.922072 8.991047 10.227273
 9.615838 8.933325 8.111931 0.9080528 0.929022 7.446594 10.714286
 8.803533 7.576381 7.1074314 0.93810374 0.8606069 8.84165 9.090909
 23.050125 17.91891 16.86945 0.9414329 0.77738875 8.625741 15.909091
 14.548554 10.960171 7.062943 0.6444191 0.75335115 4.607274 9.090909
 4.9666104 1.6318213 1.0521564 0.6447743 0.32855833 6.6570363 15.476191
 14.577018 11.325725 10.79653 0.95327497 0.7769576 8.504246 11.363636
 12.286862 10.282449 9.681787 0.94158363 0.83686537 9.242439 13.636364
 21.783873 19.040165 17.992271 0.944964 0.8740487 8.603032 11.363636
 15.174037 12.606644 11.842416 0.939379 0.8308035 8.870479 10.227273
 7.2379174 5.930031 5.513714 0.92979515 0.81930065 6.716566 8.333333
 22.455093 20.834564 19.97904 0.9589373 0.9278325 8.568259 5.681818
 17.822365 15.72338 14.873862 0.9459711 0.8822275 8.565621 12.5
 33.70811 30.054604 28.327072 0.94252026 0.89161336 9.414354 5.681818
 33.169117 31.513668 29.61422 0.93972623 0.95009065 8.570218 7.9545455
 14.52458 12.685809 11.864229 0.9352363 0.87340283 8.406499 10.227273
 22.676287 20.426516 19.390282 0.9492701 0.90078753 8.641064 13.636364
 22.077951 20.448214 19.300005 0.94384795 0.92618257 8.535915 6.818182
 33.086414 28.628944 26.400295 0.92215395 0.86527795 8.559213 12.5
 101.500175 95.78103 91.21534 0.9523321 0.94365376 8.684519 10.227273
 5.481703 3.9424195 3.4997885 0.88772607 0.71919614 9.273401 13.636364
 14.776594 11.227406 10.122013 0.90154517 0.75981015 6.6848903 17.105263
 10.962707 8.417566 7.36673 0.8751615 0.7678365 3.6588223 12.5
 15.866584 8.111947 6.2181606 0.76654357 0.51125985 3.7575753 14.583333
 19.4643 19.026707 18.292068 0.96138906 0.9775182 7.0061 9.210526
 105.95293 96.47065 88.37977 0.91613114 0.9105048 3.991948 6.25
 90.12621 90.50851 86.61516 0.95698357 1.0042418 7.4967933 7.894737
 21.653946 21.583729 20.393768 0.9448677 0.9967573 7.7114663 6.5789475
 122.73902 128.63165 121.65837 0.9457888 1.0480094 7.516211 7.894737
 89.72204 90.24198 84.886375 0.94065285 1.005795 5.0195794 3.5714285
 118.224655 126.49687 120.06862 0.9491825 1.0699704 6.49219 10.294118
 16.759285 12.632218 10.956944 0.86738086 0.7537445 6.5248437 15.625
 97.36229 101.776436 94.773254 0.9311905 1.0453373 6.6967716 8.823529
 16.917416 10.394409 9.174847 0.88267136 0.61442065 5.643782 13.235294
 106.92757 93.743996 86.48842 0.9226022 0.8767056 6.1816607 12.5
 3.9537654 0.93980956 0.39195564 0.4170586 0.23769988 1.8917501 15.384615
 10.902753 7.178801 5.935088 0.826752 0.65843934 3.949445 8.333333
 22.316236 21.350695 18.963531 0.88819265 0.9567337 4.1531835 8.333333
 1.0 21.288754 18.705683 17.404064 0.9304159 0.87866503 140.84073 11.178747 154.0
