 14.861152 13.783039 12.991196 0.9425494 0.9274543 8.698566 9.090909
 8.901239 8.265493 7.8777013 0.953083 0.9285779 8.199976 11.363636
 3.661466 1.0602281 0.48449436 0.45697185 0.28956383 5.7011967 13.636364
 8.020554 7.8520074 7.461273 0.9502377 0.9789857 8.586166 14.772727
 6.108275 1.5563494 0.4261738 0.27382913 0.2547936 3.0078504 17.857143
 13.303816 12.14796 11.339641 0.9334605 0.9131184 8.204108 10.227273
 105.12615 104.52429 99.31227 0.9501358 0.99427485 8.740957 6.818182
 98.486664 84.79468 80.32649 0.94730586 0.86097616 8.715363 7.9545455
 2.6451988 1.0081313 0.33650464 0.33379048 0.3811174 2.5844798 18.421053
 7.4503446 7.181797 6.6359305 0.92399305 0.963955 9.19192 12.5
 108.54919 94.69874 87.83942 0.92756695 0.8724039 8.520167 10.227273
 18.731615 11.941524 4.473844 0.374646 0.6375063 4.5214095 13.636364
 102.168976 101.97299 96.903145 0.95028245 0.9980818 8.775489 11.363636
 98.82211 98.30973 93.569305 0.95178074 0.99481505 8.7197695 11.363636
 1.7999465 0.6090665 0.2960039 0.485996 0.33838034 6.176862 17.1875
 100.52856 100.71217 95.13144 0.94458735 1.0018265 7.6419306 6.25
 20.46677 18.146175 9.826674 0.5415287 0.8866165 6.624196 12.5
 105.862 105.50238 99.70511 0.94505084 0.9966029 8.799245 0.0
 13.140203 10.7251 8.969238 0.8362849 0.81620497 8.205398 14.772727
 16.611675 15.306669 14.567436 0.9517051 0.9214405 9.135729 13.636364
 100.976776 100.94893 96.046394 0.9514355 0.99972415 8.699672 1.1363636
 111.007164 106.361916 101.07559 0.9502987 0.9581536 8.641716 4.5454545
 14.56899 4.164852 0.6717822 0.16129798 0.28587103 1.3986294 18.181818
 80.81711 65.796616 61.87876 0.9404551 0.81414217 8.102276 16.666666
 12.959683 8.022377 7.2724824 0.9065246 0.6190257 8.452888 14.772727
 4.958438 1.2963809 0.36841977 0.28419098 0.26144946 3.0589974 16.666666
 3.0024068 1.0131104 0.49878535 0.4923307 0.33743274 5.0835505 14.473684
 98.750145 97.584526 92.73495 0.9503038 0.9881963 8.75166 3.409091
 2.8869588 0.6734004 0.22793101 0.3384777 0.23325598 2.8757353 18.181818
 107.33477 104.132706 96.963875 0.93115675 0.9701675 8.664645 3.409091
 27.016922 28.145716 26.79549 0.9520274 1.041781 7.6458344 7.9545455
 106.461105 103.277504 96.02672 0.9297932 0.9700961 8.807506 0.0
 102.467735 95.61255 89.15892 0.9325023 0.93309903 8.627213 9.090909
 12.972777 11.400683 10.822399 0.9492764 0.8788159 8.387092 11.363636
 7.67631 7.312978 6.6348047 0.9072645 0.95266837 9.292639 12.5
 46.629684 45.73233 42.87582 0.93753844 0.98075575 8.524982 5.681818
 6.600654 2.7036083 1.7316513 0.64049643 0.409597 3.134936 12.5
 107.17229 107.011314 98.857315 0.92380244 0.9984981 8.59303 5.681818
 13.455098 13.270916 12.451409 0.9382479 0.9863113 9.568929 6.818182
 6.9350967 1.7327849 0.5831106 0.33651644 0.24985735 3.1412723 19.047619
 3.603643 0.83137393 0.103762776 0.124808796 0.23070374 1.0399212 17.045454
 98.215614 97.30376 91.704865 0.94245964 0.9907158 8.179583 9.523809
 20.948837 19.370235 18.399248 0.9498722 0.92464495 8.867492 11.363636
 107.96711 108.14124 102.78979 0.9505142 1.0016129 8.686066 0.0
 7.4084206 5.1189446 4.3149996 0.84294707 0.690963 9.369553 13.636364
 17.10903 15.736023 14.969571 0.9512932 0.91974956 8.688377 12.5
 106.31021 104.361115 99.306854 0.9515695 0.98166597 8.76919 3.409091
 14.953567 11.511198 10.788493 0.93721724 0.76979613 9.608724 14.772727
 12.136832 12.0854645 11.53031 0.95406425 0.99576765 9.052231 5.681818
 75.76189 46.782528 41.90769 0.89579785 0.6174942 5.7966776 9.375
 75.4476 72.95135 67.948204 0.9314181 0.96691406 10.3382 4.5454545
 3.8011703 0.9475064 0.3176824 0.33528256 0.24926703 3.7409205 18.181818
 97.37917 90.43381 85.72226 0.9479006 0.9286771 8.593117 3.409091
 96.52818 91.892365 85.85305 0.9342784 0.9519744 8.789242 7.9545455
 18.284777 17.672728 15.987291 0.90463066 0.9665269 8.75837 6.818182
 14.220986 15.645213 14.876435 0.9508618 1.1001496 8.2602825 6.818182
 108.51871 109.451805 104.37236 0.95359194 1.0085986 8.739178 0.0
 86.35175 72.17967 66.5784 0.9223982 0.8358796 8.3688965 15.909091
 93.80187 91.760345 85.57731 0.9326175 0.9782358 8.647019 3.409091
 105.55372 106.05269 101.20755 0.95431393 1.0047271 8.821036 7.9545455
 18.237513 17.244692 15.6151905 0.905507 0.94556165 10.04229 10.227273
 12.594334 10.165656 9.62516 0.9468312 0.80716103 6.342615 13.636364
 103.94649 101.038666 94.86164 0.93886477 0.97202575 7.2040763 3.9473684
 94.83674 93.67032 89.11611 0.95138043 0.98770076 8.788918 1.1363636
 10.328619 7.788336 6.5934157 0.8465757 0.75405395 6.5386972 17.045454
 12.229022 3.419632 2.4393704 0.71334296 0.2796325 5.2825046 17.045454
 7.4576397 6.37467 5.850094 0.9177093 0.8547839 7.5471816 12.5
 7.9584646 5.748531 5.210629 0.9064279 0.72231656 8.378018 14.772727
 8.799813 8.338751 7.848001 0.9411483 0.9476054 8.276641 13.636364
 7.6353335 5.433301 4.800736 0.8835763 0.7115997 6.5940866 11.111111
 3.643997 1.0440311 0.3140765 0.3008306 0.28650713 3.3466258 18.421053
 26.148365 19.829315 11.29207 0.5694635 0.7583386 7.924611 13.636364
 16.212568 16.581825 15.552982 0.93795353 1.022776 9.384582 7.9545455
 12.645433 10.850678 10.0336275 0.9247005 0.8580709 8.805845 9.090909
 103.965866 103.65573 97.81368 0.9436399 0.9970169 8.49462 11.363636
 17.459501 17.782707 16.76813 0.9429458 1.0185118 8.845256 5.681818
 98.08413 95.391914 88.379135 0.9264846 0.972552 6.041339 4.6875
 12.134928 6.9666944 6.4372535 0.92400396 0.5741027 8.333402 14.772727
 95.48556 91.81292 87.370384 0.9516131 0.96153724 8.722164 14.772727
 98.09574 94.62753 85.72571 0.9059277 0.9646446 6.13303 7.8125
 94.18848 93.030106 88.23475 0.9484537 0.98770154 8.833367 10.227273
 93.98958 92.53349 87.828316 0.94915164 0.98450804 8.732783 10.227273
 105.89968 106.64322 101.615616 0.9528559 1.0070212 8.813001 4.5454545
 102.87269 102.17362 95.614746 0.9358065 0.9932046 8.684446 3.409091
 10.400542 8.100132 7.363963 0.9091165 0.7788182 8.817208 15.909091
 3.0663276 0.71322954 0.28634408 0.40147534 0.23260057 5.082283 17.857143
 11.781444 10.224891 9.733621 0.95195353 0.867881 7.216896 9.090909
 111.61975 99.61569 93.66965 0.94031024 0.89245576 8.935836 13.636364
 105.07479 102.10662 95.23346 0.93268645 0.97175187 8.586815 5.681818
 4.23914 0.8514932 0.16998994 0.19963747 0.2008646 1.9176303 16.25
 4.474412 2.0721366 1.0868567 0.52451015 0.46310815 6.9924974 15.909091
 4.7130165 1.7654657 1.0252208 0.5807084 0.37459362 4.43858 19.047619
 15.734259 12.1230345 11.292222 0.9314683 0.77048653 8.690768 17.045454
 16.90284 14.453813 13.374548 0.92533016 0.85511154 9.478515 5.681818
 96.39678 93.68437 85.52343 0.91288894 0.9718621 5.071215 3.5714285
 6.8951926 6.3715396 5.8209553 0.913587 0.92405534 8.040145 11.363636
 14.324482 12.076723 11.57174 0.9581854 0.8430827 9.180943 11.363636
 2.2451856 0.5141029 0.114414744 0.22255225 0.22898011 2.626785 20.0
 108.33154 104.64328 98.63995 0.9426306 0.9659539 8.721273 5.681818
 103.73813 94.63761 85.37026 0.9020754 0.9122741 5.076384 5.357143
 112.08108 100.01028 93.71461 0.9370498 0.89230293 8.851787 13.636364
 8.6544485 4.8812985 3.359119 0.6881609 0.56402194 7.282378 17.045454
 12.799029 7.3382754 6.0762753 0.828025 0.57334626 8.271967 12.5
 102.20773 102.004005 96.796326 0.94894636 0.99800676 8.697283 5.681818
 5.5552406 3.760579 3.3683589 0.8957022 0.6769426 8.004771 13.636364
 8.486513 2.3545597 0.5216813 0.22156215 0.27744722 2.3898976 17.045454
 10.803117 3.8667982 2.14983 0.5559716 0.35793358 7.090385 15.909091
 92.81845 92.98052 88.060326 0.94708365 1.001746 8.752108 0.0
 8.65374 8.735682 7.98721 0.9143202 1.0094689 8.398723 9.523809
 19.730335 20.538044 18.6293 0.9070629 1.0409374 4.789515 8.333333
 17.278875 9.869482 8.987151 0.91060007 0.57118773 8.249153 18.181818
 6.669966 4.9912367 4.5398917 0.9095725 0.74831516 8.583111 12.5
 4.887865 1.4329311 0.42689624 0.2979182 0.29316095 3.683317 19.047619
 91.584435 90.79805 86.25101 0.9499213 0.9914136 8.6936865 1.1363636
 91.226 86.22526 76.88102 0.89162993 0.9451829 4.524008 9.615385
 1.6072797 0.46535417 0.10994848 0.23626839 0.28952906 2.5735908 23.333334
 34.75267 36.11476 34.09142 0.9439747 1.0391939 6.202432 7.8125
 117.89263 104.369354 98.76125 0.9462668 0.8852916 7.802108 11.25
 110.34994 98.99006 93.83185 0.9478917 0.89705586 7.807283 16.25
 4.457734 1.3477117 0.43319467 0.3214298 0.30233112 3.7331402 15.0
 87.3139 85.71328 78.749954 0.91876024 0.9816682 4.576933 0.0
 62.201885 51.153637 47.198235 0.922676 0.82238084 7.083152 13.157895
 15.01614 11.098075 8.793886 0.79237944 0.7390764 6.4705224 8.333333
 1.8021533 0.44980112 0.17666854 0.39277032 0.24959092 2.8781352 19.117647
 9.114993 8.672029 8.066668 0.9301938 0.95140266 6.566191 11.111111
 14.37698 5.3312774 3.306539 0.6202152 0.3708204 5.261157 12.5
 94.32758 92.63816 86.4786 0.9335094 0.9820898 6.7163105 11.111111
 100.04269 95.147545 88.62287 0.9314257 0.9510695 6.767838 13.888889
 96.15593 95.326225 88.41773 0.92752784 0.9913712 6.157713 2.9411764
 121.81168 109.13087 101.06198 0.92606235 0.89589816 6.186579 13.235294
 98.10853 97.59717 89.47939 0.9168237 0.99478775 5.721587 6.25
 111.63462 90.99804 82.5626 0.9073009 0.8151418 5.206471 11.666667
 101.69803 99.46103 92.79598 0.9329884 0.9780035 5.4803033 8.333333
 107.03336 104.06636 95.75925 0.92017484 0.97227967 4.9560986 7.142857
 107.000755 98.51977 90.13671 0.9149099 0.920739 4.9293776 12.5
 111.255394 112.24428 102.02221 0.9089301 1.0088885 4.8739347 7.142857
 16.312914 15.853432 14.717799 0.9283668 0.9718333 4.8121734 12.5
 21.483494 12.05126 10.053407 0.8342204 0.5609544 5.0056877 12.5
 107.36574 102.56233 93.174 0.9084622 0.9552613 4.576502 7.6923075
 1.4579813 0.38057384 0.16346696 0.42952758 0.2610279 2.3251202 15.909091
 4.6739287 1.1671934 0.23534761 0.2016355 0.24972425 1.0530481 15.384615
 49.795933 54.390266 49.755703 0.9147906 1.0922632 4.4986067 1.9230769
 119.358925 122.26617 109.872314 0.8986322 1.0243572 4.127356 4.1666665
 118.58614 127.96801 115.72197 0.90430385 1.0791143 4.057157 0.0
 0.99310344 50.829266 47.554752 44.055023 0.9264063 0.9355782 358.2029 10.618223 145.0
