 6.8313456 5.898833 4.490382 0.7612324 0.86349505 4.939837 10.227273
 79.59421 77.22692 73.11537 0.9467602 0.970258 9.1232 0.0
 3.5099134 0.9045137 0.18608269 0.20572679 0.25770256 1.9788074 18.181818
 11.681284 10.420784 9.6762 0.9285482 0.89209235 8.522787 12.5
 5.901425 3.9088972 3.697141 0.94582707 0.662365 8.352033 9.090909
 21.467493 19.944597 18.944218 0.9498421 0.9290604 8.26485 6.818182
 17.926628 10.696748 6.070235 0.56748414 0.596696 6.0484247 15.625
 74.534546 68.76086 61.92423 0.90057385 0.92253673 3.7389343 6.25
 64.265594 38.743088 34.743134 0.8967569 0.6028589 8.4502325 13.636364
 74.00706 53.17966 50.537445 0.9503153 0.71857554 9.0169935 18.181818
 4.172945 1.3932998 0.64750254 0.46472594 0.33388883 5.88567 18.181818
 76.28021 70.57786 66.506546 0.94231457 0.9252446 8.945814 9.090909
 86.10755 80.61737 76.64482 0.9507234 0.93624043 8.953017 6.818182
 10.838922 6.4799724 5.4725122 0.8445271 0.59784293 8.005861 17.045454
 12.327804 10.226286 9.665477 0.94516 0.8295303 8.78198 13.636364
 11.235706 9.783709 9.2030945 0.940655 0.8707694 9.32742 12.5
 8.88347 7.6006165 7.0726724 0.9305393 0.85559094 8.111677 11.363636
 82.46234 66.900856 63.429558 0.9481128 0.8112898 8.824298 18.181818
 9.905939 9.402696 8.886278 0.9450778 0.9491977 9.332991 5.681818
 85.897705 84.00952 79.43826 0.94558644 0.97801816 8.9640045 0.0
 72.72666 55.478436 51.342648 0.92545235 0.7628349 8.789622 14.772727
 11.295335 9.719655 8.72991 0.8981708 0.8605017 7.917364 13.636364
 81.39992 67.34768 63.114517 0.9371447 0.8273679 8.94977 18.181818
 93.46695 67.330894 61.912327 0.9195233 0.7203711 8.824996 17.045454
 2.8221266 0.8238098 0.28229192 0.34266636 0.291911 3.7064745 14.772727
 11.306294 11.330301 10.817981 0.95478314 1.0021232 9.236532 4.5454545
 9.973954 9.22275 7.254511 0.7865887 0.9246834 7.3718877 15.909091
 90.08164 89.68298 85.19803 0.94999105 0.9955745 9.097556 1.1363636
 7.417846 6.3788457 6.0823307 0.9535159 0.8599323 9.455952 11.363636
 89.656105 72.07613 65.182396 0.90435475 0.80391777 8.563532 13.636364
 75.76563 55.274185 50.344975 0.9108226 0.72954166 8.715985 14.772727
 72.776825 70.923 66.83895 0.9424158 0.97452724 8.894818 1.1363636
 12.761905 12.211768 11.5135565 0.94282466 0.9568923 8.881276 7.9545455
 2.7252746 0.9939133 0.39348 0.39588967 0.36470208 2.0459251 11.363636
 87.413574 66.93791 63.45553 0.9479759 0.7657611 8.941864 18.181818
 17.374403 15.890566 14.783785 0.9303498 0.9145964 9.737176 3.409091
 12.20828 11.162885 10.585917 0.94831383 0.91436994 8.953581 11.363636
 81.00808 77.7886 73.711464 0.9475871 0.9602573 9.046954 4.5454545
 82.54332 72.64788 64.90974 0.8934843 0.8801182 4.0165954 14.583333
 68.76125 66.1937 60.82438 0.9188847 0.9626599 5.0045877 14.285714
 93.62128 77.71412 72.74293 0.9360323 0.83009034 8.968912 17.045454
 78.81074 70.69235 66.9425 0.9469553 0.8969888 8.938211 18.181818
 63.405296 55.990696 52.778515 0.9426301 0.8830602 8.775321 13.636364
 92.96582 88.82383 83.647446 0.94172305 0.9554461 9.035461 7.9545455
 76.82392 58.015415 54.989864 0.9478492 0.7551738 9.206 19.318182
 85.772354 81.41011 77.20245 0.9483153 0.9491416 8.84982 10.227273
 73.393364 70.11357 64.13806 0.9147738 0.9553122 5.04551 1.7857143
 2.3488991 0.7727821 0.20935114 0.2709058 0.32899755 3.0090039 19.047619
 2.4292817 0.69542634 0.26926965 0.38720077 0.28626832 3.954283 21.052631
 85.02683 81.03859 77.015205 0.9503522 0.95309436 9.046483 1.1363636
 71.720505 49.283737 45.6188 0.92563605 0.6871638 8.796841 12.5
 7.6361084 4.839217 3.345219 0.69127274 0.63372815 9.970907 13.636364
 66.00797 44.468372 41.597996 0.93545127 0.67368186 8.838626 13.636364
 12.035552 9.727328 9.295106 0.95556617 0.8082162 9.370652 12.5
 12.726731 11.147485 10.6096945 0.9517568 0.87591106 8.978787 12.5
 82.2976 59.454884 53.827705 0.90535384 0.7224376 6.400583 14.705882
 3.0333114 0.8392205 0.24381149 0.29052135 0.27666813 2.9857728 15.909091
 4.8213763 3.507167 3.1316981 0.89294237 0.72742033 8.908527 12.5
 81.198685 76.72813 71.36393 0.9300883 0.94494295 6.017047 0.0
 10.352264 9.953309 9.503787 0.9548369 0.9614621 8.847185 3.409091
 67.09352 47.716698 44.29899 0.928375 0.7111968 8.905777 13.636364
 25.747026 12.662079 10.482145 0.8278377 0.49178797 7.550112 18.181818
 72.33986 70.95915 67.347755 0.949106 0.9809136 8.860558 5.681818
 4.421846 1.2633712 0.58208525 0.4607397 0.28571126 6.0782948 14.772727
 9.724111 8.045324 7.4361844 0.9242864 0.8273584 10.336044 18.181818
 76.279945 73.91847 70.46685 0.95330507 0.96904194 9.022652 1.1363636
 19.666769 16.756063 14.246991 0.85025877 0.85199887 8.070247 10.227273
 9.078207 7.611301 7.0217214 0.9225389 0.8384146 9.22857 11.363636
 89.87853 74.21023 69.83133 0.9409933 0.82567245 8.914238 10.227273
 9.978631 5.2574687 4.1737638 0.7938732 0.52687275 8.806682 15.909091
 6.4203715 5.676582 5.2253904 0.9205171 0.88415164 9.660531 10.227273
 88.32719 67.24178 61.703396 0.9176347 0.7612807 8.672912 13.636364
 68.423996 61.25952 57.34623 0.93611944 0.89529294 8.9529085 13.636364
 7.6546764 5.6573014 5.166291 0.9132077 0.73906475 9.043933 14.772727
 4.304001 1.224098 0.3896378 0.31830606 0.2844093 3.695748 14.772727
 64.03358 61.10394 58.20457 0.95255023 0.95424837 9.164781 6.818182
 66.93775 51.174015 48.182842 0.94154894 0.7645016 8.91109 15.909091
 81.259796 72.61857 68.3289 0.9409289 0.89365923 9.044848 14.772727
 100.09478 79.487686 75.39065 0.94845694 0.7941242 9.043402 19.318182
 76.899765 72.33641 67.7531 0.93663895 0.94065833 8.992506 6.818182
 10.343178 10.151017 9.881031 0.97340304 0.98142153 8.59643 12.5
 79.002594 58.73767 55.399734 0.9431721 0.7434904 8.77827 17.045454
 25.909727 25.318346 24.168465 0.95458305 0.9771753 9.26536 3.409091
 83.55905 70.95007 66.3889 0.9357129 0.849101 8.924676 11.363636
 62.187195 61.521095 58.400032 0.9492684 0.9892888 9.251565 0.0
 8.177428 7.1355033 3.7405968 0.52422327 0.8725853 6.46491 15.909091
 11.928566 10.84059 10.290252 0.94923353 0.9087924 8.791344 9.090909
 74.70311 70.97949 66.79936 0.9411079 0.95015454 9.033117 10.227273
 11.260447 10.195251 9.638271 0.9453687 0.9054039 9.065247 13.636364
 73.30812 72.833565 69.02601 0.94772255 0.9935265 9.073067 1.1363636
 80.99719 72.994965 69.44198 0.95132565 0.9012036 9.016857 10.227273
 62.888393 38.6817 34.373573 0.88862616 0.61508495 8.4214325 20.454546
 82.10189 73.11765 69.48214 0.9502786 0.89057213 9.095356 7.9545455
 75.6876 51.054585 47.52559 0.9308779 0.67454356 8.422734 17.045454
 89.52431 83.613304 78.756874 0.94191796 0.93397325 8.5341215 13.095238
 13.236417 11.028901 10.496408 0.9517185 0.83322406 9.002811 10.227273
 82.893036 66.84711 63.6498 0.95216984 0.8064261 8.832159 17.045454
 80.14975 50.365597 47.256866 0.9382767 0.62839365 9.134494 9.090909
 15.171305 12.764931 12.09137 0.94723344 0.8413865 8.246759 14.772727
 2.0939393 0.9480506 0.29351944 0.30960312 0.45275933 2.4083083 22.368422
 19.296225 19.525263 18.304111 0.9374579 1.0118695 9.377052 0.0
 2.2987044 0.6431583 0.23084065 0.3589173 0.27979165 5.12666 18.181818
 70.26327 64.52599 60.82636 0.9426645 0.9183459 8.91374 12.5
 70.75564 69.80584 65.6747 0.9408195 0.9865764 8.219522 10.714286
 3.3043504 1.4220387 0.79389316 0.55827814 0.43035346 5.6778455 16.666666
 13.378784 11.89633 10.231331 0.8600409 0.8891937 4.1426773 7.6923075
 12.635361 10.359866 8.449041 0.81555504 0.8199106 4.5987134 7.6923075
 64.80491 63.79969 59.728287 0.9361846 0.98448855 7.38556 3.9473684
 49.779053 46.803852 42.110558 0.8997242 0.9402319 5.2950096 3.5714285
 81.272026 59.178032 53.52512 0.90447617 0.7281476 6.4117875 16.17647
 73.10257 59.911335 55.188904 0.9211763 0.8195517 6.641134 17.647058
 85.94404 87.74248 80.7123 0.91987723 1.0209256 6.4706264 1.4705882
 78.00587 70.613335 64.46014 0.91286075 0.90523106 5.507855 6.6666665
 64.42574 45.252995 39.953808 0.8828987 0.7024055 5.257576 15.0
 82.16644 62.58533 54.99738 0.8787583 0.76168966 4.4180865 15.384615
 91.985344 69.28961 62.094154 0.8961539 0.7532679 5.0179086 16.071428
 75.24034 76.38022 69.03599 0.90384644 1.0151497 5.057394 1.7857143
 2.4859843 0.6498166 0.18686928 0.28757235 0.26139206 0.7268726 17.5
 19.739986 18.215122 16.665123 0.9149059 0.9227525 4.460297 3.8461537
 77.085815 56.241024 48.872913 0.8689905 0.72958976 4.285445 11.538462
 76.03886 72.40154 64.612724 0.8924219 0.95216507 4.449915 5.769231
 84.955444 62.81302 55.53334 0.88410556 0.73936427 4.308963 11.538462
 11.302656 8.058243 5.745353 0.7129784 0.71295124 3.912838 12.5
 75.625 62.281673 54.976086 0.88270086 0.82355934 3.9972494 4.1666665
 1.0 48.36553 41.031967 37.981388 0.9256536 0.84837216 323.70035 11.41063 124.0
