 9.971983 6.65065 5.816402 0.8745614 0.66693354 6.287464 10.0
 14.620322 14.608176 13.408178 0.91785437 0.99916923 10.07292 7.9545455
 21.213284 13.746879 12.342851 0.8978657 0.6480316 9.138464 15.909091
 7.84863 3.9558594 2.9630036 0.74901646 0.5040191 7.2218175 9.523809
 12.17702 8.606007 7.6542277 0.8894053 0.7067416 9.449561 12.5
 4.8712873 2.2169156 1.7930855 0.80881995 0.4550985 7.319163 15.909091
 5.366253 2.703939 2.3622227 0.87362283 0.5038784 10.945356 15.476191
 31.500994 30.15327 27.911915 0.9256679 0.9572165 10.714455 10.227273
 24.44927 22.14888 21.284958 0.9609948 0.9059117 9.2219715 10.227273
 11.562617 10.627699 9.956335 0.9368289 0.919143 9.743946 7.9545455
 25.608767 23.298779 21.606327 0.9273588 0.90979695 10.048452 12.5
 92.59658 53.182037 48.64376 0.9146653 0.57434124 9.571392 15.476191
 71.66803 59.239132 54.651184 0.92255205 0.82657677 9.716739 9.090909
 12.185235 10.559505 9.809817 0.9290035 0.866582 9.713455 11.363636
 12.16124 12.519628 11.7194395 0.9360853 1.0294697 9.899988 6.818182
 53.597622 43.328594 40.319637 0.930555 0.80840516 9.7069235 7.9545455
 15.75702 15.856314 14.954743 0.9431412 1.0063015 9.681692 7.9545455
 7.544363 3.1120682 1.0720307 0.3444753 0.41250244 4.6077065 17.045454
 9.485914 7.549213 6.0273046 0.7984017 0.79583395 8.402924 10.227273
 11.485767 6.955095 5.980159 0.8598242 0.6055403 8.168733 15.909091
 30.28138 25.27015 23.045294 0.9119572 0.83451116 7.2059817 15.277778
 40.041958 35.859554 33.70955 0.94004375 0.8955495 8.650178 5.681818
 7.227474 4.5010266 4.0828695 0.9070974 0.62276614 9.628574 19.047619
 106.39981 79.5176 72.32085 0.9094948 0.7473472 7.034165 19.117647
 13.075615 6.646726 5.7588334 0.8664165 0.5083299 7.9498935 18.181818
 9.08052 7.8857656 7.458607 0.9458317 0.86842674 9.946436 12.5
 84.81929 53.77243 49.065136 0.91245896 0.6339646 9.356751 15.909091
 109.47133 83.86225 77.901726 0.9289248 0.7660659 9.614017 15.909091
 12.289247 11.159966 10.494891 0.94040525 0.9081083 9.916511 17.045454
 16.656086 15.405353 14.423543 0.9362683 0.9249083 9.730189 9.090909
 4.3650618 1.395146 0.3543037 0.25395456 0.31961656 1.04285 14.583333
 92.83984 66.86349 60.937798 0.9113763 0.7202025 9.415202 14.772727
 13.651577 12.040233 11.328739 0.94090706 0.8819664 8.952742 12.5
 112.88306 108.30381 100.03527 0.92365426 0.95943373 9.543532 6.818182
 9.655709 2.367994 1.6920909 0.71456724 0.24524288 6.4635863 17.045454
 10.909089 9.651808 8.674463 0.89873976 0.8847492 9.443079 15.909091
 11.845105 10.269855 9.459649 0.92110837 0.8670125 9.197461 15.909091
 21.083075 22.025412 19.586826 0.8892831 1.0446963 3.9033742 12.5
 55.22414 42.500977 39.392254 0.9268553 0.7696087 9.27475 14.772727
 59.707073 35.28938 31.533499 0.8935691 0.5910418 9.282756 15.909091
 23.867939 17.494202 15.882653 0.907881 0.73295814 9.387064 13.636364
 4.591707 2.8517106 1.8129053 0.63572556 0.62105674 8.171787 17.857143
 12.032397 12.508945 11.797098 0.943093 1.0396054 9.94556 9.090909
 116.05557 72.969086 64.55424 0.8846792 0.62874264 3.9780622 16.666666
 91.74327 75.074005 69.72881 0.92880106 0.81830525 9.480246 12.5
 14.538033 13.841047 12.862503 0.92930126 0.95205784 9.782247 7.9545455
 8.815819 8.779606 8.185467 0.93232733 0.99589217 9.5792675 9.090909
 36.795326 17.972578 15.529929 0.8640902 0.48844734 9.025245 15.909091
 18.31026 17.247564 15.947567 0.92462724 0.94196165 9.040428 12.5
 4.422657 2.360781 1.6574379 0.70207185 0.5337925 7.522935 12.5
 8.973817 8.847408 8.282791 0.9361828 0.9859137 9.546921 10.227273
 18.693462 14.440067 13.156022 0.9110776 0.7724662 7.35019 13.636364
 97.553314 84.64012 79.36845 0.93771654 0.86762935 9.624995 12.5
 15.661864 7.5745573 6.4214215 0.847762 0.48363063 5.9215846 17.1875
 17.644392 10.05292 8.142601 0.80997366 0.5697516 6.193886 18.181818
 20.520359 20.636171 19.593666 0.94948167 1.0056437 10.572162 10.227273
 23.180477 23.283667 20.59359 0.88446504 1.0044515 9.533854 10.227273
 29.78279 21.922707 20.650295 0.94195926 0.7360864 9.239584 14.772727
 60.249996 51.431343 47.88005 0.93095076 0.85363233 9.262366 4.5454545
 103.385 83.76744 78.36083 0.93545693 0.81024754 8.44501 8.75
 69.47785 61.173187 57.498417 0.9399284 0.8804704 9.676872 12.5
 84.825935 64.921364 59.91235 0.92284495 0.765348 9.495443 12.5
 8.676012 6.8964405 6.1584706 0.8929926 0.794886 9.535272 14.772727
 103.033356 90.15666 82.58889 0.91605973 0.8750241 7.411992 6.9444447
 4.2072616 2.0579627 1.5630533 0.7595148 0.48914543 9.49402 18.75
 101.98062 76.29097 70.18417 0.91995394 0.74809283 9.416738 17.045454
 10.480141 9.296678 8.71103 0.9370046 0.88707566 9.827607 12.5
 7.5542493 2.619111 0.97538435 0.37241048 0.346707 4.023032 19.736841
 91.99492 71.20516 65.86638 0.92502254 0.77401185 9.651649 17.045454
 11.346815 9.22951 8.073619 0.8747614 0.8134009 9.552785 12.5
 13.275564 8.931816 6.9635034 0.77962905 0.6728012 7.5415273 13.636364
 52.71225 29.949917 26.380863 0.8808326 0.5681775 9.123477 13.636364
 13.691712 11.951011 10.002295 0.8369413 0.87286454 10.99417 14.772727
 97.267075 68.45471 62.30039 0.9100964 0.70378095 9.414827 14.772727
 14.010031 11.867007 11.356456 0.95697725 0.84703654 10.32128 11.363636
 11.6434965 10.526749 9.719297 0.92329526 0.9040883 9.554997 11.363636
 20.160448 9.126309 6.656995 0.72942907 0.45268387 9.561625 18.181818
 10.519588 9.408295 8.957931 0.9521311 0.8943596 9.324729 13.636364
 16.010412 13.062538 11.25248 0.86143136 0.8158777 7.0318117 13.75
 90.05055 67.225815 62.01322 0.9224615 0.74653417 9.313351 14.772727
 61.318546 56.186165 52.228405 0.9295599 0.91629964 9.77549 9.090909
 14.71333 12.873999 12.1965275 0.9473768 0.8749888 9.794775 13.636364
 9.332239 8.5165205 8.0933075 0.95030683 0.9125913 9.40955 9.090909
 8.403893 7.2167354 6.6889153 0.92686164 0.8587372 9.346165 11.363636
 9.022446 7.2078524 6.494555 0.9010388 0.7988801 8.823363 12.5
 20.600794 17.175165 16.10142 0.9374827 0.83371377 10.138541 10.227273
 17.14777 11.765129 10.946318 0.9304035 0.6861026 9.928855 14.772727
 75.70235 51.22746 47.193237 0.92124885 0.67669576 9.36949 15.909091
 8.846785 8.121207 7.4935756 0.9227169 0.9179841 10.21796 12.5
 9.64603 7.4437056 6.687291 0.898382 0.7716859 8.041073 11.363636
 6.3793774 6.210754 5.8254395 0.93796015 0.97356737 8.738987 10.227273
 7.4880576 6.3360944 5.80643 0.9164052 0.84615993 9.091284 15.909091
 90.82853 77.34361 72.37362 0.9357414 0.8515343 9.638302 15.909091
 11.62924 10.226295 9.686518 0.9472167 0.8793606 9.606794 7.9545455
 12.3423395 8.116288 5.695171 0.7016965 0.65759724 5.5550995 15.909091
 22.043543 18.626995 17.681086 0.9492184 0.84500915 9.02056 17.045454
 98.16571 91.95683 86.03131 0.9355619 0.936751 9.680518 11.363636
 54.003628 37.127094 33.773502 0.9096726 0.6874926 8.993598 13.636364
 12.184043 12.657626 11.574147 0.9144012 1.0388691 10.221228 10.227273
 13.721205 9.307008 8.367993 0.89910674 0.6782937 9.251683 15.909091
 34.78718 10.727951 5.0317817 0.46903473 0.30838805 5.4811387 17.045454
 9.613633 6.315588 3.478718 0.55081457 0.6569408 7.0251937 18.181818
 90.12782 55.47093 51.065174 0.9205754 0.6154696 9.558037 15.909091
 56.68719 47.92129 44.38477 0.9262014 0.8453637 9.625332 6.818182
 38.33484 19.071299 16.58145 0.86944526 0.49749258 7.586635 19.318182
 10.344023 10.048537 9.365645 0.93204063 0.9714342 10.090479 7.9545455
 12.619661 6.620683 5.2427607 0.79187614 0.5246324 8.845238 18.181818
 11.337043 7.1341853 3.5599005 0.49899188 0.629281 4.213391 17.857143
 8.811714 6.7520385 6.041286 0.89473516 0.7662571 11.239405 11.363636
 86.80338 60.322384 54.64279 0.90584606 0.69493127 9.361862 13.636364
 11.352603 9.7816725 8.4367075 0.8625015 0.86162376 9.348923 9.090909
 30.320248 22.425488 19.968414 0.8904339 0.73962086 8.426994 18.181818
 35.20511 29.203218 10.931115 0.374312 0.8295165 4.2805066 13.636364
 19.19975 10.234598 7.8939276 0.7712983 0.53305894 7.429655 18.181818
 90.33881 71.7292 66.58429 0.9282732 0.794002 8.664077 13.75
 10.430453 9.147496 8.199502 0.89636576 0.8769989 9.724434 12.5
 83.01384 50.94509 45.62073 0.89548826 0.6136939 9.289112 12.5
 17.788893 14.340592 10.197738 0.71110994 0.80615425 7.958667 14.772727
 13.035373 8.925545 8.218523 0.92078674 0.68471724 8.96028 17.045454
 57.54496 58.591904 55.281784 0.9435055 1.0181935 9.316553 1.1363636
 16.963394 9.303553 7.9547777 0.85502577 0.54844874 9.539367 18.181818
 99.351715 62.755497 57.214718 0.9117084 0.63164985 9.451945 15.909091
 7.790427 4.7285056 4.2482514 0.8984343 0.6069636 8.971779 13.636364
 26.11158 27.42234 25.84658 0.94253737 1.0501984 10.0715885 3.409091
 98.33224 72.08697 66.15014 0.9176436 0.73309594 9.633941 15.909091
 8.041911 6.53412 5.919261 0.9059002 0.8125084 10.180983 12.5
 100.30629 88.09817 79.5229 0.9026624 0.87829155 5.121082 12.5
 12.551755 10.652579 9.696553 0.91025406 0.8486924 9.5768385 13.636364
 19.909199 17.224234 15.536558 0.90201735 0.8651395 8.979903 12.5
 71.88905 53.689365 49.851543 0.92851806 0.7468364 9.870609 13.636364
 21.800045 6.9641333 5.2324657 0.75134486 0.319455 9.223068 17.045454
 12.165692 11.036906 10.140277 0.91876084 0.9072156 9.895616 12.5
 95.62722 61.638344 56.700558 0.919891 0.644569 9.67195 17.045454
 14.515276 10.8027315 9.958507 0.9218508 0.74423194 9.439398 13.636364
 74.17027 50.795967 45.843197 0.90249676 0.6848561 9.403189 14.772727
 14.163727 9.174669 7.684066 0.8375305 0.6477581 7.3504252 13.636364
 41.140224 34.18009 29.84121 0.8730582 0.83081925 9.084436 13.636364
 40.8567 38.867107 36.807262 0.9470029 0.95130306 9.733988 14.772727
 12.493885 9.150873 7.1670427 0.7832086 0.73242813 8.185868 15.476191
 13.793423 11.002646 9.659409 0.8779169 0.79767334 9.216759 14.772727
 4.817843 1.6785477 0.6365159 0.37920633 0.34840235 3.0529807 18.75
 85.14919 57.693703 52.747677 0.914271 0.6775602 9.541179 15.909091
 49.88893 50.440697 47.43312 0.940374 1.0110599 8.584805 11.25
 2.8194175 1.0970973 0.24184717 0.22044279 0.38912198 2.4669497 17.045454
 30.592493 22.880367 20.646961 0.9023877 0.7479079 9.233639 11.363636
 82.57956 63.19738 57.630234 0.9119086 0.76529086 9.535283 11.363636
 90.968 64.66554 60.098694 0.92937744 0.7108603 9.569401 14.772727
 16.954077 13.913071 11.1875925 0.8041066 0.8206328 9.055982 13.636364
 21.77255 9.483552 5.7988143 0.61146015 0.4355738 5.9674087 17.045454
 12.136206 10.509612 9.481126 0.9021384 0.86597186 10.716445 6.818182
 2.8517632 1.1138448 0.6324229 0.5677837 0.39058107 2.9817624 17.5
 82.15552 75.266106 66.31436 0.8810654 0.91614187 4.447512 1.9230769
 80.79154 55.019676 50.210575 0.9125931 0.6810078 9.37195 13.636364
 16.409916 12.516256 11.074338 0.88479626 0.7627252 6.8658953 17.045454
 19.159037 15.405992 12.705702 0.8247247 0.804111 9.37762 13.636364
 14.842617 11.827472 10.284854 0.8695733 0.7968589 6.9743624 11.764706
 85.05822 68.104805 63.45488 0.9317241 0.8006846 9.609695 14.772727
 14.226724 12.8677635 11.689833 0.9084588 0.9044783 9.734403 7.9545455
 15.089161 15.200632 14.27826 0.9393202 1.0073875 9.766141 11.363636
 30.840548 24.008959 21.552895 0.89770216 0.7784868 11.368022 12.5
 16.55599 11.015638 9.479803 0.8605768 0.66535664 5.1989803 10.714286
 98.65752 78.99394 73.524284 0.9307585 0.80068856 9.571012 15.909091
 25.617376 13.869254 11.6507635 0.84004253 0.54140025 9.413672 13.636364
 18.025154 16.708572 15.445507 0.9244062 0.9269586 9.782573 7.9545455
 59.73789 30.044744 24.871302 0.8278088 0.50294286 6.2012177 16.17647
 65.54166 59.801327 55.216167 0.9233268 0.91241705 9.670597 6.818182
 19.380781 11.039255 8.661311 0.784592 0.5695981 7.4833813 15.909091
 15.680381 14.318304 13.260961 0.92615443 0.91313493 9.872947 13.636364
 9.482412 5.9899864 4.859256 0.8112298 0.6316944 8.911467 13.636364
 89.18431 63.861008 58.27976 0.9126032 0.7160565 9.503197 13.636364
 47.49958 26.9688 23.417496 0.868318 0.5677692 7.917156 13.75
 6.7608123 2.9818747 1.742807 0.5844669 0.44105273 6.1623087 14.772727
 14.164582 13.469521 12.644576 0.93875474 0.95092964 9.855296 10.227273
 8.230478 4.4990826 3.6786041 0.8176343 0.5466368 5.8457036 11.363636
 11.784174 7.325681 5.7356377 0.7829494 0.6216542 8.005233 17.045454
 107.4891 82.78254 76.681496 0.9263004 0.7701482 9.67033 13.636364
 8.307057 7.7520766 6.835884 0.8818133 0.9331916 9.040248 11.363636
 92.78428 94.07886 86.97502 0.9244907 1.0139526 9.139153 2.3809524
 106.999146 91.55381 82.224365 0.89809877 0.85564995 5.545494 13.333333
 14.825109 13.6329775 12.438901 0.91241264 0.919587 8.430153 4.5454545
 89.04666 50.508762 44.904984 0.8890533 0.5672168 9.040393 18.181818
 11.615054 8.678899 7.6792274 0.8848158 0.7472113 9.115323 14.772727
 8.556998 6.0472827 4.9977064 0.82643837 0.7067061 9.960947 14.772727
 70.17206 49.96045 46.425247 0.92924 0.71197075 9.494267 17.045454
 13.5204115 9.909597 8.186629 0.8261314 0.7329361 4.0979695 14.0625
 31.867125 11.100507 3.083259 0.27775842 0.34833726 3.0607226 11.25
 62.48621 48.97822 43.653893 0.8912919 0.7838245 5.8247085 13.333333
 65.54167 64.06998 57.222633 0.89312714 0.9775457 5.855614 8.333333
 87.85061 64.951706 58.92175 0.9071624 0.73934275 7.008744 16.666666
 39.49444 19.86396 15.226923 0.76656026 0.5029559 4.0008736 8.333333
 17.675383 11.858134 10.911479 0.9201683 0.6708842 6.1736965 14.0625
 102.57604 81.56505 73.02975 0.89535594 0.7951667 6.2088227 12.5
 104.18199 70.00218 62.15769 0.8879393 0.6719221 6.1900444 15.625
 29.406368 16.32897 13.791523 0.84460455 0.5552869 5.3691683 15.625
 13.7957535 6.0379224 4.216879 0.698399 0.43766528 4.1531196 14.583333
 21.320034 8.258252 3.7680793 0.45628047 0.38734707 4.3450212 17.1875
 34.260323 22.768362 19.594809 0.8606156 0.66456944 5.9959707 14.0625
 101.56882 70.074196 62.419754 0.8907666 0.6899184 6.2836404 12.5
 92.904655 70.6445 62.057793 0.8784518 0.7603979 5.676378 13.333333
 23.552902 23.627796 21.978779 0.9302086 1.0031798 4.4482365 11.666667
 35.05612 13.316671 5.4197726 0.40699154 0.3798672 2.0665681 11.666667
 19.367395 18.248861 16.570662 0.9080381 0.94224656 5.6532707 5.0
 12.368428 10.326314 8.693997 0.8419265 0.834893 4.875112 7.142857
 81.26743 47.200325 39.69029 0.84089017 0.58080244 4.739705 14.285714
 12.379496 3.9235406 2.7920308 0.71161 0.31693867 4.9724846 10.714286
 82.46221 48.93639 40.744072 0.83259255 0.5934402 4.7388396 14.285714
 34.20962 33.007637 28.871098 0.8746793 0.96486413 4.2369556 9.615385
 19.951427 15.463322 13.704493 0.88625795 0.77504843 4.4320173 11.538462
 101.651924 76.97058 65.43567 0.85013866 0.75719744 4.2667046 13.461538
 74.50681 49.37129 40.895256 0.8283206 0.6626412 4.005823 13.461538
 92.20642 65.911736 55.906204 0.848198 0.7148281 4.251146 13.461538
 17.5414 7.3108225 5.3742695 0.7351115 0.41677532 3.5741677 14.583333
 51.28979 23.959185 18.327673 0.764954 0.46713358 3.3652513 10.416667
 27.080475 6.832381 3.3558242 0.4911647 0.25229916 1.8466583 12.5
 5.6424084 4.3708253 3.7725282 0.8631158 0.77463824 3.3997605 12.5
 12.86267 9.383732 7.9861417 0.8510624 0.72953224 3.689229 10.416667
 92.70702 67.03761 56.95602 0.8496129 0.7231126 3.585344 8.333333
 81.31918 47.699097 39.646576 0.8311809 0.5865663 3.6726744 8.333333
 93.36967 71.35488 61.93007 0.86791635 0.7642191 3.4348707 12.5
 1.0 38.7879 28.943169 25.880112 0.8941699 0.74619067 234.82315 13.031858 219.0
